/*--------------------------------*- C++ -*----------------------------------*\
| =========                 |                                                 |
| \\      /  F ield         | OpenFOAM: The Open Source CFD Toolbox           |
|  \\    /   O peration     | Version:  2506                                  |
|   \\  /    A nd           | Website:  www.openfoam.com                      |
|    \\/     M anipulation  |                                                 |
\*---------------------------------------------------------------------------*/
FoamFile
{
    version     2.0;
    format      ascii;
    arch        "LSB;label=32;scalar=64";
    class       labelList;
    location    "constant/polyMesh";
    object      cellProcAddressing;
}
// * * * * * * * * * * * * * * * * * * * * * * * * * * * * * * * * * * * * * //


3927
(
3
17
18
19
20
27
50
124
130
135
138
147
166
187
310
311
332
367
377
412
429
432
451
453
472
478
487
497
522
537
538
584
585
603
607
617
619
620
632
634
638
667
669
681
738
743
747
756
767
768
776
797
803
808
833
836
839
862
864
883
891
892
895
896
897
898
899
900
908
913
918
925
932
939
947
953
965
971
983
1005
1009
1012
1015
1018
1055
1056
1070
1078
1080
1088
1093
1129
1165
1178
1181
1185
1194
1196
1207
1227
1237
1248
1253
1270
1275
1281
1287
1292
1297
1306
1310
1319
1330
1335
1338
1341
1342
1351
1360
1373
1382
1384
1386
1422
1427
1433
1449
1454
1455
1458
1463
1497
1507
1513
1527
1548
1554
1571
1572
1574
1593
1603
1615
1622
1623
1624
1626
1628
1633
1634
1636
1637
1640
1641
1661
1686
1724
1725
1731
1740
1741
1743
1751
1752
1753
1766
1795
1796
1797
1798
1799
1800
1803
1821
1854
1878
1886
1889
1893
1896
1897
1898
1900
1901
1904
1905
1907
1908
1911
1913
1915
1917
1918
1919
1920
1921
1928
1929
1931
1933
1934
1937
1939
1942
1945
1947
1948
1949
1969
1970
1971
1973
1974
1976
1978
1982
1983
1985
1990
1997
1998
2001
2009
2038
2051
2068
2073
2081
2122
2186
2187
2194
2201
2207
2229
2237
2264
2282
2284
2287
2292
2411
2433
2454
2553
2570
2583
2641
2662
2665
2825
2839
2843
2852
2855
2859
2868
2895
2896
2908
2916
2922
2926
2940
2943
2945
2953
2962
2965
2968
2972
2996
3014
3031
3034
3131
3137
3180
3368
3384
3393
3425
3455
3471
3493
3509
3512
3532
3552
3557
3560
3565
3575
3587
3596
3597
3619
3622
3636
3655
3661
3672
3673
3674
3701
3703
3708
3711
3714
3720
3729
3733
3734
3744
3748
3754
3766
3770
3771
3783
3786
3788
3794
3803
3804
3807
3808
3810
3812
3813
3814
3817
3831
3832
3834
3838
3841
3844
3845
3847
3848
3850
3854
3863
3866
3867
3869
3871
3873
3879
3880
3881
3883
3884
3885
3886
3888
3892
3895
3902
3908
3912
3915
3916
3917
3928
3930
3953
3957
3958
3959
3961
3963
3965
3967
3968
3973
3976
3987
3988
3990
3993
3995
3997
4011
4012
4017
4019
4020
4036
4038
4042
4049
4056
4059
4081
4123
4140
4144
4145
4162
4163
4166
4175
4186
4189
4191
4207
4211
4214
4216
4224
4235
4236
4238
4239
4244
4256
4274
4275
4280
4287
4307
4311
4322
4333
4384
4398
4413
4421
4445
4497
4513
4514
4526
4575
4595
4599
4674
4729
4765
4766
4875
4979
5098
5125
5129
5225
5246
5280
5284
5290
5291
5292
5293
5307
5309
5313
5317
5333
5348
5409
5410
5413
5416
5420
5424
5442
5444
5445
5446
5484
5497
5498
5499
5527
5582
5616
5617
5618
5625
5626
5633
5644
5649
5701
5734
5739
5834
5835
5836
5844
5867
5869
5878
5900
5960
5973
5978
5984
5986
6002
6006
6011
6022
6172
6196
6263
6264
6273
6371
6390
6391
6402
6457
6458
6462
6469
6471
6474
6486
6487
6489
6492
6508
6600
6606
6623
6664
6667
6692
6694
6705
6706
6708
6713
6715
6717
6718
6719
6726
6731
6735
6739
6749
6792
6814
6818
6819
6821
6822
6823
6825
6826
6830
6834
6836
6837
6839
6840
6841
6843
6844
6853
6856
6857
6858
6864
6870
6871
6875
6880
6893
6903
6919
6926
6928
6930
6931
6941
6943
6946
6948
6951
6960
6964
6969
6978
6985
6987
6994
7038
7047
7048
7050
7051
7067
7083
7085
7093
7095
7096
7099
7108
7111
7115
7123
7128
7131
7133
7134
7136
7139
7149
7150
7152
7154
7157
7158
7167
7174
7177
7187
7188
7192
7193
7197
7202
7205
7211
7214
7216
7223
7226
7239
7253
7254
7258
7259
7266
7269
7280
7288
7296
7330
7334
7335
7337
7341
7365
7377
7381
7382
7417
7423
7431
7438
7439
7445
7450
7455
7460
7464
7468
7471
7478
7479
7481
7489
7498
7499
7511
7515
7516
7519
7524
7525
7530
7535
7537
7544
7570
7579
7588
7589
7591
7593
7597
7598
7599
7607
7614
7617
7621
7633
7635
7714
7739
7742
7744
7748
7758
7767
7768
7777
7778
7787
7800
7805
7810
7811
7813
7815
7817
7818
7820
7821
7836
7838
7845
7852
7856
7858
7868
7873
7895
7896
7898
7906
7907
7913
7929
7940
7960
7961
7962
7963
7977
7996
8012
8024
8033
8129
8145
8146
8158
8165
8168
8172
8173
8180
8187
8192
8217
8220
8221
8222
8223
8224
8227
8245
8247
8249
8250
8251
8263
8265
8267
8268
8269
8278
8279
8280
8282
8284
8288
8294
8300
8301
8325
8327
8329
8378
8396
8400
8403
8404
8409
8414
8425
8426
8443
8467
8468
8474
8476
8489
8490
8494
8519
8522
8523
8525
8526
8529
8531
8537
8578
8585
8587
8596
8604
8605
8606
8621
8623
8624
8625
8633
8635
8644
8646
8651
8692
8698
8703
8709
8748
8750
8785
8787
8897
8910
9063
9082
9083
9095
9103
9104
9116
9117
9121
9122
9123
9128
9131
9141
9153
9162
9166
9218
9229
9230
9232
9242
9253
9255
9257
9262
9267
9273
9297
9298
9300
9302
9312
9317
9318
9319
9332
9333
9336
9354
9355
9356
9360
9361
9365
9376
9379
9382
9386
9387
9398
9399
9403
9420
9430
9431
9445
9452
9454
9455
9458
9461
9469
9491
9492
9527
9546
9547
9569
9575
9594
9663
9680
9779
9826
9845
9864
9880
9948
9995
10097
10175
10187
10205
10209
10320
10327
10338
10339
10376
10387
10393
10544
10582
10675
10677
10697
10709
10710
10730
10738
10748
10796
10799
10800
10826
10837
10844
10861
10881
10882
10884
10885
10895
10900
10913
10942
10953
10954
10965
10967
10976
10985
10986
10992
10994
10997
11014
11015
11016
11017
11020
11036
11065
11079
11081
11085
11088
11099
11105
11120
11132
11134
11136
11138
11143
11144
11146
11147
11150
11151
11155
11161
11167
11171
11178
11180
11189
11195
11196
11197
11198
11202
11203
11205
11206
11213
11214
11217
11221
11222
11223
11226
11227
11232
11233
11234
11235
11240
11241
11250
11251
11257
11262
11263
11264
11265
11266
11268
11271
11275
11276
11277
11278
11279
11280
11282
11283
11301
11302
11305
11312
11316
11317
11318
11322
11331
11333
11340
11341
11343
11346
11348
11352
11355
11360
11361
11362
11364
11365
11366
11367
11372
11373
11375
11376
11377
11379
11381
11383
11384
11386
11387
11389
11391
11392
11400
11411
11413
11416
11417
11418
11422
11424
11427
11429
11431
11432
11439
11441
11444
11445
11446
11448
11450
11451
11452
11453
11454
11455
11458
11459
11460
11463
11464
11470
11471
11473
11480
11484
11497
11518
11521
11522
11567
11571
11578
11587
11588
11593
11594
11595
11604
11605
11606
11607
11624
11628
11656
11658
11663
11664
11669
11671
11672
11680
11681
11700
11702
11706
11710
11717
11721
11764
11773
11785
11815
11822
11912
11931
11963
12013
12034
12049
12077
12096
12110
12112
12115
12126
12128
12129
12139
12203
12219
12256
12264
12299
12300
12332
12340
12386
12388
12419
12422
12438
12447
12491
12509
12534
12562
12587
12613
12669
12681
12692
12740
12755
12771
12773
12777
12783
12784
12785
12788
12789
12790
12792
12794
12805
12876
12883
12886
12887
12890
12894
12909
12916
12955
12957
12958
12960
12964
13049
13050
13054
13055
13066
13068
13075
13080
13084
13087
13090
13091
13099
13102
13108
13111
13116
13159
13172
13176
13180
13189
13193
13196
13199
13202
13204
13206
13208
13213
13215
13221
13226
13234
13235
13236
13248
13252
13253
13256
13258
13263
13264
13347
13361
13362
13372
13380
13420
13427
13435
13437
13441
13444
13447
13474
13475
13481
13482
13487
13489
13531
13622
13624
13687
13757
13763
13784
13787
13795
13803
13804
13805
13807
13820
13856
13865
13873
13876
13879
13884
13904
13906
13907
13912
13933
13935
13945
13946
13947
13948
13950
13953
13959
13963
13966
13969
13974
13975
13976
13982
13984
13987
13989
14002
14034
14163
14170
14203
14206
14207
14210
14290
14297
14307
14308
14309
14312
14345
14347
14348
14349
14354
14357
14360
14418
14571
14638
14741
14790
14791
14798
14799
14801
14809
14810
14816
14819
14821
14826
14862
14879
14887
14888
14904
14975
14988
15000
15028
15045
15049
15067
15108
15131
15136
15155
15157
15179
15214
15215
15219
15229
15230
15236
15244
15267
15346
15405
15407
15413
15414
15422
15440
15476
15477
15495
15508
15510
15534
15537
15540
15557
15563
15564
15604
15648
15673
15677
15715
15732
15735
15736
15739
15740
15770
15771
15773
15785
15812
15813
15814
15824
15843
15858
15888
15897
15901
15902
15903
15910
15911
15935
15936
15937
15940
15943
15944
15950
15986
15996
15998
16015
16038
16041
16048
16049
16051
16058
16059
16108
16117
16155
16180
16210
16231
16238
16272
16280
16293
16294
16309
16415
16418
16419
16426
16449
16450
16454
16459
16569
16583
16588
16594
16596
16598
16599
16622
16626
16651
16660
16662
16663
16667
16671
16672
16673
16679
16681
16711
16795
16798
16800
16802
16803
16804
16805
16806
16809
16812
16813
16816
16817
16819
16822
16825
16826
16827
16829
16830
16831
16832
16837
16844
16852
16853
16855
16857
16870
16890
16892
16999
17206
17239
17281
17282
17284
17346
17430
17443
17479
17484
17492
17635
17650
17654
17656
17674
17693
17715
17819
17821
17826
17907
17909
17917
17925
17928
17966
18107
18114
18151
18174
18200
18285
18291
18295
18298
18342
18355
18359
18387
18399
18401
18426
18447
18451
18479
18498
18499
18514
18532
18545
18547
18550
18553
18554
18555
18572
18581
18588
18591
18595
18596
18597
18598
18602
18603
18607
18609
18613
18616
18617
18619
18641
18650
18656
18657
18663
18666
18669
18671
18672
18673
18677
18680
18685
18688
18690
18691
18692
18694
18701
18703
18704
18705
18706
18708
18711
18714
18715
18717
18725
18726
18727
18729
18735
18738
18739
18740
18741
18742
18743
18746
18751
18754
18756
18757
18759
18761
18765
18767
18768
18772
18774
18775
18777
18781
18783
18784
18786
18788
18790
18791
18792
18793
18796
18797
18802
18805
18807
18810
18818
18819
18820
18821
18826
18840
18841
18845
18847
18848
18849
18854
18856
18857
18859
18860
18861
18863
18866
18868
18869
18873
18874
18878
18885
18887
18889
18892
18893
18894
18899
18901
18902
18903
18904
18906
18907
18908
18911
18933
18936
18941
18942
18946
18952
18954
18955
18957
18958
18967
18972
18996
19022
19054
19056
19076
19077
19085
19096
19098
19115
19116
19122
19124
19125
19126
19136
19137
19141
19144
19145
19146
19171
19172
19173
19174
19178
19182
19199
19207
19208
19216
19218
19220
19227
19234
19241
19242
19243
19244
19247
19249
19279
19280
19289
19293
19303
19318
19333
19340
19356
19359
19363
19395
19396
19438
19480
19490
19549
19559
19561
19562
19566
19578
19579
19589
19593
19599
19603
19605
19609
19610
19613
19620
19631
19633
19641
19642
19643
19645
19653
19694
19762
19816
19940
19943
19979
20198
20200
20201
20203
20206
20212
20216
20219
20226
20229
20232
20236
20297
20315
20316
20319
20320
20323
20328
20331
20332
20333
20350
20395
20399
20400
20405
20427
20458
20459
20486
20488
20492
20640
20676
20677
20678
20682
20684
20691
20692
20712
20718
20721
20723
20724
20727
20730
20733
20734
20781
20790
20942
20951
20961
21064
21094
21100
21129
21193
21195
21199
21203
21211
21228
21334
21344
21347
21352
21353
21358
21359
21363
21364
21368
21371
21374
21375
21376
21377
21378
21379
21381
21382
21389
21447
21527
21554
21621
21626
21637
21667
21685
21686
21689
21692
21695
21701
21705
21707
21708
21712
21810
21815
21851
21852
21855
21860
21863
21865
21866
21868
21870
21875
21877
21878
21880
21881
21882
21893
21906
21913
21920
21923
21924
21926
22032
22033
22094
22153
22184
22186
22188
22200
22208
22211
22232
22236
22237
22243
22250
22257
22268
22273
22291
22297
22319
22320
22372
22383
22385
22483
22486
22487
22494
22511
22514
22515
22542
22548
22550
22552
22564
22578
22601
22660
22665
22675
22724
22731
22776
22778
22781
22862
22867
22876
22886
22887
22891
22915
22917
22920
22935
22937
22943
22944
22948
22949
22959
22966
22967
22968
22984
22986
22989
22993
22999
23000
23006
23007
23020
23047
23054
23056
23059
23060
23069
23070
23072
23073
23074
23075
23076
23080
23090
23103
23122
23142
23144
23167
23168
23170
23176
23179
23196
23200
23206
23224
23225
23231
23233
23255
23258
23265
23266
23268
23269
23281
23288
23289
23300
23316
23317
23318
23320
23326
23327
23356
23366
23377
23379
23383
23405
23406
23415
23417
23428
23430
23431
23432
23433
23435
23436
23440
23441
23442
23445
23486
23487
23490
23497
23513
23514
23516
23518
23519
23523
23526
23528
23529
23546
23561
23562
23567
23569
23570
23572
23578
23581
23590
23594
23598
23601
23604
23613
23615
23616
23631
23637
23646
23679
23680
23691
23692
23696
23698
23701
23707
23708
23710
23711
23719
23737
23742
23747
23753
23781
23809
23810
23813
23816
23882
23915
23916
23920
23921
23924
23998
24055
24071
24074
24086
24087
24089
24090
24092
24093
24095
24106
24107
24110
24140
24231
24237
24238
24240
24247
24248
24250
24271
24272
24274
24279
24292
24293
24295
24296
24314
24315
24318
24319
24337
24339
24342
24343
24346
24348
24349
24350
24376
24378
24396
24399
24405
24430
24436
24446
24506
24538
24545
24647
24658
24687
24690
24767
24782
24783
24801
24802
24811
24815
24820
24822
24826
24827
24829
24856
24864
24876
24894
24896
24897
24899
24908
24978
24982
24983
24991
24994
24996
24999
25001
25005
25006
25008
25170
25206
25227
25236
25238
25251
25254
25257
25260
25261
25262
25286
25296
25298
25301
25313
25314
25323
25325
25369
25510
25519
25570
25658
25709
25711
25777
25786
25806
25833
25843
25847
25849
25875
25879
25881
25882
25884
25885
25905
25910
25917
25937
25946
25952
25960
25963
25964
25992
25998
26003
26012
26013
26018
26019
26020
26021
26022
26023
26024
26028
26029
26030
26031
26034
26035
26036
26037
26039
26041
26044
26046
26050
26054
26058
26061
26064
26079
26080
26083
26084
26085
26089
26092
26097
26102
26104
26107
26108
26110
26112
26116
26119
26120
26121
26124
26130
26131
26132
26134
26136
26138
26139
26140
26142
26143
26145
26146
26147
26149
26150
26152
26153
26154
26156
26157
26163
26164
26182
26183
26187
26188
26189
26191
26200
26202
26203
26206
26207
26208
26210
26211
26214
26215
26216
26217
26218
26219
26222
26223
26230
26231
26232
26233
26234
26235
26236
26237
26238
26239
26240
26241
26243
26244
26246
26247
26248
26249
26250
26251
26252
26253
26258
26264
26280
26281
26285
26297
26298
26304
26305
26306
26307
26309
26312
26315
26320
26321
26322
26324
26325
26326
26327
26329
26332
26333
26336
26354
26374
26378
26379
26381
26383
26384
26389
26398
26404
26442
26471
26477
26521
26525
26534
26535
26536
26548
26551
26557
26567
26568
26573
26589
26612
26615
26616
26618
26664
26780
26800
26802
26832
26980
26998
27022
27037
27043
27050
27194
27226
27322
27658
27660
27661
27663
27668
27670
27671
27676
27677
27678
27679
27680
27682
27683
27684
27685
27686
27688
27785
27789
27793
27798
27799
27800
27801
27803
27805
27806
27807
27814
27815
27820
27821
27824
27850
27852
27854
27855
27859
27904
27941
27943
27946
27950
27952
28081
28105
28122
28131
28204
28210
28265
28271
28274
28278
28279
28281
28282
28359
28449
28539
28571
28607
28617
28623
28627
28634
28635
28639
28643
28645
28646
28649
28650
28653
28657
28658
28680
28716
28767
28768
28771
28773
28777
28778
28780
28781
28783
28787
28788
28789
28790
28791
28792
28793
28802
28817
28833
28836
28861
28870
28891
28909
28913
28916
28917
28919
28921
28928
28931
28936
28937
28940
28950
28962
28964
28967
28968
28972
28976
28977
28988
29008
29012
29023
29027
29031
29032
29034
29038
29041
29042
29044
29045
29047
29048
29062
29070
29089
29100
29105
29107
29125
29126
29161
29163
29165
29192
29194
29198
29200
29203
29208
29226
29227
29230
29237
29241
29242
29244
29249
29250
29264
29269
29270
29271
29274
29281
29282
29284
29299
29303
29304
29308
29309
29329
29331
29334
29339
29340
29341
29349
29350
29352
29353
29356
29359
29373
29375
29380
29409
29410
29415
29417
29418
29437
29441
29442
29443
29444
29445
29488
29491
29493
29509
29517
29532
29549
29551
29552
29555
29556
29572
29582
29583
29584
29585
29586
29588
29597
29607
29611
29618
29620
29626
29627
29628
29629
29630
29641
29644
29651
29656
29657
29658
29660
29661
29663
29681
29701
29702
29704
29715
29733
29742
29745
29747
29768
29772
29778
29779
29783
29791
29805
29809
29815
29823
29828
29831
29893
29896
29907
29912
29927
29928
29936
29946
29948
29953
29955
29980
29991
29993
29995
29996
29999
30000
30001
30029
30046
30053
30054
30077
30079
30080
30089
30106
30155
30196
30232
30235
30261
30262
30281
30288
30312
30399
30443
30444
30448
30449
30450
30451
30452
30453
30480
30487
30490
30492
30493
30504
30520
30522
30526
30544
30545
30549
30566
30568
30569
30570
30572
30579
30580
30606
30607
30609
30635
30637
30638
30649
30670
30671
30685
30686
30687
30688
30689
30699
30721
30724
30725
30727
30728
30730
30794
30842
30845
30854
30872
30900
30905
30908
30909
30910
30986
31017
31029
31030
31031
31037
31069
31122
31141
31142
31146
31219
31225
31235
31236
31238
31239
31304
31319
31326
31350
31408
31410
31412
31415
31417
31423
31425
31426
31444
31445
31447
31450
31467
31545
31568
31575
31576
31582
31583
31590
31596
31597
31600
31609
31610
31627
31632
31641
31643
31645
31646
31648
31656
31728
31736
31737
31742
32131
32250
32325
32327
32330
32437
32828
33012
33020
33046
33049
33050
33124
33142
33145
33149
33152
33154
33178
33185
33187
33204
33207
33211
33218
33221
33223
33240
33241
33253
33257
33258
33259
33262
33263
33264
33269
33275
33278
33282
33283
33290
33306
33308
33317
33318
33320
33322
33324
33326
33327
33328
33334
33335
33336
33337
33339
33340
33341
33342
33343
33344
33345
33349
33350
33351
33353
33354
33355
33358
33359
33360
33362
33365
33368
33369
33372
33373
33374
33375
33376
33377
33378
33379
33381
33382
33383
33384
33386
33387
33399
33403
33404
33405
33411
33412
33414
33417
33418
33421
33422
33423
33425
33428
33440
33441
33442
33445
33446
33447
33449
33450
33452
33454
33455
33456
33458
33460
33464
33465
33467
33470
33471
33473
33475
33479
33481
33482
33486
33500
33501
33505
33517
33519
33520
33526
33527
33528
33529
33530
33531
33533
33541
33542
33543
33545
33552
33553
33555
33556
33557
33558
33560
33564
33566
33567
33569
33571
33573
33574
33576
33579
33580
33600
33602
33603
33611
33613
33627
33632
33633
33634
33635
33640
33642
33643
33645
33646
33690
33701
33705
33723
33725
33726
33747
33778
33789
33806
33809
33813
33822
33832
33833
33834
33838
33850
33853
33855
33965
34041
34208
34209
34305
34313
34426
34486
34514
34527
34560
34574
34576
34578
34598
34633
34635
34708
34809
34810
34811
34813
34815
34817
34819
34820
34831
34833
34835
34837
34839
34841
34845
34848
34934
34935
34938
34942
34943
34945
34948
34949
34950
34951
34954
34955
34957
34967
34970
34971
34973
34975
34976
34977
34978
34980
34986
35003
35010
35091
35099
35100
35102
35103
35116
35119
35154
35254
35257
35258
35315
35343
35352
35400
35452
35472
35495
35499
35501
35518
35542
35550
35558
35565
35567
35573
35591
35682
35683
35696
35700
35708
35711
35738
35808
35809
35824
35825
35850
35857
35859
35860
35862
35867
35883
35907
35958
35964
35967
35971
35972
35973
35974
35976
35977
35980
35981
35982
35983
35984
35985
35987
35990
35991
35992
35993
35994
35995
35996
35997
35998
35999
36003
36005
36008
36010
36014
36021
36094
36102
36204
36235
36291
36317
36318
36322
36324
36424
36425
36433
36434
36440
36442
36443
36445
36464
36465
36480
36668
36681
36682
36817
36818
36838
36846
36853
36854
36863
36865
36882
36883
36884
36886
36890
36891
36892
36894
36913
36926
36932
36943
36946
37034
37037
37045
37167
37170
37171
37182
37199
37203
37205
37245
37250
37252
37323
37324
37360
37363
37406
37445
37470
37507
37510
37515
37561
37577
37579
37580
37665
37688
37690
37691
37693
37695
37696
37698
37701
37703
37704
37705
37706
37707
37708
37710
37750
37751
37753
37777
37778
37783
37785
37795
37796
37797
37799
37801
37803
37805
37821
37825
37830
37846
37857
37884
37885
37886
37891
37907
37938
37940
37949
37950
37951
37961
37985
38029
38069
38070
38071
38073
38081
38089
38104
38105
38124
38127
38128
38144
38167
38174
38176
38182
38193
38194
38195
38199
38200
38201
38205
38233
38238
38244
38246
38247
38252
38253
38254
38257
38259
38376
38551
38560
38561
38562
38567
38678
38700
38735
38741
38745
38843
38844
38845
38847
38848
38851
38854
38861
38862
38875
38882
38889
38896
38907
38944
38969
38992
38994
38995
38996
38998
38999
39000
39075
39112
39117
39126
39137
39148
39150
39155
39179
39181
39184
39187
39189
39193
39203
39247
39255
39306
39312
39326
39331
39336
39350
39396
39406
39411
39419
39437
39445
39452
39460
39461
39467
39570
39619
39659
39672
39715
39752
39769
39771
39779
39783
39785
39791
39796
39797
39809
39810
39811
39813
39885
39894
39904
39922
39957
39967
39973
39980
39994
40001
40005
40022
40048
40061
40068
40086
40096
40106
40107
40126
40129
40132
40148
40188
40190
40224
40278
40297
40376
40380
40428
40429
40435
40436
40437
40456
40457
40458
40459
40477
40479
40481
40482
40489
40490
40491
40525
40528
40554
40563
40564
40579
40580
40581
40582
40583
40584
40586
40587
40588
40590
40591
40592
40593
40594
40595
40597
40601
40603
40606
40607
40609
40630
40635
40636
40638
40641
40644
40649
40650
40651
40653
40655
40656
40657
40658
40667
40668
40669
40672
40674
40676
40677
40678
40679
40680
40681
40682
40685
40691
40693
40694
40695
40696
40699
40700
40702
40706
40707
40710
40713
40723
40725
40727
40729
40730
40736
40737
40739
40740
40747
40748
40749
40752
40753
40754
40755
40756
40757
40759
40760
40761
40762
40764
40767
40770
40772
40773
40774
40775
40777
40778
40779
40780
40781
40782
40784
40785
40787
40789
40790
40793
40794
40800
40833
40834
40838
40839
40840
40844
40847
40848
40849
40851
40854
40855
40856
40859
40866
40869
40870
40871
40873
40875
40876
40880
40884
40886
40887
40888
40890
40891
40892
40898
40905
40918
40924
40925
40927
40928
40931
40932
40934
40935
40936
40986
40988
41013
41014
41026
41029
41041
41044
41055
41056
41075
41083
41099
41104
41112
41486
41487
41494
41582
41685
41817
41934
42003
42039
42041
42043
42048
42052
42074
42112
42122
42124
42155
42156
42158
42159
42160
42166
42168
42169
42170
42171
42191
42230
42244
42248
42249
42250
42254
42259
42272
42292
42317
42319
42353
42362
42386
42402
42403
42406
42407
42408
42411
42428
42429
42435
42444
42479
42481
42486
42516
42529
42534
42563
42627
42657
42660
42662
42736
42764
42771
42784
42785
42787
42845
42882
42883
42926
42946
43008
43028
43095
43097
43129
43136
43143
43163
43171
43245
43257
43258
43260
43261
43263
43264
43265
43268
43269
43274
43277
43278
43279
43281
43337
43358
43447
43507
43592
43593
43594
43595
43596
43597
43598
43599
43600
43741
43777
43781
43788
43805
43871
43886
44083
44142
44145
44146
44182
44189
44206
44349
44367
44373
44378
44502
44565
44632
44634
44661
44668
44669
44671
44691
44693
44739
44766
44772
44782
44808
44809
44837
44838
44839
44911
44912
44914
44915
44916
44950
44955
44980
44984
44998
44999
45000
45002
45012
45029
45057
45061
45062
45063
45064
45070
45099
45100
45105
45106
45108
45109
45114
45116
45122
45123
45125
45139
45143
45146
45147
45149
45162
45163
45166
45175
45242
45253
45267
45268
45269
45285
45327
45328
45329
45330
45331
45340
45343
45356
45379
45471
45502
45511
45532
45535
45536
45545
45547
45564
45593
45596
45652
45657
45682
45720
45755
45781
45839
45884
45898
45901
45910
45911
45912
45914
45915
45929
45939
45940
45942
45946
45949
45950
45951
45974
46051
46052
46056
46058
46075
46084
46088
46095
46098
46100
46102
46104
46106
46108
46117
46119
46120
46121
46122
46134
46135
46136
46138
46146
46164
46196
46199
46216
46234
46359
46469
46502
46548
46593
46596
46601
46606
46655
46656
46662
46698
46739
46760
46831
46879
46892
46896
46911
46915
46942
47021
47038
47055
47096
47100
47121
47133
47135
47151
47163
47166
47345
47402
)


// ************************************************************************* //
