/*--------------------------------*- C++ -*----------------------------------*\
| =========                 |                                                 |
| \\      /  F ield         | OpenFOAM: The Open Source CFD Toolbox           |
|  \\    /   O peration     | Version:  2506                                  |
|   \\  /    A nd           | Website:  www.openfoam.com                      |
|    \\/     M anipulation  |                                                 |
\*---------------------------------------------------------------------------*/
FoamFile
{
    version     2.0;
    format      ascii;
    arch        "LSB;label=32;scalar=64";
    class       surfaceScalarField;
    location    "0.00481384";
    object      phi;
}
// * * * * * * * * * * * * * * * * * * * * * * * * * * * * * * * * * * * * * //

dimensions      [0 3 -1 0 0 0 0];

oriented        oriented;

internalField   nonuniform List<scalar> 
7240
(
0.0194412
-0.037851
0.0426718
-0.0242621
0.0193332
0.00912859
-0.0250411
-0.00342069
0.0325887
-0.0252731
0.0120176
0.00489694
-0.0415843
-0.0323182
-0.0401364
-0.00374835
-0.0393983
0.0120003
-0.0560527
-0.05423
-0.00155117
0.055126
0.000655197
0.0511848
0.0622952
-0.0751544
-0.0383256
-0.0321903
0.0498913
-0.0570992
0.0305221
-0.0626481
-6.44158e-05
0.0596474
-0.0570288
-0.0322578
0.0296392
-0.131359
0.0355028
0.0276219
0.0682347
0.0144243
-0.0635721
0.0407555
0.00839228
0.0590185
0.00775476
-0.052349
-0.0692131
0.044057
0.0618411
-0.036685
-0.0455879
0.0710317
0.0379343
-0.063378
-0.03845
0.0870914
-0.0450836
-0.00355774
-0.054457
0.0250527
0.00792671
0.0214776
-0.0123803
0.0258669
0.0358778
-0.0493644
0.0416606
-0.0799804
-0.0253155
0.0636353
0.0503679
-0.037047
-0.070481
0.0571601
-0.0181905
0.0467912
-0.113068
0.0844671
0.0691965
0.0180577
-0.0315421
-0.0557121
-0.0601942
-0.0314885
0.00794162
0.0837411
0.0144344
0.00598229
-0.09837
0.0779533
-0.0716031
0.0155917
0.0822734
-0.026262
0.0183978
-0.0996619
0.0773244
0.00393966
-0.0265006
0.063521
-0.0559009
0.0188805
-0.0758281
0.00618823
0.0696398
-0.0356526
-0.0022502
0.0294966
0.0222802
-0.0641572
-0.072317
-0.0169083
0.00487074
0.0843546
0.0243662
0.162687
-0.0800497
-0.0484211
-0.034216
-0.0213388
0.119797
-0.0430197
-0.0554381
-0.0126397
-0.0390019
0.0595313
-0.00788973
-0.0566601
-0.015968
0.0599884
-0.0890958
0.104598
-0.0494331
0.0339306
-0.0584859
-0.00374127
-0.00778984
0.070017
0.133809
-0.0504732
-0.00350475
-0.0798314
-0.00147972
-0.0855915
0.00291283
-0.0494522
0.0356859
0.0497017
-0.0359354
0.073466
0.0396586
-0.0733999
-0.0397246
0.00282773
-0.0082356
-0.036317
0.0417249
-0.0185412
-0.0425551
0.0610962
-0.00420991
0.0309101
-0.0238725
0.00534348
0.0273017
-0.0408808
0.0929418
-0.0868218
0.00250522
-0.00862521
-0.0247437
0.103071
-0.0189981
-0.0593288
-0.138978
0.00182205
0.00208222
0.135074
0.0303952
0.0124576
-0.0397256
-0.00312712
0.039956
-0.0583985
0.0193909
-0.000948331
-0.0133681
-0.00181041
-0.0147652
0.0475183
0.00201925
-0.0347724
0.00661845
0.0991762
-0.0952948
-0.0104999
-0.053637
-0.000285284
0.0391572
-0.0521107
-0.00152633
0.1131
0.042448
-0.138194
-0.0173543
0.0181573
-0.11469
-0.0231837
0.119716
-0.0515287
0.0549339
-0.00340516
-0.011361
0.0775175
-0.0684282
0.0022718
-0.0624862
-0.000403581
-0.018133
0.0036162
0.0451039
-0.0305872
0.049868
0.0854243
-0.0367011
-0.0985913
-0.0129533
-0.0430306
-0.0694814
0.00124157
0.0642476
0.00399217
0.0367519
0.0392076
-0.0759595
0.0186638
-0.0590026
0.0273854
0.0649178
0.0546594
-0.0394111
-0.0801661
0.00880713
-0.0897315
0.0784955
0.00242897
0.0199973
0.0489512
-0.0502846
-0.0469556
-0.051575
-0.0147035
-0.0234571
0.0897356
-0.0523042
0.000729258
0.0134122
0.0194655
0.0148925
-0.0477702
-0.0367498
0.0400393
-0.0642877
0.0609982
0.00318053
-0.0483642
-0.0303908
0.0436554
0.0147761
0.0310357
-0.0894672
0.103717
-0.112775
0.0458097
0.0601912
-0.00674594
-0.0189667
-0.0344786
-0.089728
-0.00998034
0.0129699
0.00202747
-0.0515704
-0.0104189
0.0599619
0.0484128
0.0269646
-0.10761
0.0322322
0.0215248
-0.145285
0.0884121
0.0353483
0.00234729
-0.0604505
-0.00244201
0.053427
0.00185533
-0.109739
-0.0487736
0.0444762
0.0477792
-0.0434819
-0.0435292
0.0826161
-0.0390868
0.0503624
-0.0695728
0.0861365
-0.066926
0.0150887
-0.0456678
-0.0181945
0.0363549
-0.0348035
-0.00155144
0.0514436
0.130131
-0.121277
0.0377809
-0.0466355
0.00986162
-0.0482376
-0.00944284
0.0478188
0.0511604
0.00788408
-0.0524257
-0.00661881
0.0664212
-0.0352764
-0.0549072
0.0237625
0.0262839
-0.0959847
0.0915095
-0.0218087
-0.0111124
0.0497178
0.0129853
-0.0515908
0.0851697
-0.00607329
0.0522949
-0.131391
-0.0661846
0.062798
0.0716729
-0.0682862
-0.0794508
0.0798943
-0.000443494
0.0607551
-0.000977437
-0.0597776
-0.0161221
0.128939
0.00199232
-0.114809
0.00963496
-0.0306519
0.0344291
-0.0242262
-0.000988498
-0.056544
-0.0701958
0.0123539
0.0645107
-0.00666876
0.0576939
-0.0113358
-0.0266168
-0.0197413
0.0381897
-0.00584575
-0.03638
0.00403607
0.000172608
0.0683288
-8.96801e-05
-0.0684118
0.0077687
-0.0723615
0.0182159
0.046377
-0.0414167
-0.033969
0.0430466
0.0323391
0.0512326
-0.059219
0.0466439
-0.0386576
-0.0614883
-0.0118312
-0.00445235
-0.0268169
0.057667
0.07971
-0.11056
0.0321352
0.0455181
-0.0595128
-0.0181404
0.0133991
-0.0757629
-0.0210164
0.0833802
0.000258798
0.10224
0.00343876
0.0242
0.00699334
-0.00124802
0.0921499
-0.0909018
-0.0337869
-0.0852203
0.0268805
0.0921267
0.0210922
0.0617222
-0.0229131
-0.0599013
-0.0627152
-0.000718066
0.0210027
0.0424305
0.000974102
0.0601054
-0.0610795
-0.0403186
0.0429782
0.128137
-0.130797
0.00145063
0.0539276
-0.00176827
-0.05361
0.0467536
-0.0656998
0.05715
-0.0382038
0.032368
-0.0368023
0.0491189
-0.0446847
0.00293412
-0.0424119
0.0532157
-0.0564311
-0.0335869
0.101007
0.0171711
-0.0272228
-0.0909551
0.0283748
-0.0498482
-0.00356764
0.0281658
-0.0250641
-0.0903089
0.00389116
0.0186309
0.000177005
0.0519978
-0.0454252
0.0283858
0.0136188
-0.081339
0.0951976
-0.0138586
0.0476863
-0.0497586
0.0554993
-0.0353356
-0.00702748
-0.0448799
-0.0874674
0.00553692
0.0819304
0.0394417
0.0114779
-0.0957789
0.107564
0.00148691
-0.0132719
-0.00145306
-0.00125887
0.0893433
-0.0866314
-0.0381826
0.024011
0.0386577
-0.0244861
0.0496791
0.0214723
-0.0702161
-0.000935331
-0.122062
-0.0403359
0.0394294
0.122969
0.0496323
-0.0397707
-0.0312191
-0.0358077
-0.0322665
0.0992933
-0.0263345
-0.0859138
0.028233
0.0840153
-0.0276917
-0.0278181
0.0201741
-0.00696671
0.00641544
0.019004
-0.0733002
-0.079894
0.13419
0.0525999
-0.0556376
0.0452835
-0.0422458
0.0856579
-0.0860592
-0.0194364
0.0198377
0.0263243
0.0208094
-0.0618754
0.0147417
-0.131576
0.0748698
0.0180543
0.0386516
0.00486634
-0.0476618
0.0805581
-0.0377626
0.0387926
0.00818077
0.0264926
-0.00637704
0.0453929
0.0562892
-0.0953051
0.0618948
0.0168794
-0.0904286
0.0116544
-0.0174524
0.000193327
-0.050035
0.0672941
-0.0750969
0.0369903
0.0381065
0.0477264
-0.0547093
0.00698291
-0.0582147
0.0343904
0.0453604
-0.0215361
-0.0215596
-0.0133683
-0.00776501
0.0426929
-0.0559573
0.00199374
0.0324039
-0.00102338
0.0743218
0.00217226
-0.0547417
0.115695
-0.0091686
0.0293306
0.0649884
-0.0851505
-0.0134185
0.032413
0.0565283
-0.0395312
-0.0494102
0.0167742
0.152264
-0.17568
0.00664161
-0.0531307
-0.0435561
-0.0678539
0.164541
0.0496582
-0.0569204
0.00726216
-0.0708719
0.133453
-0.0739167
0.0322963
-0.0297609
0.0848068
-0.0033502
-0.0683017
-0.0131549
0.0709421
-0.0700264
0.0136928
-0.0146085
-0.00968058
0.0307099
-0.04128
0.0202507
0.0115426
-0.0366068
0.00145122
0.00069849
-0.0769723
-0.00362567
0.0584218
-0.0820572
0.0272611
0.0838948
0.0123118
0.000133875
-0.0963404
0.00681688
-0.00385486
-0.0708852
0.0679232
-0.110275
0.097009
-0.0867023
0.0999678
0.0472162
3.59813e-05
0.00026608
-0.134028
0.00388574
0.075401
0.0373404
-0.000288713
-0.0864173
0.0493656
-0.0386675
0.0485068
0.0469408
-0.05678
-0.06966
0.0858778
-0.145728
0.12951
-0.0110218
0.0111731
-0.0388188
0.0105384
-0.0418324
0.0331386
-0.0571426
0.0129822
0.023845
-0.00645878
-0.0246263
0.00724005
-0.00686033
0.0163852
0.0179896
-0.0313281
0.0371836
-0.109357
-0.0175453
0.0228523
0.10405
0.0538284
-0.0340052
0.0322585
-0.0520818
-0.015946
-0.0364014
0.102893
-0.00446662
-0.114548
-0.0236282
0.0557085
-0.0480263
0.0382651
-0.121092
0.0131075
0.0697199
0.00870563
0.0471721
-0.0840056
0.0927998
-0.0559662
-0.0975255
0.0955073
-0.00552305
0.00754129
0.0870874
0.00257493
-0.0183769
-0.0712855
-0.000978687
0.0513411
0.0234936
-0.129871
0.111031
-0.00465377
-0.0727086
-0.00223854
0.0749472
-0.0557523
0.00100371
0.0547486
-0.0524469
0.0587683
0.0798919
-0.0862134
-0.0688014
0.0482519
-0.0517675
-0.0722297
0.0673097
0.00808477
-0.00316476
0.0588645
-0.0509003
-0.0550365
0.0470722
-0.0303718
-0.0710226
0.110289
-0.00889421
0.0595308
-0.0859793
0.0644392
-0.0379906
-0.0833182
0.0182653
-0.00160067
0.0515625
-0.0670189
-0.0183306
0.0221037
0.101365
-0.0050972
-0.118372
-0.0512627
-0.0352847
-0.0672629
-0.0100783
0.0183386
0.0853711
0.00227283
-0.0876439
0.0576971
-0.00703258
0.0347065
-0.0167055
0.0425652
-0.0640422
0.0567789
-0.0721293
0.0650295
0.0830724
-0.0807995
0.0538787
0.00173688
0.00353985
-0.0591554
0.0572974
0.0594651
-0.0628838
0.027544
-0.0736479
0.0586652
-0.0125613
0.0136227
-0.0389286
-0.113024
0.0103654
0.0390868
-0.0119851
-0.0471583
0.00859642
-0.0596315
-0.00131386
0.0421428
-0.0159382
-0.027376
0.00876888
-0.0487
-0.00853447
0.0669597
-0.00972525
0.0102996
0.0803888
-0.0671948
-0.0352775
0.053359
-0.0578197
0.0397381
-0.0548538
0.0633664
-0.0787915
0.0702789
-0.0384011
-0.000600822
0.0125966
-0.0674504
0.00346966
-0.0433528
0.00460572
0.0355396
-0.0336339
0.0015639
-0.00286144
-0.00390188
-0.010386
0.045796
-0.00094238
-0.0344676
0.0386069
-0.047974
-0.00101893
0.0391926
-0.000585683
-0.0379263
-0.00625505
0.0167753
0.0274061
-0.0340384
-0.00370229
-0.000185588
-0.0328033
-0.000294301
0.0330976
0.0155701
-0.0453309
-0.00304249
0.000910253
-0.0193786
-0.0585847
0.0516708
-0.0197029
0.0604074
-0.00191508
-0.0268433
0.0180469
-0.0622596
-0.0123036
-0.0978579
-0.00891308
0.0522101
-0.05416
0.00164269
0.000307191
-0.0838686
0.045451
-0.0681935
-0.0613463
0.0456712
-0.0507422
-0.00136851
0.00146788
0.0128331
-0.0451342
0.0345704
-0.00226939
-0.0338766
0.0478144
-0.00110474
-0.0258745
-0.0232666
0.00400696
-0.034052
0.000175432
0.0427983
-0.0585578
0.0235282
0.0189705
0.0555541
-0.0317264
-0.0065343
0.0111773
-0.0719059
-0.0615121
-0.0600355
-0.00147654
-0.0480198
0.0464421
0.00157773
0.00543399
-0.0515979
0.0440162
0.00214768
0.0421455
0.0263803
-0.0381307
-0.00149678
-0.089907
-0.047574
-0.0430533
0.000467457
-0.0471985
-0.0118495
0.0507649
-0.0642326
0.0119773
0.0014904
-0.0571209
-0.0468629
0.0892802
0.110812
-0.124278
-0.00153939
-0.0324759
0.0344902
-0.0507143
0.00046235
0.0533241
0.120387
-0.00195744
-0.120759
0.0023297
0.0687727
-0.0707427
-0.0588744
0.0608444
-0.0571057
0.0581315
-0.00102587
-0.0681161
-0.0131702
0.0241806
0.00532398
-0.0413033
0.0359793
-0.0405622
0.0611586
-0.0689606
0.00855016
-0.088001
0.0962782
-0.0272352
-0.0695637
0.000520693
-0.0545773
0.0681793
-0.0040695
-0.00953253
0.0799878
-0.0588957
0.0499052
-0.00786608
-0.0420391
-0.0806471
-0.0160077
0.0510669
-0.0443378
-0.00547719
0.0761394
0.0727233
0.0367794
-0.0653855
-0.0441173
-0.043899
0.0327866
0.0479993
0.0507174
-0.0221712
-0.0755784
-0.00323547
0.077767
0.00104688
-0.103016
-0.00909936
0.0145361
0.0975795
0.059438
-1.81225e-05
0.0486536
-0.0408265
-0.00780899
0.033322
-0.0277428
0.0643887
-0.069968
0.00628434
-0.0431633
-0.042503
0.0311823
0.0236296
-0.0548119
-0.00223864
0.0656743
0.0243544
-0.0877901
0.0756657
-0.0592246
-0.0539572
0.0375161
-0.0653174
-0.0255381
0.0830115
0.00784396
0.0401266
0.0352324
-0.075359
0.0588964
-0.0595746
0.0901479
-0.0894696
-0.032786
0.0510124
-0.0182265
-0.0513571
0.0345222
-0.0751618
0.00816359
-0.00327795
-0.00202846
-0.0411349
0.117781
0.00373927
0.0154331
-0.0219742
-0.0422464
0.0050016
0.0614913
0.0016335
-0.0631248
0.00881742
-0.0270949
-0.0359591
0.0542366
0.0316937
-0.022114
-0.089315
-0.0705431
-0.0920972
0.0658061
0.0968342
0.0440344
0.0647131
-0.104822
-0.00392538
-0.0798903
0.0407144
-0.0516673
0.0213429
0.0026327
0.0129054
-0.121493
0.0807926
0.0277955
0.0791478
-0.0253193
-5.91692e-05
-0.0765469
0.0854132
0.0313009
-0.0864067
0.0486235
-0.00135124
0.00533886
-0.0526111
0.0113329
0.0174998
-0.0997038
0.0708712
0.0887765
-0.0863229
-0.00245361
0.0591605
0.00132214
0.0120332
-0.0725158
-0.155064
0.0161588
0.15568
-0.00401812
-0.0211504
-0.0302204
-0.0378237
0.0323045
0.0456523
-0.0401331
0.0270329
0.0209204
0.0111298
-0.059083
-0.0383182
-0.0415721
0.0845119
-0.0136804
-0.0708315
0.0359046
-0.0466954
-0.0046654
-0.0408397
0.0219919
0.0324046
-0.0106707
-0.0437257
0.0776947
-0.0045295
0.0399349
-0.0668478
0.0671066
-0.0320399
-0.0392567
0.0712966
-0.106173
0.103776
-0.00682957
0.00922645
0.0352657
0.00764663
0.000343856
-0.0364969
0.036153
0.0301688
-0.0150216
-0.0371214
0.0489076
-0.0489607
0.0749038
-0.0748508
-0.0158275
-0.057281
0.0962965
-0.023188
0.0245384
0.000917317
0.0674941
-0.0929497
0.028118
-0.0782214
0.0333766
-0.013957
0.0470016
0.00828583
0.0432767
-0.0670272
0.00199608
0.0650311
0.00976492
-0.00497821
0.073931
-0.0787177
-0.0919354
0.011723
0.120374
-0.0401621
-0.104414
0.0963884
-0.00659804
0.014624
-0.0615248
0.0345144
0.0608285
-0.0338182
0.0290146
0.047119
-0.0149821
-0.0611515
-0.0474094
-0.0975888
0.0937355
-0.0342611
0.0641231
0.0575245
-0.0873865
0.0915672
0.000582258
-0.100168
0.00801846
0.0464318
0.00102695
-0.00166272
-0.105342
0.0271019
0.128577
-0.0503365
-0.0986722
-0.109445
0.0986017
0.109515
-0.0695897
0.0804067
0.0702414
-0.0810584
-0.0665182
0.0472117
0.0647888
-0.0454824
0.100392
-0.109062
0.0154041
-0.00673435
0.0819576
-0.000426713
0.00429328
0.0720763
0.0264641
-0.0394211
-0.0591193
1.40541e-05
-0.0651061
0.0578219
-0.0393527
0.0375198
-0.0559891
-0.0833451
-0.00311203
0.111994
-0.0255364
-0.111208
0.120273
0.0240809
-0.0331459
0.0126803
0.0804543
-0.070291
-0.0228437
0.0661313
-0.0659971
-0.000134235
0.0474825
0.00242271
-0.000285271
0.0297699
0.0147714
0.00189052
-0.0605306
-0.0590046
0.0728204
0.0467149
0.0577712
-0.0583442
0.0441168
-0.0702308
-0.0536978
-0.0266527
0.0363347
-0.0414938
0.00689597
-0.0276267
0.0661696
-0.00807035
0.0123734
-0.0704727
-0.0400354
-0.0492977
-0.000266506
-0.0366969
0.000562381
0.0361345
0.0373159
-0.0714436
-0.00256912
0.0138204
-0.0139309
0.0374263
0.0402195
-0.0395828
0.0682412
0.00111143
0.00063675
-0.0893657
0.0650835
0.0646994
-0.0404172
0.00256403
0.04724
0.00869224
-0.0584963
-0.0727965
-0.00128436
0.0740809
-0.0104415
-0.0534745
0.0607173
0.00319869
-0.0605559
0.085712
0.066411
0.00465914
0.00424197
0.0885331
-0.114889
-0.0608156
0.0593406
0.00343895
-0.00196401
0.0569699
0.00116158
0.0480414
-0.00263111
0.0115597
0.0472436
0.000797781
0.0176165
0.0581293
-0.0757458
-0.118712
0.00520016
0.0477388
-0.0272725
-0.0789522
0.0971708
-0.08537
0.0614477
-0.0732485
-0.00131631
0.0490551
0.0482055
-0.000650571
-0.0748274
-0.00869553
0.0470239
-0.0392708
-0.0627492
-0.0044165
0.0671657
-0.00108485
0.0492903
-0.00942016
0.0652351
0.0177129
0.0970744
-0.0481743
3.83779e-05
0.048136
0.139732
-0.00952721
-0.131658
-0.00162417
0.0479383
-0.0463141
0.000175047
-0.0484427
0.0482676
0.0725619
0.00775639
-0.021247
-0.0590713
-0.00533882
0.0842902
0.0429315
0.0153007
0.075705
0.00168242
-0.0926881
-0.0729355
0.00845245
0.0782697
-0.0137866
-0.063855
-0.0156051
0.05575
0.0237101
-0.0576807
-0.0117101
0.0615472
-0.0680623
0.0100549
-0.086035
-0.0327862
0.0596657
0.0296964
0.000408068
0.0314427
-0.0203204
-0.0451324
-0.0127123
-0.0141431
0.0367455
-0.0303674
-0.0396988
0.0275494
-0.00123349
0.000573577
-0.0348674
-0.00246348
-0.0621522
0.0188276
-0.0267686
0.00182273
0.00348545
-0.00423008
-0.00114991
0.0289971
-0.0499721
0.0221249
-0.0490929
0.02824
0.034259
-0.0620283
0.0539659
-0.0261966
-0.00256199
-0.0850487
0.0199224
-0.0502366
0.000154602
-0.0368017
-0.0525252
0.0177016
-0.135189
0.0321172
0.0432199
-0.00587951
0.0148395
0.00441221
0.0199282
-0.0391799
-0.00317556
-0.0737397
0.0769152
0.0458986
-0.00874817
0.0100658
0.00167677
-0.00737605
-0.0148338
0.0471972
-0.0303441
0.0413765
-0.00195327
-0.0394232
-0.0578291
0.0132568
0.0626723
-0.0181001
0.0365433
-0.0516623
0.0557766
0.00208911
-0.0578657
0.0251416
0.042086
-0.101489
0.0269932
-0.0682416
0.0135068
0.0277416
0.0289922
-0.0337523
-0.0527083
0.0574685
0.0293745
-0.00714484
-0.0932313
0.0710017
0.0546309
-0.050914
0.0370387
0.00297102
0.105914
-0.0672245
-0.023011
-0.0498925
0.0483406
0.00155189
0.0755752
-0.0514552
0.0666514
-0.0675035
0.000852045
-0.015455
-0.0277244
-0.0653475
-0.0545049
-0.0354288
-0.00963642
-0.0732162
0.118281
0.0658642
-0.0565325
-0.00194803
-0.00738364
-0.0926189
0.00960486
0.0815337
0.00148035
0.0678069
-0.00194277
-0.0294701
-0.017484
0.0872827
-0.0403287
-0.0052893
-0.0683102
0.0715849
0.00201467
-0.0713906
-0.00397503
0.0700763
0.000989746
-0.0580467
0.0585076
0.0156127
0.0754128
-0.016981
-0.0636156
0.00368915
-0.0262653
-0.0202519
-0.0825677
-0.0231835
0.023273
0.0824782
-0.00148362
0.00360405
0.0535979
-0.0573422
0.00226065
-0.0371821
-0.0209605
0.0243469
0.0446441
-0.0480306
0.0112612
0.011615
-0.0438367
-0.0386266
0.0225118
-0.0439475
-0.00293697
0.0472917
-0.096022
-0.0459798
0.0190906
-0.0176218
0.044511
-0.00121331
0.000430451
-0.0451969
-0.03645
-0.0363576
-0.0208578
0.0175464
0.0505962
-0.0315055
0.000506883
0.0522521
-0.0753678
0.0226088
0.0306883
0.011356
0.00492431
-0.0469686
0.00720941
-0.0363766
0.00805309
-0.00910678
-0.0390794
-0.0297407
-0.0366064
0.0735094
0.0520176
-0.015331
-0.0929343
0.0562477
0.0499787
-0.0794675
-0.00431926
-0.0314112
-0.00564725
-0.00866292
0.00742054
0.0902898
-0.102222
-0.0519225
0.0580862
-0.0254771
-0.0481091
-0.0079946
-0.036364
-0.0399
-0.0441496
-0.0161877
0.0045036
-0.0668558
0.0420236
0.0212065
-0.0451457
0.00578501
-0.0340239
-0.00710066
0.0368596
0.0042649
0.0163464
-0.05343
0.0375905
0.00284623
-0.0670788
-0.070052
0.017442
0.0645874
0.0216663
0.013999
-0.0419203
-0.0373824
0.0032964
-0.0539874
-0.0529837
-0.108656
0.1125
0.148421
-0.0304471
0.0154207
-0.151089
0.0961255
0.0395432
0.0206079
-0.0654322
-0.0124319
0.0380537
0.018127
-0.0437488
-0.0277568
0.0279657
-0.000208926
0.00946959
0.00681531
0.0146487
0.00539339
-0.0355172
-0.0508913
-0.0316852
0.0915245
-0.0304834
-0.0214316
0.0174476
-0.0527961
-0.0466052
0.0255915
-0.0420371
0.0718676
-0.011178
-0.0534496
-0.0480494
0.00992279
0.0300924
-0.0992016
0.0551522
0.000161805
0.0174847
-0.0232213
0.00261088
-0.0395766
0.0402134
-0.015869
-0.0311088
0.0390881
-0.0484533
-0.00506016
0.0557525
-0.00223899
-0.0493134
0.000860094
-0.0601553
0.00312513
0.0570302
-0.0024582
-0.00667834
-0.0196582
-0.0569493
0.0832858
0.0730856
-0.0921131
0.0859439
0.0700377
-0.0795459
0.0253694
-0.0158612
-0.0394723
-0.0653167
0.0813318
-0.101151
0.0468478
-0.0618354
0.0670428
0.0741119
-0.0793193
-0.0478596
-0.0296001
0.0774597
-0.0474847
0.0405179
-0.00441266
0.0712621
-0.0668495
0.0106239
-0.0451917
-0.0970079
-0.0439489
-0.0172766
-0.00472477
0.0659503
-0.0975989
0.0794201
0.0359461
-0.0177672
0.0433032
-0.00346499
-0.0651728
0.0253346
0.0390599
-0.0393542
0.0605025
-0.0556041
0.023443
-0.0283415
-0.0758729
0.0020857
0.0737872
-0.0841958
-0.00114009
-0.0851542
-0.000409104
0.0867034
-0.095526
0.00202383
0.0935022
0.0278649
0.0766552
-0.0490512
-0.055469
-0.0236903
-0.0509096
0.102465
0.0647613
-0.063851
-0.00091029
0.0964586
0.0117938
-0.0956558
-0.0196283
-0.00057693
0.0771771
0.127827
-0.0246047
0.000888534
0.0821838
0.0822337
-0.105689
0.0975959
-0.0741402
0.0010228
-0.0597484
0.0735102
-0.017503
-0.0152116
-0.0440056
-0.0152346
0.0253872
-0.0675011
0.0421139
-0.00613534
0.00692332
-0.0313752
-0.00568514
-0.0645107
0.069264
-0.0664178
-0.000788015
0.0022051
-0.0686229
-0.0638364
0.0660415
-0.0171935
-0.00670569
0.0500387
0.0887761
0.0220516
-0.0288701
-0.0812033
-0.0280252
0.0494801
-0.0824889
-0.0243029
0.0229137
-0.0626512
0.00551047
0.0718791
-0.0147383
0.00423974
-0.0475609
-0.0209564
0.0642775
-0.0333878
-0.0606804
0.0557979
0.0382704
0.012504
0.0974428
-0.125252
0.0153055
-0.0541614
0.0162428
0.0379187
-0.0907589
0.0619083
0.0156804
0.0120301
0.0686953
-0.0374221
0.0677155
-0.0743657
-0.0509499
0.0576
-0.073169
-0.0163763
0.0475082
-0.0287925
-0.0462634
0.0487902
0.0262657
-0.0470677
-0.00839619
0.0585009
0.00667419
0.0446289
-0.0726792
-0.0157287
0.043779
-0.116108
-0.0439828
0.0573688
0.102722
0.102967
-0.101611
0.00231224
-0.00366873
-0.01251
0.103802
-0.00125983
-0.0900321
-0.0696292
0.079641
-0.0185463
-0.0104607
-0.046955
0.013551
0.0438647
0.0973284
-0.0484695
-0.0488589
-0.0694613
0.00218723
0.0672741
-0.0351539
-0.0609843
0.0419082
0.0231952
-0.0807871
0.0704972
-0.0686923
-0.0397803
0.0736373
0.0348353
-0.0722115
-0.0114623
0.00369345
0.146655
-0.091531
0.0136486
-0.0108352
0.0817035
0.0107709
-0.0816393
0.0426297
-0.0422858
0.00841315
-0.0597685
-0.00322193
-0.00899336
-0.0622637
0.0669886
-0.0039329
0.0040509
-0.0024799
-0.111834
-0.0063355
0.120649
0.000637004
0.125184
-0.127071
0.00125059
-0.0604424
0.00358322
0.00191272
-0.0413886
0.0426286
-0.0779051
-0.0384498
-0.00549774
-0.0371093
0.0575068
0.0339225
-0.05432
0.0993615
-0.0336086
-0.108172
0.0424188
0.0600565
-0.0809409
0.0104236
-0.0612559
0.059484
0.0097072
-0.00793528
0.0224025
-0.0335048
0.10284
-0.091738
-0.0256394
0.00347488
0.0564286
-0.00843646
-0.051467
-0.00179478
-0.00479497
-0.0911099
0.0976997
0.0266602
0.0598784
-0.0935712
0.120862
0.00985168
0.0693617
-0.0673512
0.00969338
-0.0117039
0.0717574
0.0493963
-0.100057
-0.0210971
-0.0602605
-0.000819017
-0.0689213
0.0952103
0.0485808
-0.101815
-0.123255
0.112891
0.112179
0.0646548
0.021293
0.000186461
-0.132875
0.137094
-0.0374251
0.0332063
-0.0811564
0.065881
0.0115551
0.00372021
0.0848395
0.000656955
0.00444202
-0.0899385
-0.0377358
0.0773944
-0.084359
-0.00220004
0.086559
0.0339173
-0.0638816
0.0299643
-0.0634764
-0.0558074
0.0880647
0.0685719
0.00915762
-0.00951178
-0.0682178
-0.0131748
0.0680713
-0.0548965
-0.0836486
-0.02235
0.0517086
0.0542901
0.106383
-0.0373832
-0.0690001
-0.0687974
0.0694344
-0.10018
0.0326517
0.05701
-0.0359342
-0.0537275
-0.0280363
0.0427987
-0.0199906
0.00522817
0.104774
-0.0237749
-0.0176327
0.0884908
0.0785363
-0.122109
-0.0449176
0.036748
-0.0573752
0.0239146
-0.00328738
-0.0208375
0.0319206
-0.115962
0.104879
-0.00276908
-0.0863541
0.00496174
0.0841614
0.11891
0.00280806
0.00014118
-0.12186
0.111967
-0.0014456
-0.108639
-0.00188251
0.0842623
0.00232137
-0.00353449
-0.0830492
0.00782448
-0.0867975
0.043819
0.0384793
-0.0479447
0.0094654
-0.0185944
0.0234498
0.0637166
-0.0373194
-0.0164723
0.0537917
-0.00660032
-0.0895935
0.0566238
0.03957
0.0543626
0.0324218
-0.05741
-0.00580129
0.0860472
-0.0136327
-0.0666132
0.0637644
-0.0681771
-0.0406304
0.0944854
0.00548572
-0.0197419
0.0353265
0.0431184
-0.058703
0.0139251
0.0819147
-0.0874267
-0.0615813
-0.000346065
0.0619274
0.0330747
0.0259689
0.0259912
-0.0850348
0.0622537
0.00142635
-0.0685084
0.00482841
0.0746925
-0.0886478
-0.00370491
0.0176602
0.0486008
-0.0409864
-0.0076144
-0.1149
0.00644707
0.109144
0.0590647
-0.047347
-0.0123581
-0.0659193
0.150624
-0.0723466
-0.0544328
0.0959374
-0.0415045
-0.0725241
0.0361799
0.0363442
0.0507932
-0.0470739
-0.0037193
-0.0122094
0.0873932
-0.0310368
-0.044147
-0.00684737
-0.024627
-0.070341
-0.09659
-0.00359385
0.0815894
0.0332513
0.0346681
-0.0679193
-0.0450168
0.0531968
-0.00818008
0.0550699
0.0526871
0.00314064
-0.0175699
-0.0382579
-0.00924615
-0.0472586
0.0478529
0.0086518
0.000958222
-0.0540389
-0.00379017
0.0875918
-0.0876268
3.49704e-05
0.0550674
-0.093345
0.0891515
-0.00481278
-0.0793311
-0.00500771
0.0867255
-0.128081
-0.0289623
0.0703181
-0.0248957
-0.0522251
0.074405
0.00271585
0.00918246
-0.00836035
-0.0517568
0.0509347
-0.0633599
0.115281
0.0157947
0.0620158
0.0737985
0.0268726
0.0158905
0.065092
-0.0722769
-0.0145646
0.0385993
0.124418
0.00451579
-0.167533
0.0510237
0.0657359
-0.101867
0.0890591
-0.00107493
0.0409544
-0.0262873
-0.0234897
-0.0689872
0.118764
0.0838761
-0.00151573
-0.0823603
0.0399784
-0.012006
-0.107582
0.0796099
0.0373597
0.0335824
-0.0510402
-0.0175239
-0.00803472
0.0765988
-0.000751002
0.0332482
-0.0324972
-0.00392215
0.0560344
-0.00733116
0.00748398
0.0592852
-0.0500115
0.0133846
0.0366269
0.0290125
-0.0841198
0.0717269
-0.0166196
0.14714
-0.0156019
-0.140887
0.00934798
-0.00396878
-0.00572975
-0.10151
0.132357
-0.0176526
-0.0873162
-0.0273887
-0.0803186
0.0395037
0.0408149
0.100868
-0.0170176
0.00433977
0.0604215
0.0634803
-0.0542221
-0.00347314
-0.00578507
0.00776325
-0.0079358
-0.0427353
0.0429078
-0.0402304
-0.0634194
0.0803831
0.044262
-0.013869
-0.0850636
0.0546705
0.00202476
-0.036599
-0.0138248
0.048399
-0.0349571
0.0295684
-0.0664364
0.0718252
-0.0323793
0.0922186
-0.0511023
-0.00351968
0.054622
0.0582564
-0.0141075
-0.0362441
-0.00790479
-0.00124705
0.0680576
-0.0905015
-0.0235356
0.0459794
-0.040045
-0.0896564
0.114383
-0.0114281
-0.0132982
0.0415181
-0.0471762
0.0456142
-0.0274857
0.278212
-0.12821
-0.122517
0.0185891
-0.0731418
-0.00317663
0.0620152
-0.0588386
0.0499516
0.00765139
-0.123788
-0.0878515
0.036816
0.0728856
-0.0218501
-0.0115866
-0.0354762
0.0197472
0.0273156
-0.0606403
0.00133123
-0.0822569
0.0781566
-0.0523803
-0.00161776
0.0539981
-0.0484022
0.0933494
-0.00235104
-0.0919757
-0.0459433
0.0886263
-0.0798491
-0.033521
-0.00102956
-0.100122
-0.0415742
0.0129798
0.0675691
-0.0389747
0.0219087
0.0467215
-0.020319
-0.0483112
-0.00132007
-0.079697
-0.00420323
0.0309042
-0.132714
0.0206537
-0.102241
0.0923184
0.0408263
0.0536029
-0.101888
0.0329544
-0.0307207
-0.0234408
-0.0547723
0.0438107
0.0211065
-0.0101448
0.065816
-0.00577586
0.0185288
-0.0785689
0.0092845
-0.0496637
0.0519505
-0.1313
0.00408974
0.0132755
0.113935
-0.0969369
0.0802377
0.0168331
0.000858935
-0.0680496
-0.0573839
0.124575
0.0901643
-0.0290239
-0.0355928
0.00163255
-0.0949573
0.0933631
0.00187353
-0.0673646
-0.0385945
0.0284777
0.0774814
-0.0863448
0.0600145
-0.020482
0.0468123
-0.0133035
-0.0626896
0.0759932
0.0372863
-0.000743034
-0.00364535
-0.0602633
0.064738
0.0448609
-0.0493356
0.035315
0.048788
-0.0356902
-0.0127063
0.136332
-0.131415
0.0190571
0.0148324
0.035307
-0.0501513
-0.0277438
0.0543923
0.000159761
-0.0916613
-0.11531
0.00116039
0.0840001
0.030149
-0.0448914
-0.027716
0.0733596
0.130536
-0.0706658
-0.133229
-0.00772014
-0.072591
0.0803111
0.11798
0.0871612
-0.0931736
-0.0730135
-0.00353282
-0.00184289
0.0783892
-0.00565839
0.0858133
-0.0703234
0.0644328
-0.0245001
0.000503289
-0.0718939
-0.003804
0.0895131
0.0151588
0.0229536
0.0498135
-0.0727671
-0.0816246
0.0380953
0.0393309
-0.0469212
0.0106889
-0.00309863
-0.0290675
-0.0199693
0.0603045
-0.00100423
0.0401343
-0.0465118
0.0578544
-0.0514769
-0.0211825
-0.017601
0.0789178
0.0660647
-0.0597842
-0.00454881
-0.00173165
0.00516251
0.0521507
-0.0961201
0.0378075
0.0519355
0.039033
-0.0476107
0.0507935
-0.0422158
0.0932651
-0.10525
0.0244885
0.00960241
-0.0468309
-0.103858
0.141086
0.0307032
-0.0296138
-0.0733009
0.109466
0.0165782
-0.102849
0.00641213
0.0597192
0.00591028
-0.0660674
0.0826137
-0.0224566
-0.0502721
0.0131416
0.108669
-0.0715387
-0.0639656
-0.0735467
0.0582218
0.0375888
-0.0222638
-0.0201446
0.109103
-0.00536117
-0.0888896
0.0697912
0.0532227
-0.0341243
0.0468446
0.0743415
-0.0746664
-0.0465197
0.00547365
0.0112717
0.0505451
0.0575845
0.0335408
-0.0288373
0.091467
-0.0961704
-0.101026
0.0857266
0.015299
-0.0231309
-0.0277088
-0.057167
0.0146029
-0.0703381
0.0396826
0.0980082
-0.0673527
0.0224028
-0.0225149
-0.05806
0.0581721
-0.0404903
-0.0359953
0.03676
0.0536116
-0.105075
-0.0346988
0.0861624
-0.0208131
0.0248817
0.0815893
-0.0200729
-0.0358006
-0.0952981
0.151172
0.0452698
-0.0506423
0.0308608
0.0166634
-0.0380546
0.0232902
-0.0753252
-0.0531043
0.0531092
-0.0493693
0.0825772
-0.135411
0.0193291
-0.161815
0.0782829
0.0180271
0.0655046
-0.0399741
0.0463895
0.110988
-0.117597
0.0220054
-0.0153966
-0.0965679
0.00904835
0.0696742
0.0178453
-0.127081
0.0772438
-0.0188552
-0.102108
0.0174921
0.0218067
0.0628089
0.0029326
-0.0991097
-0.00604515
-0.0716659
0.0715368
0.00012907
-0.0726896
0.00102372
0.0492394
-0.0524748
0.0336803
-0.0805409
0.0622812
0.0644745
-0.0635504
0.00135321
-0.00227729
0.00328055
0.0134717
0.0477223
-0.0509759
0.00166249
0.0104745
0.0899797
-0.0217832
-0.0786711
0.0123965
0.0458164
-0.0582129
0.0617128
0.00236719
0.0115857
0.0489501
-0.12514
-0.00557659
-0.0803406
-0.0170991
-0.0841993
-0.0349403
-0.0382287
-0.0473652
0.0842155
-0.0368503
-0.0493968
-0.00357583
0.00699854
0.0459741
0.091957
0.00263411
-0.109287
0.0146958
0.00502468
0.0168884
0.0462663
-0.0122091
-0.0584569
0.0593254
0.0113406
0.0486797
-0.0649288
0.0212738
-0.0715428
0.0203135
0.0567029
0.0416548
0.00530935
-0.0591732
-0.0346692
0.0169918
0.00282199
-0.0910021
0.0725368
0.0156433
0.0469595
0.0212912
-0.0642076
0.0553073
-0.0275966
-0.0421683
-0.0101038
0.0536187
-0.00134657
0.0869934
0.00787005
-0.0948634
0.0743431
0.0763947
-0.0233486
-0.127389
0.0280423
-0.0269087
-0.123374
0.120434
0.0240661
-0.0211262
-0.0344722
-0.0430019
-0.0341789
-0.0301255
0.0763345
-0.0805228
0.0130066
-0.000604585
0.0688375
-0.0740088
-0.0859073
0.00538457
0.00472486
0.0944889
-0.120027
0.00743928
0.12637
0.135349
-0.107178
0.000795405
-0.0289664
0.0357021
0.0389904
0.0216646
0.0802954
0.0387856
0.0534753
-0.0305481
0.025983
-0.0643698
0.0383868
0.106001
-0.0605936
-0.0833639
0.0379566
0.00574557
0.117568
-0.108717
-0.0145972
0.0101597
-0.00786227
-0.0395338
-0.00289332
0.0424272
-0.00623946
-0.0506131
0.0603275
0.0582018
-0.087007
0.0265665
0.0536225
0.00483659
0.0800864
0.0762178
-0.0158332
-0.140471
0.0428827
-0.0678233
0.0717918
-0.0468511
-0.0198193
0.0205757
0.0337659
0.0950309
-0.105156
-0.00584449
-0.106248
0.07153
0.0142884
0.100133
-0.0397042
-0.0747173
0.092795
0.00260247
-0.0891284
-0.00626905
0.0439003
-0.00586685
-0.0421029
-0.000478713
0.0792197
-0.000694049
-0.0719956
-0.00261305
0.0669923
-0.0643792
0.0837156
0.0194922
-0.054528
0.00177561
0.0842327
-0.0791914
0.0344486
-0.102397
0.103694
-0.0357459
-0.0225102
-0.0632043
-0.0445492
0.0247299
-0.0811848
-0.0746654
-0.00365355
0.0743439
0.0532274
-0.0449492
-4.77946e-05
0.0813612
-0.0686331
-0.00687269
0.0613527
-0.127493
-0.0417921
-0.0421115
0.0839036
0.0331632
-0.013307
0.0936967
-0.113553
-0.0639623
0.0560289
-0.032697
-0.0395522
-0.0302567
-0.0704406
0.140249
-0.0822567
0.0783548
-0.0828781
0.000621424
0.00172335
-0.0786222
-0.00344176
-0.0786319
0.078166
0.00260331
-0.00213735
-0.003435
-0.0749751
-0.0188441
0.0972541
0.00889658
0.0874732
-0.0141049
-0.0822649
0.070937
-0.0038753
-0.00696898
-0.0600928
0.0788045
-0.0903752
-0.0177873
0.0866004
-0.128762
0.0599493
0.00357359
0.0953306
-0.0989042
-0.0613863
0.0987461
-0.0982426
0.0369443
0.0110263
0.00934584
-0.00264552
-0.0829748
0.0275244
-0.0392345
-0.0766122
0.0754721
-0.00588411
-0.0805292
-0.104131
0.133324
-0.105741
0.0489984
0.00498794
0.000441451
0.122398
-0.0416424
0.0652406
0.0887901
-0.112388
0.00167755
0.0426005
-0.0983006
0.102951
-0.0472513
-0.0527802
0.0206985
-0.0757659
0.0374847
0.0774264
-0.0391453
0.0402312
-0.124004
0.0310718
0.0527015
-0.000336229
0.0752834
0.0146324
-0.0655638
-0.0677808
0.0677724
0.0543133
-0.0559507
-0.0661349
-0.026907
0.0795942
0.0605234
0.00187228
-0.0623956
0.00196014
0.112168
-0.0955289
-0.0185994
0.0602725
-0.0124755
0.0844516
0.0811684
0.058902
-0.0475013
0.0253473
0.00156707
-0.0652461
-0.0578144
-0.0117213
0.0474629
-0.0210664
-0.0811
0.104365
-0.101358
-0.00215117
-0.000856118
-0.000496861
-0.0529776
0.00451219
-0.074085
0.0507289
0.0627903
-0.0310957
-0.0824236
-0.0894927
0.0598439
-0.0669192
-0.0790049
0.0808108
-0.00577463
-0.0190271
-0.114446
0.12017
0.11324
0.0791882
-0.0892634
0.0811209
-0.0710456
0.148623
-0.0339572
-0.104042
0.0372733
-0.0794521
0.0421788
0.0647124
0.0236244
-0.113126
0.0247888
-0.0795525
0.00576196
-0.00531147
0.079102
0.0431926
-0.132682
0.000393416
0.012747
0.0773984
-0.0952101
0.00506472
-0.0692564
-0.0616811
-0.0340227
0.0508124
0.0609986
-0.0614016
0.000402951
0.0475941
-1.87916e-05
-0.0475753
-0.0283363
-0.0626901
0.0241705
-0.0263559
-0.0506069
0.0319461
0.0141131
0.0540164
-0.0843921
0.0402905
0.00724014
-0.103028
0.033952
-0.000647308
0.112668
-0.0473084
-0.0531913
0.0296981
0.0486347
-0.0490073
-0.0591728
0.0378017
0.0703784
0.0099973
-0.0602134
0.0519415
-0.0256083
-0.00563469
0.0419098
-0.0287312
-0.0329871
0.0198085
0.0258778
-0.0321328
-0.0265516
0.0328066
-0.00469146
0.0111251
-0.03301
0.0919492
-0.0774804
-0.0528418
0.0737388
0.029832
-0.0527563
0.0412673
-0.0084622
0.0199512
-0.0189866
0.0417779
0.0471765
-0.0699678
0.0479526
0.0392354
-0.127918
0.0407301
-0.0750654
0.0667796
0.0562383
0.000797272
0.0282283
-0.0780328
-0.00784381
-0.0715677
0.00393626
0.0754753
-0.0851911
0.0526006
-0.079974
0.0739661
0.00600792
-0.0794863
0.0152787
-0.00539497
0.00155216
0.000725137
-0.0540812
0.0533561
0.00913349
0.0701669
-0.0751561
-0.00414427
-0.063819
0.0700054
0.00294709
0.038733
-0.0337063
0.0646064
-0.0696331
-0.00361379
0.0382104
0.02833
-0.0823133
-0.0742122
0.00238761
0.0221763
-0.0827697
-0.0672564
0.0803018
-0.0176553
0.00323449
-0.00102317
-0.0073722
0.0886972
-0.0792446
0.00200783
-0.0592893
0.0620024
-0.00607926
-0.0415676
0.133617
-0.08597
0.0896585
-0.108686
0.0044373
0.098253
-0.00694787
-0.00425296
0.00770872
0.0448292
-0.048285
-0.069836
0.0295098
0.00661999
-0.000424038
-0.0610153
0.0614393
0.000401435
0.0222967
0.0364623
-0.000952264
0.0705973
-0.0728217
-0.00154311
0.066121
-0.0645779
-0.00228922
0.0827436
-0.0822715
0.00797676
0.0994627
-0.025168
0.0378514
-0.025174
0.0631379
-0.0758153
0.0588643
0.0568131
-0.0447825
-0.0708948
-0.00958778
-0.0804188
-0.0600099
0.0380213
0.102407
-0.107624
-0.0403949
0.0686499
0.0793686
0.0587533
-0.0284728
-0.0329997
0.00871624
0.0696423
-0.00338008
-0.0662622
0.0983344
-0.108072
0.0793795
0.0150243
0.127349
-0.161117
0.0187435
-0.0657215
0.0896898
-0.107313
-0.0663255
0.123849
0.0910997
0.0784066
-0.0115656
-0.0714863
-0.012713
0.110807
-0.100583
-0.0942579
0.0840337
0.00341815
0.0647628
-0.000974216
-0.0672068
-0.0795666
-0.00414184
0.0871266
0.0877245
-0.0854992
-0.00222532
0.00776096
-0.00396671
0.0810453
-0.028861
0.069216
0.0591601
-0.0995151
0.0172902
0.068016
0.0512527
-0.0984593
-0.0311561
0.0678787
0.0566004
-0.093323
0.0313072
0.0334819
-0.00429747
-0.0604916
-0.0820603
0.0263084
0.0870591
0.0240619
0.119049
-0.0169674
-0.102082
0.0866624
0.0154193
0.064184
-0.0732834
0.0853608
-0.052772
-0.0701465
-0.000396544
-0.0293959
-0.0359215
-0.061459
0.0320631
-0.0722657
0.121312
0.0126757
0.0908415
-0.0703509
-0.0573018
0.0368112
0.143146
-0.0263193
-0.0259849
0.124984
-0.059232
-0.0115349
-0.0542172
-0.0408093
0.08006
-0.0736663
0.0344156
-0.081492
-0.00175244
-0.0261124
-0.0559208
0.0584842
-0.00256343
0.0691222
-0.0599646
0.128955
0.00420593
-0.0396299
-0.0935308
-0.0926216
0.0016883
0.0157715
-0.0525455
-0.0418595
0.00178344
0.0438212
-0.0578874
0.0521071
-0.0724427
0.06764
0.00480274
0.0627765
0.135558
-0.0526676
-0.145667
-0.0191798
-0.112577
-0.0874031
0.00106028
0.0860066
-0.0650424
0.00289232
0.11159
-0.00955587
-0.0545429
0.0606239
0.00347488
0.111557
-0.0511415
-0.0595565
0.00144998
0.0383338
0.0073883
0.0228134
-0.0148637
-0.0303549
0.0298234
-0.0133994
-0.00562054
0.159859
-0.156057
0.0018186
-0.0785091
0.0142323
-0.124327
0.0198505
0.0328228
0.0716538
0.00655548
0.0660253
0.00731349
-0.00701795
0.0952517
0.00389296
-0.0814342
-0.0426316
-0.00580515
0.053208
-0.0773228
-0.112793
0.00861665
-0.00199641
-0.0476827
0.0160921
0.0513379
0.0751088
-0.0141922
-0.0358607
-0.0250559
-0.00400876
0.0891523
-0.0544403
-0.108995
0.0234094
0.0983325
-0.0439117
0.0561604
0.0320133
0.00243394
0.0377337
-0.0498801
-0.0438175
0.00254518
-0.00516263
0.046435
-0.0388091
-0.0530834
0.0499808
0.0419117
-0.00252318
-0.107166
0.0777914
0.007679
0.00779465
-0.0808852
0.0804065
-0.0189816
0.107263
-0.0492482
-0.0771668
0.0642205
0.052317
-0.0516804
-0.0648571
-0.0446412
0.00882552
-0.103063
-0.0722066
-0.0453305
0.0737196
0.0892499
-0.0698487
0.0835659
-0.0518228
0.00877767
0.0868457
-0.0862775
-0.0456599
0.0341295
0.0515092
-0.000657411
-0.0444742
0.0451316
-0.0651081
-0.00203583
0.0671439
0.00672131
-0.0329925
-0.0383641
0.0646353
0.0254711
-0.0319921
0.0918818
-0.000960535
0.0570142
-0.134171
0.0118065
-0.00893566
-0.0596029
-0.0102512
0.102443
-0.0624161
-0.00874854
-0.0312785
0.0645934
-0.110838
0.10615
-0.0599055
0.0423743
-0.0482642
0.109028
-0.0607635
0.0460885
0.0329496
-0.0576952
-0.0759917
0.0374892
0.0385025
0.0468776
-0.0761574
0.041154
-0.0118742
0.0876814
-0.0735209
0.0327171
-0.0449068
-0.0401419
-0.0585271
0.060809
-0.00228187
-0.101717
-0.000487646
-0.000259709
-0.0582971
0.030812
-0.0893837
0.0444496
-0.0189023
0.0516618
-0.0607026
-0.0300681
0.0391089
-0.0321286
0.0278985
-0.102418
-2.02762e-05
-0.0144925
-0.00925625
-0.080382
-0.096072
0.0382645
0.0161651
0.00768137
-0.0938681
-0.0098853
-0.0657789
0.0680541
-0.0037208
0.0356079
0.0587271
0.0085514
0.0380879
-0.105366
0.0698166
0.0119771
0.0206495
-0.099092
0.00625846
-0.044371
0.0324583
-0.0670922
-0.067575
0.0206018
0.0852377
-0.0686461
0.0422092
0.0571161
0.0510133
-0.0558773
-0.0729182
-0.0251295
0.131353
-0.0333053
-0.0112616
0.0705348
-0.0592732
0.0167849
-0.0430266
0.0857725
0.0638525
-0.0948869
0.049147
-0.0553565
0.00620953
0.0805029
-0.0760656
-0.00127572
-0.0313326
-0.0656343
-0.0011436
-0.113565
-0.0375767
0.122053
-0.0083716
-0.0201971
0.102762
0.0901381
-0.0972923
0.109395
-0.0650837
-0.0518882
0.0137456
-0.0455826
0.0662097
0.0614589
-0.0715838
0.000147556
-0.0675053
0.0519683
-0.102934
-0.0535022
0.114331
0.0421052
-0.097372
-0.0586535
0.0717068
0.0247981
-0.0185913
0.00507106
-0.105494
0.0280085
0.00767265
0.0698127
0.0503078
-0.010135
-0.0514344
0.0374804
0.0660162
0.0610748
0.00259686
-0.00334445
-0.0603272
-0.0322625
0.125635
-0.141636
0.0181186
0.0115577
0.0636916
-0.093368
0.116689
0.00454943
-0.00211753
-0.119121
0.0403363
-0.0187707
0.0701496
-0.0917152
-0.0346757
0.0722413
-0.0375656
0.138546
-0.0527589
-0.0585376
0.0934653
-0.0744798
-0.107873
0.0227901
0.0265455
-0.035333
-0.00320961
0.0390101
0.062578
-0.0548702
-0.0539711
0.0780152
-0.0456939
-0.0934806
0.0689885
-0.117741
0.142233
-0.0953417
0.149125
-0.0812693
0.0956798
-0.0753263
-0.0332373
-0.10378
0.00438268
-0.0398153
-0.047999
0.0834316
-0.00817672
-0.0132725
0.0589705
-0.0375213
-0.0621552
-0.00152196
0.00242453
0.0612526
-0.0375891
0.0997711
-0.0577994
0.0499167
-0.0271526
-0.104546
0.0817817
0.0525718
-0.146408
-0.0911126
-0.0488191
0.0626289
0.0773028
0.0109093
0.0814997
-0.0116297
-0.0145569
0.102284
-0.00159108
0.0567381
0.0407091
-0.0361524
-0.0612949
-0.064607
-0.0130122
0.0831296
-0.095518
-0.0437733
0.0190135
0.0102067
0.0612562
0.108708
0.0141815
0.00191206
0.0369941
0.0285762
-0.0535532
-0.00335923
-0.0282975
0.00739797
0.0286628
0.00712387
-0.0588826
0.0517587
-0.0523374
0.044326
0.0605521
0.0127799
-0.00494133
-0.0683907
0.0126454
-0.0531286
-0.000592915
0.0410761
0.0108038
-0.0478295
-0.014018
0.0871883
-0.00931773
-0.102138
0.141227
-0.142044
0.102955
0.00793993
0.0898307
0.012044
-0.109815
0.058084
-0.0830479
0.0373746
-0.0124107
-0.0317016
-0.0514323
0.0578451
-0.123786
-0.0245607
0.0131333
0.0883637
-0.0790275
-0.0224694
-0.107264
0.159269
0.0766965
0.0111109
0.088995
-0.0652614
-0.0339575
-0.0125791
0.0840651
-0.0686187
0.0244162
0.107001
0.0181378
0.00822072
0.0615466
0.0284298
0.0719928
-0.0758068
-0.108524
0.112338
-0.00586111
-0.0157319
0.0708639
0.0784448
-0.0819989
0.0430444
-0.0753069
0.039213
0.0110638
-0.0264158
-0.0287307
0.059913
-0.044516
0.0845467
0.0173653
-0.057396
-0.0515395
0.0445215
0.0957331
0.00943705
-0.0334973
-0.056775
0.0978592
-0.00637115
-0.0785465
-0.0129416
-0.0247594
-0.0627079
0.0400395
0.0467942
-0.113651
-0.0430464
-0.0364211
0.0464197
-0.0478962
0.111153
-0.00810753
0.00286898
0.0930224
0.0040575
0.0249666
-0.0472238
-0.062897
0.0269595
-0.029423
-0.0236127
-0.0794575
0.0292705
-0.0999067
0.0132443
-0.0951941
-0.0468769
0.00781239
0.00353391
0.0705684
0.0415713
-0.0418094
-0.0951098
0.0953479
0.023905
0.0636505
-0.041021
0.00754606
0.0923769
0.0207139
0.00200868
0.0132343
-0.0579956
-0.034725
-0.0246815
0.0419228
0.02395
0.0387705
0.0645312
-0.0547589
0.0512292
-0.0440809
0.105439
-0.135027
0.0678536
0.0969323
-0.0847803
0.058328
-0.0358951
-0.0777749
-0.0175768
0.0981012
-0.0261617
-0.0347996
0.109817
-0.0322451
0.0107914
0.032912
-0.0521094
0.000272526
0.0514128
0.0602921
0.060781
-0.0647281
-0.0563449
0.0361964
-0.0548635
-0.0280726
0.0366805
0.0382633
-0.122713
-0.0515508
-0.036853
0.0957494
-0.0671991
-0.000671423
-0.000179148
-0.0584812
-0.0100876
0.133897
-0.00353572
0.0460106
-0.0404719
-0.0444788
0.135319
-0.00784932
0.0987646
0.101108
-0.09666
0.0822623
0.036356
-0.0116416
0.0388811
-0.0347936
0.00755407
-0.0590617
0.113646
-0.0350925
-0.102727
0.0061249
0.103058
-0.0064557
-0.0650534
0.0693932
-0.0587667
0.00159381
0.0571729
-0.095675
0.0335664
0.105919
-0.0014921
0.107835
-0.0561874
0.042756
-0.0438179
0.0280108
-0.04666
0.0739565
0.115176
-0.0349058
0.0376676
-0.000203133
0.110546
-0.114223
0.0610266
0.0150103
0.0381863
0.0555371
0.0413772
-0.119797
0.123728
0.00539702
0.000966156
0.00692602
-0.0468736
-0.0570172
0.00178321
0.0101033
0.0559464
-0.0475214
0.0350702
0.0709457
-0.0920168
0.0102359
-0.0899795
0.0482994
0.00629822
-0.0545976
-0.0670272
-0.0252104
-0.0011074
-0.0402324
-0.061334
0.0857389
0.142013
-0.123933
-0.045052
-0.0519068
0.0641413
0.0328176
-0.0382685
-0.0692413
0.040445
0.0510766
-0.105652
-0.0645109
0.0874876
-0.0197423
-0.0359227
0.0799797
-0.0145043
0.0806119
-0.031482
-0.0360191
-0.0957143
0.0349833
-0.0358376
-0.026102
-0.053426
0.115366
0.0398854
0.0100903
0.0567792
-0.00550166
-0.0512775
-0.0705188
0.059456
0.0522155
0.0656385
0.0118693
-0.0596961
0.0384014
0.0309938
0.01054
-0.064048
0.0655412
0.0722033
-0.00663161
-0.0550317
0.0497278
-0.0468515
-0.00346183
-0.0539405
-0.119442
-0.0730811
0.00973677
-0.00878874
-0.0677542
-0.0618761
0.0543289
-0.166226
0.107366
-0.056193
0.0641688
-0.00593165
-0.017608
-0.151914
0.151727
-0.0284292
-0.137845
-0.0735598
0.0716963
-0.023609
0.132767
0.0339881
-0.0356509
0.092916
-0.0227749
0.0847646
0.0352486
-0.0722956
0.0145875
0.0646295
0.0779532
0.0351433
0.046762
-0.0008618
-0.0326683
-0.0355305
-0.00604982
-0.0817933
-0.0461725
-0.160986
0.0279319
0.0867267
-0.0817771
0.00858511
0.0664202
-0.094019
0.0200364
0.0112456
-0.0791034
0.0941661
0.0206935
-0.0357562
-0.0800896
0.00748154
-0.116635
0.110285
-0.0336401
0.00659093
-0.0550209
-0.0264435
0.0748883
0.00657613
0.000127799
0.101875
-0.044863
-0.0571393
-0.0360937
0.0467471
0.013261
0.097833
-0.0867396
-0.0236952
0.0700439
-0.0759457
0.029597
-0.10745
0.140441
-0.0197304
-0.0647141
-0.0576945
0.00856908
0.11384
0.0560012
-0.0198945
0.0916645
-0.111262
0.0243219
-0.0551427
0.0906834
-0.0100696
-0.0184581
0.0652117
0.0460414
0.0864786
-0.00586354
-0.0780126
0.0731864
0.0213339
-0.0945203
0.00719762
-0.0688901
-0.0220741
-0.044583
-0.0167798
-0.0508128
0.0904481
0.0582238
0.0904485
-0.0887272
-0.0502138
-0.00236258
0.0525764
-0.00807125
-0.0668769
-0.00809741
0.0883734
0.0785454
-0.0313611
0.0882041
-0.0328878
-0.0610799
-0.0150225
-0.123261
-0.0152993
0.0237511
0.0807668
0.0102651
-0.00282786
0.0760265
-0.0497426
-0.00864671
0.0675112
0.0579093
0.0275201
-0.0366211
0.0378214
0.0535892
-0.083156
0.0102051
-0.0628696
0.113741
-0.0610766
-0.0419987
0.0949406
-0.0952726
0.060514
-0.112027
-0.0209711
0.0733023
-0.0777005
0.0119026
0.0737378
-0.0100069
-0.0491499
0.0200997
0.0443509
0.00666141
-0.0102415
0.0696447
-0.0445526
-0.000499427
0.041534
0.0630767
-0.0285842
0.00230936
-0.0487351
0.00954356
0.0181923
-0.11713
-0.0754086
0.0877925
0.0568543
-0.0692382
-0.0750958
-0.028797
0.00181108
-0.0196867
0.0159497
-0.119524
-0.0014793
-0.00576817
0.0628588
-0.101092
0.0211685
0.0528282
-0.116302
-0.0559039
0.0945054
-0.113609
0.0661959
-0.00444053
0.0518535
0.133691
-0.0188654
-0.0381699
0.122806
-0.0610518
-0.0772426
0.0757269
-0.103816
0.00391497
0.0393456
0.00126469
-0.129911
0.00137039
0.127276
0.0900405
-0.00204909
-0.0879914
0.079072
-0.0257254
0.0857323
0.0659312
-0.018897
-0.114691
0.0372362
-0.00186468
-0.0962533
-0.0444445
-0.00262149
0.0996074
0.0747975
-0.0723435
-0.00245398
0.028588
0.0172422
-0.0581146
0.0590884
0.0422686
0.00838504
0.0992474
-0.0890933
0.0342595
-0.0712992
-0.0150697
0.0826509
0.00239469
-0.0850455
0.0889486
-0.0831737
0.0614291
-0.0900895
-0.103967
0.000365859
-0.0609438
0.0726227
-0.0116789
-0.00202142
0.0608824
0.0687368
-0.057933
0.0168745
0.0676374
-0.104552
-0.0456976
0.0553153
0.0906045
-0.0174181
-0.02885
-0.0778171
0.0918281
-0.0653769
0.0824124
-0.0259486
-0.0762154
0.00116241
-0.110506
0.0311796
-0.0275782
0.106905
-0.0135142
0.0261661
0.0262291
-0.0526704
0.00275751
0.0443066
-0.0539811
-0.00743145
0.0614125
0.0844638
0.0340259
9.07835e-05
0.122979
0.00191418
-0.00530961
0.00161286
-0.0549734
0.0975998
-0.0371309
-0.00549542
0.00774116
0.0558568
-0.0556945
-0.00790355
0.0702045
-0.0293163
0.00801943
0.00101763
0.0522964
-0.0595953
0.0774485
-0.0293458
-0.00542199
0.0675582
-0.0621362
-0.0218506
-0.0467752
-0.103645
-0.0117218
-0.00780439
0.0582395
-0.0435908
0.0164781
-0.0633899
0.0421803
-0.100954
0.0637452
-0.00497144
0.128949
-0.0455946
0.00933345
0.0832385
-0.0338881
-0.127845
0.116542
0.100263
0.0329511
-0.0792126
0.106554
0.0936206
-0.0827917
-0.0782032
0.0673743
-0.0542026
-0.0252756
0.0951872
-0.015709
-0.0245845
0.0777846
-0.0489603
0.0806826
-0.00155434
-0.0645914
-0.0036021
-0.0613904
-0.00597425
-0.0670555
0.0689278
-0.0929769
0.0480128
0.0164914
0.00495743
0.0200565
0.0638195
-0.055187
-0.00863253
0.0617035
-0.00295023
0.125496
-0.128784
-0.0492082
-0.0122705
-0.0650773
-0.0463054
0.0463931
-0.0598719
0.144863
0.0453117
-0.102743
0.0782289
-0.0301666
-0.00175027
0.0917608
-0.0106337
-0.104662
-0.0791271
0.0113893
0.070105
0.0581495
0.118116
-0.136139
0.0829853
-0.118018
0.00240198
-0.076562
-0.0018317
-0.0394229
-0.0377487
-0.0244034
-0.0077285
0.00639753
-0.109491
0.0129923
-0.000824901
0.0553771
0.112683
0.00283603
0.0133173
-0.128836
-0.0997746
0.0512454
-0.0609617
-0.0747977
0.0738454
-0.0311583
0.0313337
0.0424153
-0.00400749
-0.0698963
0.0219687
0.00571607
-0.0788263
-0.120306
0.158323
0.0474202
0.0135246
0.081232
-0.14088
0.000773329
-0.0185123
-0.0485868
0.0243382
-0.0929843
-0.0248858
-0.0627
-0.113497
0.109552
-0.0334382
0.0506121
-0.0535664
-0.0183597
0.0213141
0.0135847
-0.0771059
-0.061259
0.12478
-0.0425342
-0.0370402
0.0531637
-0.0945804
0.0550027
0.0710344
-0.101035
-0.0250019
-0.0124772
0.0408362
0.0231503
-0.0977538
0.0554929
-0.000352413
0.00792125
0.00147481
0.0683954
0.0116044
-0.0518741
0.0427805
-0.00251079
0.0322339
0.0450004
-0.0354564
0.0101886
-0.029886
-0.0462583
-0.0213811
-0.0649775
0.0420066
-0.0685851
0.11418
0.0705896
-0.116185
-0.0400323
-0.000693837
-0.0641422
0.0648361
0.114903
0.0142778
-0.0116119
-0.0899022
0.0967213
-0.0068191
0.0876533
0.0146755
0.00602485
0.0503816
-0.0514665
0.133371
-0.0546298
0.0371702
-0.0181731
0.143023
-0.0958388
-0.0840016
0.00682316
0.103147
-0.00977817
0.00308008
0.086758
0.0524566
0.0136531
-0.0661097
0.00191217
-0.0117441
0.143153
-0.091776
-0.039633
0.067365
-0.0764349
0.0122861
-0.111698
0.00963775
0.0897742
-0.0330236
-0.0620819
0.0106592
0.0844464
-0.0647567
0.0483931
-0.0433922
0.149488
-0.081875
0.0200681
-0.0975886
0.0348989
-0.048389
0.00044435
-0.0846875
0.0397807
0.000223752
-0.0898905
0.0577347
-0.0636042
0.0221122
-0.0610407
0.0581524
-0.0693775
-0.00465485
0.0623444
0.0711177
0.0219315
-0.0749306
-0.0171778
-0.072385
0.0347285
0.0376565
0.027801
-0.0948292
-0.0474178
0.0616809
0.0154912
3.21279e-05
0.0641177
-0.0132038
0.0315664
-0.11049
0.0921274
-0.0901976
0.0328429
0.00969288
0.143611
0.0056113
0.0191771
0.0479335
0.00198996
-0.0691005
0.066892
-0.0938724
-0.0360177
0.112162
0.0433921
-0.119536
0.0532074
-0.0517395
-0.0268594
0.0202941
0.0568882
0.121295
0.0605979
-0.1387
-0.00528337
-0.000141969
-0.0530316
-0.0479779
0.0710388
-0.0854608
0.0623999
-0.0675598
-0.0215315
-0.00037577
-0.0195846
-0.0548269
-0.00632952
0.0807411
-0.118545
0.0352328
0.035334
-0.0359072
-0.00837562
-0.0306808
-0.0761409
0.0390298
-0.0456644
0.0635749
0.00196537
-0.0655403
-0.00121165
0.023697
-0.0683842
0.0537356
-0.0730069
0.0149808
-0.00146628
-0.125146
0.00630616
-0.0728769
0.0773891
-0.0936448
0.0144627
0.00617522
0.0527455
-0.0468501
0.131199
0.0824618
-0.112418
0.00152744
0.0425857
0.00343043
0.0828683
-0.0608851
-0.026089
-0.0620643
0.0595006
-0.00598441
-0.00275905
-0.0858107
0.0273292
0.0612405
-0.00212727
0.066999
-0.0648718
0.0947689
-0.090591
-0.036466
-0.053851
-0.00422211
-0.00445327
0.0456254
0.0348775
-0.0392168
0.0312734
-0.0595601
-0.105615
0.10784
0.0900147
-0.0683544
0.0649743
0.100852
0.0287758
-0.0547397
-0.0268139
-0.0673989
-0.000955506
0.00248545
-0.0535533
-0.0104515
0.0121274
0.0518775
0.0567354
0.0136956
-0.0442649
-0.045346
0.0669777
-0.0572404
0.0486895
0.00855096
0.0333307
-0.0338178
-0.0567533
-0.0105139
0.0592033
0.0326312
-0.00981442
0.0681676
-0.00200342
0.051832
-0.0942622
0.0918012
-0.049371
0.00662548
0.0603631
-0.0600612
0.0666867
0.0848642
-0.0913714
-0.0378294
0.0008355
-0.0268504
0.0593882
-0.0608352
0.0219633
0.051667
-0.0552325
-0.0985916
0.00878312
-0.106091
0.103249
-0.00594041
-0.0754521
0.0842352
-0.0117823
0.024695
-0.0914743
0.0337428
0.0399442
0.00148331
0.100646
0.00713716
0.00111663
0.0231197
0.0201127
0.0225425
-0.0657749
-0.00315731
0.109572
-0.129598
-0.147013
-0.0417602
0.0599894
0.0102945
0.0623726
-0.0703691
-0.0793778
0.0448669
0.0945674
0.100578
0.0109118
-0.0557775
-0.010277
-0.0114914
-0.0550203
0.00545871
0.0610531
-0.0843871
0.03146
0.0492118
0.00116986
-0.072907
0.00629124
0.0666298
-0.000915753
-0.0719912
-0.0661205
-0.0349035
0.0163561
-0.0934015
-0.00939015
0.053494
-0.100324
-0.0396127
0.0465352
-0.037906
-0.0274143
-0.0946054
0.0216958
-0.0593375
0.00973218
0.0213285
-0.018739
0.0558293
0.00505308
-0.10389
-0.0320906
-0.0126713
0.079001
-0.0787074
-0.000293555
-0.000102447
0.0794938
0.0782801
-0.0132787
-0.0865863
0.051008
-0.00304567
0.0276677
0.0642654
0.00742842
-0.0745142
0.0691583
-0.0546913
-0.0198229
0.11203
-0.062782
0.060218
-0.0527279
-0.016944
0.0552116
0.0144603
0.107504
0.0358026
-0.0184448
-0.0342831
-0.0671524
0.00204426
0.0796424
-0.0784023
-0.0364988
-0.0580166
0.0380214
0.056494
0.0874171
-0.0338512
-0.0468145
-0.00662826
-0.0843341
0.145333
-0.0840844
0.0252294
0.000157763
-0.00591381
-0.00110956
0.0505347
-0.0494252
-0.0485009
-0.00435866
0.0055276
-0.0863341
-0.0695308
0.0838695
0.0014328
0.00203386
0.0622116
-0.0883286
0.00860078
0.0175162
-0.0662751
0.0677763
-0.00774059
0.0323578
-0.025961
0.0272664
0.0382036
0.0196639
-0.0578675
0.00845503
0.0547009
-0.00672734
-0.0581767
-0.0316536
0.00549631
-0.0286754
0.00787639
0.0266328
-0.0450776
0.00224785
-0.0515665
0.0313847
-0.00243208
-0.0476955
0.0501276
0.0420894
-0.0355873
-0.00949035
-0.0352126
0.00176894
0.0431827
-0.0449516
-0.00174442
0.0495589
0.00171434
0.023562
-0.0972719
0.068226
0.0270905
-0.00149848
0.00384459
-0.0505816
0.046737
0.0387166
0.00187356
-0.0376077
-0.0689784
0.190115
-0.070751
0.0686718
-0.183096
0.0773486
0.0116594
0.0816301
0.00472631
-0.0229192
-0.0634372
0.0753341
-0.0443896
-0.0759518
0.0450074
-0.0306333
0.0311957
-0.0635573
-0.00041884
0.0113895
0.0126217
0.0497901
-0.0624118
-0.00301541
0.0788913
0.00575414
-0.0645917
0.0615763
0.0565739
-0.0642877
0.13196
-0.0112646
0.0100898
0.033747
0.108542
-0.0827805
-0.0624483
0.0902554
0.0249363
0.0131
-0.113941
0.00166317
-0.00411161
0.049962
-0.0152646
0.00701439
0.0794606
-6.50536e-05
0.0956224
-0.00902001
-0.0865373
0.0631789
0.0992098
-0.0649459
0.028595
0.0413019
-0.0740084
-0.0418698
-0.023836
-0.0663298
0.132036
-0.0669319
0.103232
-0.0736195
0.100061
-0.0396436
-0.074504
0.0840515
0.0486543
-0.0209786
0.0943334
-0.0767898
0.0426712
0.102752
-0.0774068
-0.0223405
-0.0167654
0.117795
0.00296848
-0.00278423
0.068919
-0.0710226
0.00210357
0.0691585
-0.00879536
0.00337959
0.0552775
-0.0248546
0.100786
-0.0594847
-0.116956
0.117209
-0.0794616
0.0238919
-0.0273509
0.121185
-0.0955862
-0.0825867
0.10417
-0.0190079
-0.0384148
-0.00817922
0.133755
0.0678516
-0.0696253
-0.0321351
0.0339088
-0.00437844
-0.0148675
0.0712058
-0.0519599
0.0513416
-0.0436991
0.0410696
-0.000842842
-0.05505
-0.0101626
-0.057718
-0.0137527
0.0826869
-0.0555445
-0.0750306
0.157845
0.0330759
0.114192
-0.0331953
-0.0795957
0.115932
-0.100977
-0.118358
0.0378737
0.0569486
-0.0564908
-0.0623518
0.108209
0.0832403
0.00456429
-0.0290543
0.0909407
-0.021496
0.0964755
-0.0423484
0.0714891
0.015173
-0.101486
0.0148241
-0.0928993
-0.0393697
0.115581
0.0393177
-0.115529
-0.0152412
-0.0147495
-0.0752588
0.0356307
0.0137035
-0.0639997
-0.0230423
0.0718007
-0.0880147
-0.0139991
0.0145351
0.0296906
0.103065
-0.103003
-0.043826
0.0192927
0.0390684
-0.0623896
0.087367
0.0193292
0.0469218
-0.0572209
0.0197559
-0.0934587
0.000156028
0.0875352
-0.00526093
-0.0711634
-0.00660344
-0.123291
0.0894308
-0.00393144
0.14206
-0.00369761
-0.0715828
0.00779998
-0.0221813
0.0661478
-0.00814597
-0.0241888
-0.055543
0.0878778
-0.0195298
-0.103333
-0.00154827
0.0565479
0.0018546
0.119658
-0.0401806
-0.0472435
0.112084
-0.0860553
-0.176904
0.0279121
0.0595095
-0.0293939
-0.0913614
0.0612458
0.0518909
0.0498498
-0.080215
0.00586762
0.126238
-0.0241371
-0.111669
0.0612738
0.0745321
0.0665478
-0.0360034
-0.0618361
0.113333
0.0172296
-0.0457555
0.076066
-0.0265362
0.0758174
-0.0178363
-0.0314449
-0.0005168
-0.0721791
0.0716623
0.0808448
0.0370608
-0.0858425
0.0424522
0.0749769
-0.0299328
0.0392255
0.0681391
-0.000774137
0.00308568
0.00493076
0.0883
-0.0917776
0.00627796
-0.00280029
-0.0532808
0.0136359
-0.0513854
0.0484385
0.0665513
-0.0140398
0.0739149
-0.0598752
0.0456707
-0.0745807
-0.0108703
0.00464689
-0.0564037
-0.0580746
-0.0360551
-0.0936004
0.0148513
-0.00153061
-0.0720291
0.0772986
-0.171119
0.0671559
0.0266644
-0.0283149
-0.0824761
-0.0590356
-0.0526947
0.0145593
-0.0443407
0.00133311
-0.0629144
-0.106944
0.111992
-0.0865969
-0.040642
0.0834903
0.0404848
-0.083333
-0.0839538
-0.0502075
0.0525263
-0.0688142
-0.0429161
-0.0865577
-0.0678636
-0.00808198
-0.045713
0.00581115
-0.00334351
-0.0562518
0.0177091
-0.0687387
-0.03571
-0.0579115
0.0633502
-0.0665056
0.0188358
-0.0553188
-0.022861
0.0319215
0.00130903
-0.0660378
0.0647288
-0.0257772
-0.0612542
0.0540256
-0.0186019
-0.0220715
0.0415837
-0.061792
0.00291858
-0.00459433
-0.00250046
0.0785656
0.0229988
-0.0274147
0.0645254
-0.0601095
-0.0500356
0.120201
0.00917658
0.0416169
-0.0230859
-0.0701323
0.0968288
-0.00361057
0.0542911
-0.0693936
0.0506089
-0.052417
0.0615936
0.0046849
0.00404779
0.0303008
0.0663768
-0.0851199
-0.0322113
-0.0380755
-0.0506271
0.021667
-0.135333
0.150846
0.0379806
-0.0620464
-0.0312907
0.0277837
-0.0296686
-0.0743194
-0.0026197
0.0472729
-0.0147086
0.0136394
-0.0558663
0.127512
-0.0571874
0.0532758
0.0457922
-0.103078
0.0842507
0.00422372
0.131848
0.0315165
-0.023372
-0.0871655
-0.0866261
-0.0147444
0.0842609
0.0150302
-0.0488127
0.036268
0.144653
-0.00603015
-0.0398053
0.109154
0.0677166
-0.064337
0.0640676
-0.040989
0.100338
0.00792331
-0.0278276
-0.0840626
-0.050223
-0.0384248
-0.0729235
-0.011649
-0.0239517
-0.106649
-0.0853736
0.103276
-0.0112415
-0.0586926
-0.0305857
0.0887381
-0.0760822
0.0018363
0.097069
-0.114507
0.00248269
0.0709438
-0.0976153
0.0340897
0.0103948
0.039862
0.0597513
0.000427355
-0.0928152
-9.6387e-05
0.0924843
-0.042328
0.0386593
-0.0990587
0.0622596
0.0187305
-0.0290546
-0.0971154
-0.0151806
0.0621485
-0.080856
-0.0826358
-0.0975454
-0.0585189
0.00372336
0.0557714
0.00289111
-0.00170417
0.0574756
-0.0653988
0.119809
-0.0733913
0.0624686
-0.0590298
0.0451798
0.0744631
0.0947583
-0.0697587
0.00166284
-0.0603163
0.00432202
0.057646
0.0204019
-0.0165289
-0.0615189
0.0349954
-0.0997745
0.0646381
0.0289912
-0.0743979
-0.0712775
-0.0229595
0.0972193
0.0663429
-0.0682856
0.000461424
-0.00765731
-0.0601047
0.067762
-0.083235
0.0758071
-0.00262529
0.0478404
-0.0531886
-0.0266319
-0.0394973
0.0389116
-0.0818281
-0.000532264
0.00227592
0.0513476
-0.107667
-0.0339703
0.0315783
-0.00305485
-0.002392
-0.00108804
0.0300851
-0.0523481
0.0588967
-0.071704
0.0783325
0.0125485
-0.0673062
0.0835005
-0.0373431
0.0449549
0.0863816
-0.077765
0.00134156
-0.0100846
0.121243
-0.10541
-0.0062731
0.0408269
0.00587851
-0.157629
0.0750741
0.0503927
0.0528638
-0.0669864
0.0810829
-0.00702243
0.0187328
-0.0667307
-0.0120001
0.0613021
0.0427946
-0.0920607
0.00840374
0.0544896
-0.0478643
0.0168333
-0.0177924
-0.0646014
0.107033
0.0173106
0.00955276
-0.056464
-0.00431932
-0.119143
0.00219288
0.123139
0.0441768
0.0152968
-0.036964
0.0875312
-0.00135999
0.0239915
-0.0443513
-0.0794989
0.0762665
-0.037764
0.084361
-0.0666481
0.00794756
0.0764134
-0.199646
0.141868
0.119794
0.0290738
-0.11065
0.0726193
0.00895664
-0.0526402
-0.104639
0.109914
0.0601886
-0.073869
0.0732748
-0.0130863
-0.0315124
0.00992354
0.0690371
-0.0970674
0.139669
-0.0341111
-0.0900171
-0.0740773
0.0542937
-0.0343264
0.00215519
-0.0360679
0.0339127
0.000543482
0.0626611
-0.0632045
0.0033487
0.108851
0.0562062
-0.0595497
0.00716562
-0.053996
0.0633718
0.0607717
-0.0806481
-0.00158871
0.0214651
-0.0395753
0.0883643
-0.0629812
-0.0773951
0.055584
0.0269434
0.0723374
-0.0862534
-0.0276929
0.0396541
0.0742923
-0.0139004
-0.0258807
0.0975158
0.0697755
-0.0360348
-0.100883
0.0671424
0.0886946
-0.010283
0.0114191
-0.0608271
0.0416174
0.00829356
0.0109162
0.0851225
-0.0393127
-0.0941254
0.0133383
-0.0998559
-0.017366
-0.0602482
-0.000578875
0.0503392
-0.0789403
0.0471645
0.0440243
0.0574858
-0.100019
0.11915
0.111623
0.00550217
-0.0954364
-0.00494636
0.00748347
-0.0994456
0.131631
0.0600066
0.0521616
-0.0575517
-0.0713564
0.0211599
-0.0692947
-0.0591443
0.123972
0.00446739
0.000319675
-0.0792719
-0.071538
0.0884104
-0.0128067
-0.0947836
-0.043104
0.000656808
0.0669685
0.0846045
0.0888282
0.00675166
-0.0404679
0.0398377
0.0409484
-0.0539782
0.0920896
-0.0442955
0.000475664
0.0420147
0.0444398
-0.0187784
0.0912871
0.00875918
0.0535454
0.0310162
-0.0760103
0.00832861
0.0695678
0.0332126
0.012708
0.0615814
0.0589687
0.00261267
0.0791806
0.0880811
0.0786865
-0.103671
0.0613803
0.00410989
0.0210114
0.0767521
-0.0617049
-0.0360586
0.0784863
0.0219152
-0.0381084
-0.0444441
-0.0568524
0.0338604
0.073985
-0.0377632
-0.01435
0.143524
-0.0665075
-0.017367
0.086934
-0.11015
0.139481
-0.0650321
0.0913439
-0.0580134
0.0431223
-0.0444361
-0.00151654
-0.062449
-0.0324367
-0.0593634
0.0423884
-0.0497195
-0.0191876
-0.019741
0.0188931
-0.040567
0.022959
-0.0261461
-0.0423764
-0.0171085
-0.0415948
-0.0283905
-0.0406386
0.00939943
-0.0709519
0.00921509
-0.131275
0.0446399
0.0582324
0.00015525
0.0522718
-0.0735188
0.0478359
0.0019535
0.0223393
-0.0379176
-0.0527523
0.00232886
0.0740122
-0.0920711
0.0230731
0.0772866
0.0879727
-0.0586187
0.0211389
-0.0379568
-0.0787397
-0.00380351
-0.0514846
-0.0672594
0.110655
-0.0368334
-0.00656221
0.0835199
-0.0938849
0.076199
-0.065834
-0.000384661
0.00994336
-0.0387239
-0.0184431
0.0534371
-0.0102378
-0.0431992
-0.114731
0.0174629
0.0388201
-0.0204324
-0.0504707
-0.0619169
-0.0193962
0.0226787
0.0308402
-0.133853
-0.0438156
0.0980955
0.00686531
0.0394398
-0.0687209
0.156877
-0.185745
0.126964
0.0687751
-0.0646819
0.027921
-0.10871
-0.00728694
0.0880762
-0.0627165
-0.076185
-0.00666364
-0.0248765
0.00363696
0.0315001
-0.000590002
0.0864176
-0.0154362
0.0566146
-0.0895069
-0.0566883
-0.0388406
-0.0774235
0.0314897
0.139228
-0.0682128
-0.0197699
0.0229586
-0.0362345
0.0660457
-0.0805156
0.099492
-0.00314867
-0.0851954
0.0243848
0.00230115
0.0854234
0.092412
-0.000981394
-0.0621349
-0.0886043
-0.0360018
-0.0745265
-0.0759595
0.00063321
-0.0911426
0.0168525
-0.0625775
-0.0125612
-0.100326
0.102877
0.0857572
-0.017202
0.0151529
-0.0837082
0.0699101
0.046202
-0.0523476
-0.0947207
0.097033
-0.0337744
0.115568
0.0398336
0.0292035
-0.0321176
-0.0154031
-0.00604569
-0.0880415
-0.00560034
0.0877783
-0.072257
-0.0827965
0.156621
-0.0190097
-0.0626987
0.0134669
-0.0755436
-0.131908
0.0898066
0.0478178
0.0641314
0.0179697
-0.0875951
-0.0303935
-0.00275187
-0.0581314
-0.00386567
0.0296303
-0.0106315
-0.0698116
0.00138216
-0.031895
0.100329
0.0546572
0.00557522
0.0440314
-0.0154073
-0.0457849
-0.0519555
0.072428
-0.0533602
-0.118466
0.0261304
0.0553712
0.0471355
-0.0486574
-0.0580691
0.057723
-0.0624263
0.114012
-0.0874431
0.0358574
-0.108693
-0.0592333
0.0409263
0.1082
-0.0273093
-0.0704166
0.0639636
-0.0396293
-0.0125103
0.0609371
-0.0235128
-0.0687569
0.0294436
0.0889579
0.00765381
-0.00506697
0.0472828
-0.000147415
0.00319953
0.054385
0.0987576
-0.0677451
-0.0509377
0.0343251
-0.0458036
0.111439
0.0788939
-0.0634444
-0.0106757
-0.0835393
-0.00431801
0.0693111
-0.0575292
0.059352
-0.0779195
0.0192664
-0.0193792
0.077475
-0.107772
0.0951433
-0.0231186
-0.00412313
0.115776
-0.111734
8.04505e-05
0.00253054
0.0766081
-0.0791386
-0.116327
0.0758801
0.0537699
-0.064881
0.00463272
-0.111699
0.0396942
0.0515232
0.0336514
0.0100594
0.0339533
0.0450687
-0.00320456
-0.112606
0.0911831
0.0214546
0.0150383
0.0817382
-0.0635638
-0.097291
0.0661908
0.067828
-0.0755179
0.0104848
-0.0153432
-0.0575373
0.0478301
-0.00433153
0.122611
-0.0616644
-0.0399784
-0.0759245
-0.00431684
-0.0378037
-0.0649754
0.00300463
0.0610196
-0.0684679
0.0621456
-0.0190469
0.016814
0.066672
-0.00577023
0.0726663
0.0690682
0.0189993
0.0613407
0.0133911
-0.0910702
-0.0469327
-0.0377037
0.0217073
0.0599006
-0.0912471
0.0577646
0.00550162
0.0970977
0.00685737
-0.0536472
0.00523315
0.00541627
-0.0733106
0.0725792
-0.0422425
-0.00484072
0.0524995
-0.0609564
0.0528036
-0.0120214
0.0723598
-0.0216271
-0.0401388
-0.000790126
0.0424075
0.0113336
-0.0492485
-0.0143102
-0.0447492
0.0510108
-0.00842329
0.0021617
-0.0454949
0.0383667
0.0439878
0.039727
-0.0327779
0.0174267
0.00854009
-0.0532893
0.0363087
0.00982193
-0.0518498
0.01108
-0.0320489
0.0904364
0.00653035
0.0684531
-0.0757841
0.0439688
-0.0696141
-0.00277942
-0.0740691
-0.0838789
-0.00662792
-0.0604285
0.074933
0.0641461
-0.101123
0.0753111
-0.0606038
-0.0395243
0.000815152
0.0373177
-0.0258375
0.0110823
0.0653003
0.0871897
-0.0774056
0.0477687
-0.0496941
-0.00562929
-0.0576555
0.0470306
0.0984408
-0.101513
0.0559679
-0.065865
-0.0082972
0.0315025
-0.0509213
0.0324867
-0.0660994
0.0961732
0.0541704
0.042245
-0.0400898
0.00125858
0.0160126
0.00244689
0.0236436
-0.0421031
0.0651293
-0.0127946
0.0127327
-0.0422653
-0.00872196
-0.0638282
-0.0102728
-0.105207
-0.108978
-0.0114908
0.0710353
-0.0518191
0.0786896
-0.0149678
-0.0760553
0.0568165
0.00716088
0.012489
0.0297392
-0.0859693
-0.0140515
-0.114882
-0.104201
0.0907227
0.0728183
-0.117616
-0.0937098
0.1136
0.00679734
0.000138125
-0.0430185
0.122972
-0.134236
-0.0973753
0.0119349
0.0178636
-0.0148033
0.0378042
-0.000518277
0.144176
-0.000929066
0.0591335
0.068684
0.00443051
-0.070756
0.00477152
-0.123258
0.0686196
0.00529931
0.0901179
-0.0305832
0.0202224
-0.107911
-0.0294419
0.0856149
0.0386763
-0.0829893
0.00932258
-0.0101341
0.0568705
0.0458839
-0.0506789
0.061196
0.00345761
0.0243964
-0.0149434
0.108342
-0.0630404
0.0453454
-0.0780093
-0.0252866
0.111219
-0.0271842
0.00647229
0.0183339
-0.115312
0.0905059
-0.0293016
-0.040584
0.0134821
0.064433
-0.0750791
-0.0291776
0.000780267
-0.0462312
0.0449541
-0.0543837
0.0477552
-0.00252675
-0.11085
-0.0192389
0.0503267
-0.00191591
-0.0866793
-0.0654317
0.00907489
0.0625073
-0.0781797
0.078656
-0.0149358
0.0736677
-0.0639928
-0.0111127
0.00103911
0.0443907
0.000300276
-0.0703164
-0.0822367
-0.0913488
0.0937253
-0.0716713
0.00482864
0.0972691
0.0646896
-0.0824548
-0.00482905
0.0828674
-0.0356412
0.0688925
-0.105668
0.154522
-0.0841172
0.0456485
0.0384687
0.0360742
0.0057715
0.0561847
-0.00481719
-0.0545552
0.0593723
0.0391039
-0.0396222
0.0779932
0.0896843
0.109552
-0.0358132
-0.108679
-0.0303187
0.0113753
0.0256868
0.0262521
-0.0751048
-0.0149353
-0.0959676
0.0825466
-0.0826049
0.0800604
-0.100811
0.0683249
0.0853006
0.0731677
-0.00233752
-0.0831006
0.0443027
-0.0474042
0.0999333
0.0424007
-0.0372913
0.0809281
-0.059445
-0.000983498
0.036614
-0.0528095
0.0418823
-0.00390249
-0.0674851
0.0734023
-0.0646811
0.00116381
-0.0753368
-0.0241158
0.0513137
0.048658
0.138923
-0.0817422
0.086212
0.0920663
-0.0520401
0.125013
0.0813829
-0.0531962
-0.0555863
0.129093
-0.0663574
0.0101675
-0.0128103
0.011278
0.0474947
-0.0130656
0.0499876
-0.0252577
-0.0516155
-0.00787089
-0.12613
-0.0183742
-0.104772
-0.0124112
-0.0421208
0.0338099
-0.0414243
-0.0402674
0.0413316
-0.00345622
-0.114872
0.0128089
0.0606273
-0.0067852
-0.0483834
0.0666106
-0.0612394
-0.0226478
0.0672094
-0.0032118
0.000412182
0.060618
0.0745435
-0.0741313
-0.0413296
0.0335806
-0.0749102
-0.100294
-0.0290639
0.0866735
0.0438726
0.0887618
-0.0547429
-0.0389147
0.0796238
0.0194226
0.0685798
-0.0770101
0.0263004
-0.0707758
-0.0453023
-0.00713063
0.0284381
0.066815
0.0927479
-0.0416981
0.135907
-0.156786
0.00209176
-0.00675876
-0.102641
0.0920274
-0.126317
0.042608
0.103937
-0.188243
-0.000431127
0.0612401
-0.055061
-0.0156335
-0.0329161
0.0853705
0.0135178
-0.033627
-0.0264594
0.0522493
0.0202515
-0.00271734
-0.104626
0.0761053
0.107655
0.00519911
0.00757369
-0.120428
-0.0536632
0.0428527
0.146598
0.00325414
-0.0196416
-0.0400762
0.05222
0.018416
0.107596
-0.108437
0.010822
0.0721727
-0.0931234
0.0716184
0.00399075
0.0885494
-0.00209984
0.000813806
-0.0573463
0.0634749
0.0722978
0.000403865
0.0609466
0.00625954
-0.0425124
0.130715
0.0557243
-0.0554922
-0.0700294
0.0664306
0.0108611
0.0364999
0.0918749
-0.0619049
-0.0573291
0.0552175
0.0860968
-0.0839852
0.110836
-0.106837
-0.0346805
0.0256833
0.019943
-0.0835831
0.0507814
-0.00839304
0.00385109
0.0195604
0.0874249
0.0810313
-0.00560929
-0.12777
0.11509
-0.0279596
0.027902
-0.0724781
-0.0178502
-0.0367886
0.0879479
-0.0232572
-0.00415847
0.00730902
-0.0390112
-0.0385167
-0.0450213
-0.0391748
-0.11482
-0.0678651
0.102399
-0.00496668
-0.0109061
-0.0745872
0.047078
-0.0946036
-0.0801423
-0.0736874
-0.0018161
0.071969
0.029249
0.0159457
-0.0207883
0.0982236
0.00252267
-0.0958155
-0.0195975
0.012613
0.0606906
-0.0708256
-0.0808105
0.00727373
0.00886168
0.014766
-0.0148681
0.0768542
-0.035804
0.00485956
-0.0588712
-0.00067844
0.00215435
0.0626767
-0.0788471
-0.0112309
-0.0381316
0.096921
0.0516609
-0.0754492
-0.00382694
0.0132317
-0.0404505
0.0189168
0.00614025
-0.000513717
-0.00949017
0.011281
-0.0727207
0.0729495
0.0494924
-0.0543214
0.0572146
0.019872
-0.0709114
-0.084576
0.0522965
0.0457288
-0.0197424
-0.0157684
-0.00503744
-0.00924379
0.107129
-0.00226231
0.0918023
-0.0928649
0.0255772
0.0185826
-0.031996
0.0696294
0.0563126
-0.0732949
0.0743552
0.000704762
-0.0638815
-0.0199124
-0.0146938
0.0768848
0.066503
0.107173
-0.0864156
0.00083108
-0.107011
-0.0184028
0.0656957
-0.10585
-0.167325
0.0713991
-0.0981902
0.0961688
0.0955676
0.0925149
-0.0193988
-0.0596559
-0.00202518
-0.0667565
-0.0078641
-0.0202197
0.104643
-0.0752342
-0.0225854
0.0304698
0.0514604
-0.0111652
-0.00197932
-0.0671585
-0.0459423
0.104034
0.0820753
-0.0140942
0.00901501
0.0794397
-0.0788183
0.0740703
0.0543938
-0.00276791
0.041074
-0.0931486
0.0031851
-0.140336
0.0956788
-0.062952
-0.0500459
-0.016013
0.00401464
-0.0127197
0.0592185
-0.0615004
0.111447
-0.11215
0.0179774
-0.129929
-0.0208871
0.092065
0.0276353
-0.118688
0.0254129
0.01722
-0.0435751
0.0943347
-0.0164344
0.131936
-0.0452546
-0.0948607
-0.105995
-0.0747279
-0.0564501
0.0023291
-0.0486341
-0.00137772
0.0659022
-0.00526512
-0.0693009
0.0620444
0.0367172
-0.0294607
0.0545936
0.0164903
-0.0474569
-0.00389208
-0.0591592
0.00866757
0.0722867
0.0651043
0.00471158
0.0526368
-0.0573484
0.0279665
-0.068942
0.0804432
0.0630476
-0.207853
0.0643617
0.0248297
-0.0219248
-0.0237023
0.0896939
-0.00981181
-0.134531
-0.00849991
0.147645
-0.0878954
-0.021073
-0.00118784
-0.00242167
-0.00356225
-0.104198
-0.0109275
-0.0183013
-0.0595813
0.0634929
-0.0626618
0.0792393
-0.109069
0.0786102
-0.0332472
-0.0273305
-0.0801677
0.00146884
-0.0861747
-0.0278812
0.108179
-0.0184371
-0.00385766
0.030701
-0.0804435
0.0584263
0.0759843
-0.0645272
-0.0292252
-0.0107934
0.0425888
0.0654687
0.0488983
0.0545408
0.00110013
-0.000726934
-0.00447141
0.108872
0.00123845
0.0143065
-0.106842
0.0682
0.0780866
0.0857779
0.039678
-0.00524678
0.00881758
0.00704003
0.115062
-0.0559514
-0.00284341
-0.125882
0.0538155
0.00195631
-0.0255606
0.0609602
0.0607634
0.0778701
0.0596634
-0.0784208
0.0140842
-0.0441244
-0.0406256
0.0677815
-0.0602321
-0.0740305
0.0466891
0.059131
-0.0470934
-0.00956176
0.125442
-0.132235
-0.0636954
-0.0284801
0.00919263
-0.0269064
-0.0894263
0.0756847
-0.132771
0.0210304
0.00411669
-0.137133
-0.00832623
0.00258929
0.118369
-0.0188411
0.0550297
-0.0632298
0.0203301
0.0429438
-0.0472613
-0.00134087
0.000239605
0.15488
-0.0537565
0.0784968
-0.0721906
0.0136304
-0.0814171
-0.0595152
0.128787
0.0245138
0.0136082
-0.066275
-0.0920517
0.000934105
-0.0809977
-0.0729591
0.0611237
0.054698
-0.0332694
0.0509436
-0.101906
0.0332353
-0.0472254
-0.104894
0.0993876
0.0155642
-0.0969032
0.0261998
0.0762812
-0.0615265
-0.0746858
-0.0819989
-0.0600915
-0.0436154
-0.0456996
-0.0134209
0.017352
0.0374008
0.0388657
-0.121104
0.0164113
-0.113296
0.0437569
-0.0543734
-0.106587
-0.105916
0.0812482
0.0915153
0.000285888
0.0377141
0.0354872
0.162366
-0.0366178
-0.0128604
-0.0976197
-0.0228879
0.0667526
0.134397
-0.0743897
0.0106552
-0.0174626
0.0757882
-0.0689943
-0.00679398
-0.0182201
0.0765527
-0.0111396
0.00480164
-0.119593
0.12174
0.154589
-0.149529
0.112266
-0.00419287
-0.00103265
0.0536332
0.0200784
-0.127878
-0.0914731
0.0935648
-0.0886074
0.124843
-0.1174
0.0235925
0.0443098
0.000664989
0.21538
-0.00670083
-0.0741362
0.005717
0.125105
5.69079e-05
0.00385517
0.031762
-0.0485637
0.0423021
-0.0831617
0.0245773
0.0162823
0.0352904
0.0231743
-0.0354659
0.000182536
-0.0869687
0.0700772
-0.0123935
-0.0285912
-0.0495702
0.0110515
0.0161387
0.0940112
-0.0662736
0.0949341
-0.0705157
0.0207614
0.053768
-0.0790873
-0.00262302
0.0815924
-0.00118449
-0.0243645
0.0887944
0.0083236
-0.0802032
-0.00338276
0.0752624
-0.0509457
-0.0398501
-0.0755341
0.0230309
-0.0110595
-0.0500203
-0.0571952
0.0580552
-0.0035765
0.0110029
-0.0147132
0.0317526
0.00732316
-0.0951198
-0.00524901
-0.0554899
0.0369439
-0.0509012
0.0176755
0.114815
0.0481977
-0.019661
0.0505415
-0.0268777
-0.0948726
0.05065
-0.003102
-0.0848894
-0.000961732
0.104802
-0.0495028
0.0814341
-0.0200702
-0.0199652
-0.103785
0.0343904
0.0610494
-7.20707e-05
-0.00114227
-0.179344
0.0916138
-0.0975525
-0.0363392
-0.0405198
-0.0917435
0.0762061
0.0545829
-0.0565065
-0.0135553
-0.0711435
-0.00164911
-0.0421665
0.0361534
0.00216588
-0.0360081
0.0572748
0.0283296
-0.0938274
0.00822293
0.124661
0.0356411
0.0786855
0.105269
-0.0478999
-0.0432988
0.0537912
-0.0969042
0.0870733
-0.0414248
0.0524258
0.00992157
0.0738025
-0.0572533
0.0682103
-0.0364631
0.0991677
0.000129219
0.0945609
0.0404865
-0.0748569
-0.0601905
-0.108435
0.0714902
-0.0408159
0.00515016
0.0837794
0.0530177
0.123264
0.0361948
0.0913488
-0.0643797
0.0190516
0.00248834
-0.0388056
0.123436
-0.0691749
-0.000793012
-0.0458815
-0.0582429
-0.0687717
-0.0264257
-0.0436611
0.0274464
-0.0891279
0.00971298
-0.0104499
-0.0575575
0.0496477
0.0527782
-0.0521863
-0.000591837
-0.0847451
0.0652002
-0.0897064
-0.0773431
-0.0991991
0.0654676
-0.0171943
0.0598221
-0.020899
-0.0158792
0.0620076
0.0603479
-0.0316986
-0.0670134
-0.067703
0.0867553
0.00355153
-0.0903069
0.086386
-0.083578
0.0952373
0.0973151
-0.0471697
0.0439425
-7.96506e-05
-0.046321
0.0277913
0.0595697
-0.0308199
-0.0616968
-0.00662584
0.00858481
0.0349811
-0.0507765
0.00956733
0.0814414
0.0320661
0.010641
0.0111956
-0.0102363
0.04115
0.00913781
-0.163688
-0.0495298
-0.0446874
0.0554209
0.0151002
-0.0144875
0.00690073
0.0153533
0.0261287
-0.0726777
-0.0108291
-0.0315656
-0.00770956
-0.0476836
0.0768146
0.0252746
0.0592235
0.00953455
0.0391417
-0.0891089
0.0729254
-0.0711068
-0.0713947
0.0733135
-0.00323716
0.0725828
-0.0523499
0.0428617
-0.095502
0.0337763
-0.0654903
0.039998
-0.106168
-0.0671133
0.0749768
0.0813198
-0.00709219
-0.0863157
-0.0990586
0.0281395
0.0530689
0.0180766
0.00436509
0.0222436
-0.0712803
0.0489563
0.0726573
-0.0589663
-0.0842391
-0.0606721
0.00170574
-0.0523647
-0.04025
-0.0386816
-0.048926
0.0386001
-0.0767367
-0.0260593
0.0607576
0.000503143
0.0348151
-0.0431272
0.064288
0.0545399
-0.0473531
0.00387623
0.0446791
0.0161992
0.00212407
-0.0157416
0.0374243
-0.0420616
0.0433956
-0.0710205
-0.0409694
-0.00164149
-0.0617022
-0.0844823
0.0868925
-0.0788045
0.102858
0.00751158
-0.0515387
-0.0475729
0.0918973
0.0349841
0.0140149
0.0166413
-0.0930329
0.00172529
0.0367877
0.00813975
-0.0217968
0.0410245
-0.0508121
-0.0363189
-0.073379
0.155079
-0.000579446
-0.0780783
0.0487438
-0.0287234
-0.0500368
0.0874918
0.0321449
0.0860851
0.124609
0.0913555
-0.0960345
-0.024287
-0.00989347
0.0400096
-0.00992994
0.133435
0.0301197
0.0506476
0.0343614
0.00342158
0.00253269
-0.0332593
0.103235
0.0772148
-0.0800639
-0.00173315
-0.113673
0.195568
-0.0451656
0.191334
-0.0624352
0.149314
-0.0710656
0.114366
-0.0780097
-0.0115997
0.0504699
0.0729706
-0.0122311
-0.0659032
0.00432399
-0.0695959
0.0979241
0.0758147
0.00116274
-0.0502587
0.0910655
-0.0999511
0.0327602
0.0696391
-0.0234465
0.0883197
0.19916
-0.0498151
0.0778211
0.0390693
0.101767
-0.10357
-0.120198
-0.083544
0.00194473
-0.016992
0.0507634
-0.101244
0.053435
-0.0527945
-0.00925197
0.0634253
0.00950785
0.0147922
0.089603
0.0898285
0.0515937
-0.0338311
0.0529036
0.0139049
-0.073004
0.0623846
-0.126935
-0.00369462
-0.0522475
-0.0629966
0.013
-0.14539
-0.0726016
0.081725
0.0197437
-0.0288671
-0.00227274
-0.0718242
0.0530537
-0.0746453
0.0332066
-0.0323768
-0.00734899
-0.0799041
0.0392578
-0.0408585
0.0662802
-0.00590443
-0.00914468
0.0419068
-0.0850908
0.0378377
-0.00311663
0.0172939
-0.00126046
-0.0667966
0.0655361
-0.00792252
-0.0421662
-0.00588657
0.0559753
-0.0492105
0.000241284
-0.0489264
-0.0851866
0.00917221
0.0690353
0.088873
-0.000472294
0.0122877
6.31837e-06
0.000585427
-0.0385468
0.108368
-0.0387285
-0.0809462
0.0785952
0.061645
0.0967086
-0.0905155
0.0890823
-0.00300252
0.0341325
-0.0312868
0.067663
-0.00744496
0.0762592
0.0620131
-0.0437043
-0.0016676
0.0476687
-0.0435735
0.0803414
0.0109008
0.0251126
0.0663879
-0.108117
-0.0925778
-0.0440902
0.0558905
0.0555083
0.0948295
0.0570521
0.0889422
0.0335723
0.0704071
0.0856411
-0.019453
0.00388851
-0.0555039
0.0271478
0.00275824
-0.0483644
0.0626049
0.0630033
0.0383628
-0.0767152
0.05718
-0.0619903
0.0400719
-0.0751651
-0.0595427
-0.0670055
-0.0171004
0.0416055
-0.0400277
0.00699875
0.025716
-0.00127395
0.0689751
0.0335211
-0.0156038
0.0289109
0.0484382
-0.0342963
-0.0697349
-0.0527644
-0.0949831
-0.0546864
-0.10075
-0.0749478
-0.0795134
0.0596006
0.0582642
0.0849433
-0.00741943
0.0115838
-0.0104756
-0.0396523
0.11813
-0.058069
-0.0455009
0.0777528
-0.0828069
0.12414
0.0166832
-0.0938259
-0.0530173
0.119968
-0.090863
0.147149
0.00482805
-0.068563
0.0467034
0.117123
0.0159299
0.0844175
-0.0514548
0.104814
0.0509566
-0.0126148
-0.0468614
0.0328869
0.0640862
0.0532218
-0.0256808
-0.070447
-0.0236874
0.0477712
0.0994368
-0.0956441
0.00150573
-0.0712412
-0.0989857
0.00858206
0.0148853
0.0293355
-0.0557145
0.0691372
-0.0780164
-0.0750255
0.0785621
0.105262
-0.156335
-0.0869737
0.105375
0.0490462
-0.0554074
-0.0977722
0.0702211
-0.0762949
0.0294367
0.090001
-0.0858948
0.122623
0.00791661
0.100756
-0.042679
0.0128255
0.00840433
0.0439243
0.08297
0.0507954
-0.0554176
0.0566976
0.00834718
-0.00722402
-0.0894029
0.0765146
-0.0299261
-0.0362178
0.0601213
0.0646251
-0.0834968
0.00524823
0.0636549
-0.00101793
0.00967557
-0.0752794
0.0673563
-0.0618329
-0.0639249
-0.00287173
-0.0099209
0.0993155
0.000834404
-0.000806072
0.129347
0.0560538
0.0204996
-0.0731399
-0.0730351
-0.0444617
0.0515051
0.0659174
0.0675335
-0.0820544
0.149736
-0.0277513
0.0499392
-0.0297571
0.103969
-0.0399852
0.0913602
-0.0237861
0.0195484
0.0556773
-0.0214408
-0.00617026
0.142768
0.00175533
0.0763947
-0.0432044
-0.0604539
0.0361309
-0.0263108
-0.0266953
-0.112993
-0.0030221
0.0589053
0.0539383
-0.0021361
0.0572363
0.038634
-0.0198062
0.0683378
0.104114
0.0712297
0.0403554
-0.0142166
0.00588974
-0.00246729
0.0682844
0.118505
-0.00865075
0.0272981
-0.00645781
0.0437962
-0.099043
-0.0354196
0.00442029
0.0598908
0.0574202
-0.00357858
0.0429912
-0.00234969
0.0587349
0.0317096
-0.0309208
-0.0447024
0.00154025
-0.0222451
0.0132279
0.0457488
0.0572858
0.0636412
-0.0234538
-0.0370031
-0.0823657
-0.0478283
-0.00805693
-0.0627119
-0.08848
0.0630634
-0.0626551
-0.108872
-0.113202
-0.0691551
-0.000445512
0.0631391
0.00286886
-0.058699
0.0410657
-0.00877729
0.0287395
-0.0190588
-0.062258
0.180395
0.0328904
-0.0382434
0.048645
-0.100834
-0.0325513
-0.0556727
-0.105757
0.00096056
-0.074583
-0.0863831
-0.0739803
-0.0641122
-0.0518714
-0.101398
0.010088
0.0120569
0.0282499
-0.0391576
-0.0441565
-0.115104
0.0302433
-0.11519
0.00807573
-0.0669262
0.0476371
0.055213
-0.0364747
-0.0240286
-0.0131391
0.12776
)
;

boundaryField
{
    outlet
    {
        type            calculated;
        value           nonuniform List<scalar> 
150
(
0.0789463
0.0707389
0.0718458
0.0810243
0.0702728
0.0824148
0.079382
0.0668982
0.0798119
0.0870767
0.0849573
0.0810151
0.0735566
0.069276
0.0798345
0.0773515
0.100411
0.0705691
0.071056
0.0821753
0.0763496
0.0781651
0.0695757
0.0826033
0.0781954
0.0785783
0.0775842
0.070337
0.0740136
0.0715032
0.0687709
0.0746418
0.0749578
0.077438
0.0815554
0.0748225
0.087908
0.0797353
0.0921444
0.0832104
0.0917477
0.0815064
0.0950123
0.0700932
0.0877467
0.103693
0.108874
0.0827697
0.0834507
0.0607499
0.0770633
0.0768017
0.0877941
0.0883337
0.0798008
0.0778096
0.0705281
0.0759112
0.0585349
0.0630896
0.0837024
0.074197
0.101194
0.0895236
0.083346
0.0772055
0.0733281
0.0748194
0.0840193
0.0872431
0.0666535
0.0845137
0.0948059
0.0834622
0.0856311
0.0856532
0.0746015
0.0866083
0.0654549
0.067385
0.0826175
0.0667992
0.0779334
0.0856588
0.0893921
0.0605452
0.0846072
0.0837666
0.0777718
0.0669515
0.08681
0.077912
0.0953613
0.0856188
0.0817315
0.0787538
0.0894075
0.0759936
0.0786538
0.064103
0.0630497
0.078057
0.0646019
0.0831396
0.0769671
0.0815668
0.079546
0.0841584
0.084938
0.088571
0.0838781
0.0987153
0.106917
0.0972733
0.102487
0.0773491
0.0797573
0.0754286
0.101176
0.0719913
0.0951307
0.0904604
0.0817587
0.0817231
0.0836217
0.0729188
0.082526
0.096808
0.081425
0.0876272
0.0867384
0.0949339
0.0832592
0.0815037
0.0950633
0.0755744
0.0971895
0.0862159
0.076746
0.0737997
0.0795015
0.0830784
0.0833001
0.0975404
0.0910914
0.109186
0.0823404
0.0838561
0.0840308
0.0831903
)
;
    }
    walls
    {
        type            calculated;
        value           uniform 0;
    }
    inlet
    {
        type            calculated;
        value           nonuniform List<scalar> 0();
    }
    model
    {
        type            calculated;
        value           nonuniform List<scalar> 0();
    }
    procBoundary0to1
    {
        type            processor;
        value           nonuniform List<scalar> 
151
(
-0.0582703
-0.105938
-0.0708057
-0.148111
-0.0811279
-0.0584924
-0.0537865
-0.0740445
-0.0765455
-0.0801851
-0.0694307
-0.136954
-0.0858242
-0.121883
-0.0703546
-0.0645738
-0.074463
-0.114627
-0.139629
-0.0669164
-0.0576256
-0.0569719
-0.122851
-0.0678706
-0.0261395
-0.0937886
-0.0497927
-0.0868992
-0.078741
-0.0861343
-0.0630448
-0.0826279
-0.0819735
-0.130152
-0.102701
-0.0573132
-0.0641448
-0.0521123
-0.0726671
-0.0707767
-0.0748091
-0.0717025
-0.0776808
-0.0835975
-0.0672905
-0.0571222
-0.0624611
-0.073519
-0.0916417
-0.0782431
-0.078244
-0.0533785
-0.112241
-0.0835282
-0.0566114
-0.126144
-0.127252
-0.0876187
-0.0494397
-0.099919
-0.0717702
-0.110575
-0.0586625
-0.0761045
-0.0693105
-0.100298
-0.108354
-0.080779
-0.0781568
-0.0807794
-0.117561
-0.063374
-0.136747
-0.0651677
-0.104875
-0.0963548
-0.0489602
-0.0797729
-0.0442283
-0.0528331
-0.0811365
-0.0708872
-0.117938
0.00483298
-0.00413465
-0.0573083
-0.0938789
-0.0526019
-0.0570907
-0.0887375
-0.0479623
-0.0772547
-0.0904468
-0.0661642
-0.0833744
-0.0785555
-0.0527472
-0.123601
-0.0818042
-0.0830254
-0.0790524
-0.0511079
-0.031823
-0.111483
-0.0864783
-0.124138
-0.0913298
-0.0712103
-0.0665278
-0.107559
-0.0813657
-0.115846
-0.106926
-0.0749109
-0.115254
-0.063097
-0.144766
-0.0479274
-0.0679856
-0.0471354
-0.125678
-0.102355
-0.0530551
-0.0816988
-0.0577802
-0.0571139
-0.0940622
-0.0954343
-0.0627139
-0.0989459
-0.097979
-0.0915166
-0.0635705
-0.0685707
-0.100543
-0.0573525
-0.103186
-0.0633963
-0.0846458
-0.0837957
-0.105095
-0.110278
-0.0761657
-0.0682954
-0.109141
-0.102647
-0.0664226
-0.0517524
-0.0903833
-0.097869
-0.0828797
)
;
    }
}


// ************************************************************************* //
