/*--------------------------------*- C++ -*----------------------------------*\
| =========                 |                                                 |
| \\      /  F ield         | OpenFOAM: The Open Source CFD Toolbox           |
|  \\    /   O peration     | Version:  2506                                  |
|   \\  /    A nd           | Website:  www.openfoam.com                      |
|    \\/     M anipulation  |                                                 |
\*---------------------------------------------------------------------------*/
FoamFile
{
    version     2.0;
    format      ascii;
    arch        "LSB;label=32;scalar=64";
    class       surfaceScalarField;
    location    "0.0625936";
    object      phi;
}
// * * * * * * * * * * * * * * * * * * * * * * * * * * * * * * * * * * * * * //

dimensions      [0 3 -1 0 0 0 0];

oriented        oriented;

internalField   nonuniform List<scalar> 
7426
(
0.00134205
-0.000514914
-0.00589465
0.00506751
0.00581594
0.000322652
0.00369618
0.0250726
-0.0213889
-0.00737984
0.000162996
-2.47081e-05
-0.000101112
-3.71755e-05
0.000333063
-0.000808051
-0.000602279
0.00107727
0.000939981
-0.000359451
-0.000247467
9.87641e-05
-5.25295e-05
0.0007537
-0.000799935
0.000666523
0.000200889
-0.000549279
-0.000318134
-0.000362204
0.000555244
0.000526708
-0.000719749
-0.000768739
0.000464824
-0.000862406
0.00116632
0.000506349
-0.000295264
-0.000211085
-0.00111287
-3.89456e-06
0.00056729
0.00054948
-0.00547021
-0.0443987
0.00374237
0.000692029
-0.000215995
-0.000736965
0.000260931
0.00530177
-0.0531256
0.0307267
0.00297649
-0.041012
0.00730876
0.00116712
-0.00603414
0.0160431
-0.0111761
0.00827452
-0.00562644
-0.00948334
0.00683526
-0.00458135
0.015383
-0.00252717
0.000283463
0.0585568
-0.0580121
-0.000828154
-0.00488969
0.00743267
-0.0100392
0.00749621
0.00109772
4.49601e-05
0.000759554
0.0224041
0.0112932
-0.0020678
-0.0316294
-0.000977907
0.000554936
0.00152069
-0.045008
-0.000359134
0.0453671
-0.000480882
0.000330305
0.00101762
-0.000867048
-0.000239614
-0.00135414
0.00213788
-0.00122998
0.000246413
-0.00115432
0.000518696
0.00191442
0.00203635
-0.0017949
0.000277238
-0.00194063
0.00097587
0.000960866
0.000281644
-0.000307859
0.000206638
0.00211136
0.000390643
-0.000209075
0.000758413
0.000133238
-0.000793871
0.00105128
-0.00024146
0.00121086
-0.00119417
-0.00158423
-9.33032e-05
-0.000612662
0.0022902
-0.000545114
-0.000213727
9.83105e-06
0.000201714
2.1811e-06
0.00334039
0.000853115
-0.00226882
-0.00192469
-0.000325548
0.000408511
-8.29638e-05
0.00176047
-0.0735724
0.0991618
0.000108471
-0.000329935
-0.000104084
-7.29231e-05
-8.89932e-05
0.000570428
-0.000431311
0.000635611
-0.000277224
-8.8295e-05
-0.000234545
-0.0150331
0.0443516
-0.0216106
0.0021988
-2.04615e-05
-0.00185113
-0.000327209
-0.075247
-0.00979205
0.0292276
0.0558115
-0.000728859
0.000187918
0.0003986
0.000142341
0.000827072
-0.000521182
0.000480846
-0.000786736
-0.00050359
-0.000797821
0.0014946
-0.000193188
-0.0339221
6.55636e-05
0.0341346
0.023633
-0.0754738
0.0177061
0.00021256
-0.0365793
-1.32924e-05
-0.0230926
0.0101463
-0.136512
0.0185537
-0.010699
0.000140239
0.00259351
0.00154589
-0.00427964
-0.00133751
0.000476986
3.62838e-05
0.000824244
0.000807977
0.00331961
-0.0023314
-0.00179619
-0.000814932
-0.000300796
0.00111573
0.0112281
-0.017627
-0.000223871
0.00662275
0.00570087
0.0036242
-0.00754527
0.00172288
0.000112274
0.0288916
0.00230498
0.0777035
-0.0380997
-0.0419088
-0.0081754
-0.00586229
0.00280644
0.0112313
0.000356296
0.00186318
-0.00287055
0.000651076
-1.95574e-05
-0.0031667
-0.00238564
0.00557189
0.00466401
0.000422635
0.128272
0.0355949
-0.143587
-0.0202803
-0.000123545
0.00138991
-0.00176995
-0.000964221
0.000415448
0.00515235
-0.00460357
0.00119206
-0.00050113
0.000376879
-0.00106781
0.0117101
-0.00718066
-0.000233903
-0.00429558
-0.000825798
-5.37023e-05
0.000966537
-8.7037e-05
0.0411899
0.016337
-0.000103
0.00224048
-0.00190427
-0.000233208
3.46503e-05
0.000702217
-0.000506665
-0.000230202
0.0009025
-0.00259901
0.00178382
-8.73129e-05
-0.000339309
0.000288258
0.00062841
-0.000577359
0.00010847
0.00068132
-0.00057679
-0.000213
0.00267438
-0.000135712
-0.000103671
-0.000776324
-0.00156901
0.002449
-2.09611e-05
-0.000196247
-2.23125e-05
0.000239521
-8.53855e-05
-0.000959446
0.000386384
0.00228341
0.00418831
-0.00390385
-0.0016025
-0.00428407
0.00609313
-0.000206561
0.00180041
0.00346351
-0.00150944
-0.00375448
-0.000129887
0.00101856
-0.000411254
-0.000477415
0.00168683
0.00631947
-0.00717858
-0.000827713
-0.000865621
0.000683412
0.000388224
-0.000206016
0.00171868
0.000622988
-0.0097732
0.00743153
0.000252698
0.00119422
-0.0014818
3.48862e-05
0.012516
0.00289012
-0.00883202
-0.00657405
-0.00506257
0.0105747
0.0168919
0.0546241
0.000115054
0.0756284
-0.000856477
-0.00226876
-0.00310123
0.00401276
0.00135723
-0.00108218
0.00151961
0.00172639
-0.00216383
0.0533953
0.0104718
-0.00549464
0.00144971
0.00103679
-0.00192375
-0.00056275
-0.0541697
-0.0953562
0.105127
-0.00205555
0.00187176
-0.0112958
0.0114796
4.68106e-05
-0.000366216
0.00150368
-0.00118427
-0.00305333
0.00123912
-0.00472483
0.00571222
0.000405061
0.000325447
-0.000271898
-0.00045861
0.000534541
-0.00012948
0.000204606
-0.000458781
0.000575092
-0.000561795
0.000428461
-0.0365459
0.0164506
-0.058394
-0.00818807
0.00381839
-0.0412706
0.0456403
-0.000368562
-0.000350268
0.00071883
-0.000670442
0.000402543
-0.000100663
0.00029905
0.000263879
0.000365438
-0.000928367
0.000579996
0.0014595
-0.00269712
0.00065763
8.94427e-05
0.000152774
-0.000452349
0.000210132
-0.000326673
0.000625723
-0.0186105
0.0162833
0.0165232
-0.0141961
-0.000308926
8.95466e-05
0.00284855
0.00199778
-0.0035307
-0.00131563
-0.0110904
-0.00847264
0.00940032
0.0101628
-0.000153471
0.00113129
-0.000787207
-0.000190614
0.00709007
-0.000193284
0.00032745
0.000537055
-0.00521547
0.00510105
-1.16128e-05
0.000201299
-0.000533233
0.000159698
-0.000171311
0.00191825
0.000878356
-0.00221661
0.00361772
-0.000436606
0.000291844
-0.00347295
0.00016639
-0.000514641
0.000813052
-0.000464802
0.000474502
0.000164378
0.000246996
-0.000885876
-0.037106
-3.87832e-05
0.00454899
0.0325958
-0.0178839
-0.0106587
0.0168012
0.0117413
0.0134082
0.0147858
-0.009612
-0.018582
-0.00257279
-0.001647
0.00265322
0.00156658
0.000584408
-0.000405154
0.000295247
-0.00292778
-0.0141918
0.0279611
-0.0108416
0.00155034
0.000860421
-0.00127134
0.00173136
0.00334586
0.00550087
-0.00319716
0.00413191
-0.00643563
0.00023492
0.000686025
0.00148437
-0.00240532
-0.0138043
0.0230327
0.00282363
-0.0120521
0.00484727
-0.00058548
0.000291082
-0.00455287
-0.0550958
-0.0201899
0.0770462
0.00097326
-0.000114916
-0.00116587
-0.000722923
0.000229901
-0.000580678
0.0010737
0.0580567
-0.053182
-0.0028894
-0.0019853
0.109453
-0.0484368
-0.0320059
0.0364183
-0.00402958
-0.008984
-0.0234048
0.000406668
0.000461869
0.00292569
-0.00379423
0.00193581
-0.00257023
-0.000221296
0.000855716
0.0022094
-0.00786903
-0.00103235
0.00669198
-0.00424966
0.0174646
-0.00909623
-0.00411867
-0.000717553
-1.32289e-05
0.000101591
0.00062919
0.000154623
-0.00197044
0.0238757
-0.0307047
-0.000576873
0.00287352
-0.00219583
-0.000100816
-0.000383196
0.000459847
-7.66515e-05
0.00275196
-0.00316409
0.000544742
0.000453383
-0.000366495
-8.6888e-05
-0.000415496
0.00339132
-0.00370414
0.000728319
-0.0019297
0.00246675
-1.44061e-05
-0.000519788
0.000415713
0.000118481
-0.00696529
-0.000554181
0.0103759
-0.0028564
0.00751818
-0.00431242
-0.00118964
-0.00201612
-0.0162299
-0.0137827
0.023959
0.00605369
-0.00512352
-0.00757209
0.0213268
-0.00863117
-0.00025783
0.000403979
0.00135767
-0.00150382
0.0038405
-0.0030676
0.00331744
0.00774299
-0.0615395
0.0310134
0.0227831
0.00351668
0.000977853
-0.00228238
-0.00221215
-0.000435206
-8.84368e-05
0.000523642
-9.27472e-05
-0.000342458
-0.0361678
-0.00634583
0.023609
0.0189046
-0.00248117
0.00175783
-0.0189136
0.0196369
-0.000695484
0.000135382
0.000207248
0.000352854
0.00376543
0.00076041
-0.00167729
-0.00449746
0.0255055
0.0012147
-0.0222227
-0.000854347
0.00156428
0.00166895
-0.00237888
-8.51633e-05
-0.000292951
0.0161816
-0.0332109
-0.0191385
0.000251139
-0.00044725
0.000387895
-0.000191784
0.00208676
0.00200245
-0.000748812
-0.00197914
-0.00166707
0.00450676
-0.00086055
0.0225731
-0.0339293
0.0157982
-0.00444189
-0.00498005
0.000192926
0.00699652
0.0152696
-0.0171135
0.00339369
-0.00154979
0.0019434
-0.0118123
-0.00122155
0.00139373
0.00114624
-0.000621715
-0.000559535
-0.00267554
0.00523285
-0.057355
-0.00696026
0.0259061
0.0384091
0.000409951
-0.0454179
-0.00140853
-0.00023115
0.00189743
-0.000257752
-0.000605351
0.00105168
-4.96026e-05
-0.000396722
0.000363907
-2.31225e-07
-0.000255206
0.000137399
-0.000228189
-0.000529238
0.000620028
-0.00192636
-0.00114895
0.00325225
-0.000176938
-0.000700621
-0.000366248
0.000183041
0.000883829
-0.000147373
-0.000511798
0.0012547
-0.000595529
0.00664562
7.842e-06
0.00132636
-0.00128245
-0.00144314
0.00139923
-0.000619219
0.000198555
-0.000403306
0.00082397
-0.00125266
-0.00137895
0.00339121
-0.000759614
0.000578939
0.000159793
-0.000699241
-3.94908e-05
-0.0063919
-0.00833994
0.00960832
-0.000364852
-0.000451975
0.0010321
-0.000215273
0.0249332
-0.0193292
-0.0019078
0.000362352
-0.00167338
-0.000465859
0.00177688
-0.000314914
0.000401845
0.000206217
-0.000293148
0.00479364
-0.00528991
-0.000370003
0.000866269
-0.00100458
-0.000215004
0.000786444
0.0564194
-0.00333343
2.54813e-05
0.000879148
-0.000670239
-0.00023439
0.000641418
-0.00054007
-0.000101348
-0.0116418
-0.00235203
0.124888
-0.110895
-0.0125651
0.0103825
0.00218456
-2.03514e-06
0.00151769
-0.00247044
-0.00130497
0.00225772
1.60153e-05
0.000344637
0.000340439
-0.000701091
0.000469398
0.00113429
0.000825739
0.000238773
0.00031404
0.00116791
-0.00141948
-6.24667e-05
-0.000977638
0.000926826
-0.00110702
-0.000878855
0.000978024
0.00100785
0.00893753
0.00437971
-0.00661961
0.0143926
-0.00212062
-0.00475379
0.0476893
0.0145145
-0.0569025
-0.00530132
-0.000214153
0.0536095
-0.00851616
-0.0465915
-0.0507924
0.0511042
-0.00446408
-0.0361684
-0.0536859
-0.00048384
0.0363839
-0.027984
-0.00307115
-0.00532884
0.00307981
0.000638314
-0.00399383
-0.0129542
0.0193762
-0.00905436
0.00263234
0.00378826
-0.00330505
-0.00552657
0.00520916
0.00221553
0.000505391
0.00492656
0.000157089
0.00286386
-0.00251556
-0.00325917
-0.000405478
-0.00186192
0.00727656
-0.00292122
0.000755603
6.40102e-05
-0.0010315
0.00021189
0.000105311
0.00547189
-0.00178894
0.00150778
-0.00278705
0.00203487
0.000176098
-0.000526366
-0.000197874
-0.000259831
7.48615e-05
0.000382844
0.00742424
-0.00571177
0.00050306
0.00661884
0.00289381
-0.00208841
0.000338174
-0.00202519
0.00830585
0.000358676
0.000116298
0.00103281
-0.00159495
0.00224015
0.000777313
-0.00142252
-0.00906737
0.00753693
0.0060531
-0.00452266
0.00332032
-0.00383762
-0.00250906
0.00302636
-0.00110632
0.00453195
-0.00161151
0.00633184
0.000751565
-0.00332057
0.000746893
-0.000213374
0.000104773
0.000524884
-0.000270981
-0.00290149
-0.00397108
0.00261475
-0.00025519
-0.000840025
0.000706161
0.000232528
-0.000132281
-0.000940271
-0.000833455
0.000422982
-0.000210689
-0.00404991
0.00398064
-0.00152225
0.000883623
-0.0022418
-2.66692e-05
-0.0010521
-0.00283485
0.00339737
0.000184368
-0.00211025
-0.00030945
0.00322768
0.00086227
0.001074
-0.00444533
0.00587687
-0.00596438
-0.000991723
-0.00065547
-0.000594611
0.0110439
-0.000613128
-0.00577448
0.00964929
-0.00774456
0.00386975
-0.0106921
0.00810194
-0.00521147
-0.00453078
0.0157954
-0.0101011
-0.00180406
-0.00143025
-0.000615352
0.0116949
-0.00248642
-0.00324483
-0.00180636
0.003026
0.000373577
-0.00570681
0.00235952
-0.00179822
0.00858398
-0.00191229
0.000526563
-0.00162621
0.00121595
-0.100192
0.09761
0.00325304
-0.00590123
0.00852505
0.00238757
-0.00312025
0.00162226
-0.101814
-0.000829004
0.00286705
-0.000936349
-0.00601403
-0.000592852
0.00208423
0.00811628
-0.00183688
-0.00073052
-0.0138556
0.00966103
-0.00511337
0.00930794
-6.77707e-05
-0.000461341
0.000337509
0.000191602
-0.000631336
0.000106324
0.000457241
0.000784309
-0.000608212
0.000446932
0.000374399
0.000676347
-0.00105075
-0.0014032
0.000785875
-8.03212e-05
0.00040602
0.000643288
-0.000622411
0.000399234
0.000649534
-0.000454786
-0.000593982
-0.000710643
-0.000347528
-0.000136694
0.00010939
-7.24656e-05
0.000136009
-0.000943911
0.000687999
0.00147382
-0.0012179
-0.00100749
0.000993892
0.000783829
-0.000770235
-0.000326006
-0.00112971
0.000448231
-0.00167059
0.00040067
-0.000858576
0.00254047
-0.00144941
0.00250538
0.000760303
-0.00181627
0.00281653
-0.0034162
-0.000849738
0.00277418
0.00290807
-0.00286572
0.0049716
0.000307954
-0.000504777
0.00363016
-0.00428881
0.00146158
-0.000802927
-0.0003881
0.0055097
-0.00149144
-0.000579426
-0.00124654
0.0017223
-0.00134973
-0.000659725
0.00143003
-0.00072915
-0.001185
0.000667606
0.000128971
-0.00220785
-0.00265883
0.00345846
-0.00193424
0.00113462
0.000111958
0.00209553
0.000746945
-0.00295443
0.00305281
0.000597434
-0.000301354
-1.21095e-05
0.000700317
-0.000386853
-0.000155468
0.000166541
-2.68746e-06
-8.38465e-06
-0.00046528
0.00202955
-0.000368187
-0.000465949
-0.00133685
0.000160676
0.000790523
-0.00247345
0.0016437
-0.00208182
0.00163994
-0.00120182
0.000766805
-0.00170052
-0.000775578
0.00170929
4.85002e-05
0.00340772
-0.000987738
-0.00246848
0.00275242
-0.00193711
-0.000716992
0.0023348
-2.6717e-05
-0.0015911
0.00239415
-0.00320734
0.000148777
0.000664411
0.00168091
0.00120717
-0.000493932
-0.00333663
-0.000676968
0.00406266
-4.9067e-05
0.00209966
-0.00153632
-0.000400997
-0.000162341
0.000446233
-0.000335933
-0.00209386
0.00198356
-0.00108437
0.00330136
0.000152643
-0.00236963
-0.000509958
-0.00172575
0.00145938
0.00177103
-0.000632302
-0.00125287
0.000114132
0.00379267
-0.00129551
0.00300448
0.00119961
-0.000411425
-0.00581258
-7.86791e-05
-0.00192191
-0.00284623
0.00194587
0.00282227
0.00219152
-0.000423758
-0.00368968
-0.00128263
0.000168903
-0.00187814
0.00299186
-0.00175673
-0.00129073
0.00176484
-0.000882155
0.00195188
0.0011218
-0.00699827
0.00337855
0.000284063
0.00333566
-0.00199682
-0.00116094
0.00316671
-0.00696126
0.00785976
-0.00406521
0.0367944
-0.000788073
-0.0127583
0.0188786
-0.0130507
0.0126886
-0.0269876
0.00705027
0.00724872
-0.000366692
-0.0119069
0.0274111
-0.0151375
0.0182262
-0.0214995
0.0210749
-0.0178017
-0.0151316
-0.0187355
-0.0116169
0.045484
0.0352972
-0.0247313
-0.0514045
0.0408387
-0.0274866
-0.02501
0.0877937
-0.0293395
0.0155618
-0.0137088
-0.0309723
0.0349882
-0.0191475
0.0387319
-0.0342507
0.0131553
-0.0176364
0.043424
-0.0277806
0.0211886
-0.036832
-0.00841687
-0.00699465
0.0588355
0.000833064
0.0390975
-0.0623545
0.0224239
0.0382298
-0.0569628
0.0195661
0.00116767
-0.000332448
0.00227163
-0.00310686
0.00318105
-0.000107855
-0.00190553
0.000614312
-0.00269841
0.000327368
0.000526793
-0.000769374
0.000242582
0.000710951
-0.000184159
0.000434131
-0.000264963
0.000541784
0.00268616
0.000769303
-0.00151966
-0.00154346
0.0011593
0.00142303
-0.00103887
0.000335844
0.000806857
0.00137055
-0.000568163
0.000669028
-0.00147141
-0.000803699
-0.000660831
0.00167757
-0.00021304
-0.00110483
0.00212018
-0.00181904
-0.0155638
0.008908
-0.00875232
0.000170214
-0.00698167
0.0156255
0.00346328
-0.0172355
-0.00185328
-0.0107538
-0.00957759
-0.0131295
-0.0113401
0.0340471
0.0164928
-0.037883
0.00227815
0.019112
0.000775234
0.000772593
0.000649157
-0.00219698
-0.00171786
0.000725877
0.00176721
8.6733e-05
-0.000689449
8.90524e-06
0.000593811
-0.000772534
-0.00156278
0.00252892
-0.000193601
-0.000707193
-0.00194618
0.00159574
0.00073884
-0.00191704
-0.00112737
0.00195248
0.00109193
0.000578628
-6.09827e-05
-0.00205397
-0.000862344
-0.00102921
-2.54818e-05
-0.000362825
-0.0011263
0.000532551
0.000956578
-0.00284109
-0.0083651
0.0119252
-0.000719039
-0.0100005
-0.00193993
0.00909935
0.000920734
-0.00854552
-0.00237573
-0.000323699
-0.00712066
0.00657167
-0.000741463
0.00609502
0.000606908
0.000294202
0.000762816
-0.00166393
-0.00169944
0.00037038
0.00190768
0.00276036
0.00290141
-0.00435946
-0.00130231
-0.00120497
-0.000756316
0.00124393
0.00071736
0.00153982
0.00213355
-0.00134852
0.00160155
0.00147873
-0.00288311
-0.000197179
0.00333969
0.00101383
-0.000134352
-0.000886639
-0.000441026
0.00146202
0.000954904
-0.000769136
-0.00032012
0.000970538
-8.9684e-05
7.40503e-05
-0.000374757
-0.000524265
0.000921437
-0.000905217
-0.000390977
-0.00092196
0.000956758
-0.000792911
0.0012553
0.000508151
0.0014773
-0.000307953
0.00128828
0.000682399
-0.00110298
-8.81399e-05
0.00016555
0.00102557
-0.00137312
0.000932977
0.000261192
-7.56408e-05
0.00133796
-0.002098
0.00271372
-0.00104628
0.000430561
-0.00499075
0.0077363
-0.00795702
0.00253268
-0.0017396
-1.82252e-05
5.73083e-05
-0.000147723
-0.00622102
0.00363807
0.00273067
-4.70232e-05
-0.000170194
0.000108039
0.000109179
-0.00269281
0.0114368
-0.00100766
0.00245422
-0.00176498
0.000189112
-0.000930127
0.00133048
0.00444692
0.00406522
9.9354e-05
0.000503979
0.00106372
0.00107599
-0.00289603
0.000286494
0.000326994
-0.000613487
-4.83437e-05
0.000687867
-0.000205393
-0.000380044
0.000524881
-0.000165798
0.000891632
0.00166602
-0.00179565
-0.000762007
0.00172948
-0.00137714
-0.000783715
0.000431381
0.00263752
-0.000171092
-0.00246643
-0.0543117
-0.0455936
0.0114358
0.0225483
-0.00929377
0.00201514
-0.00141927
-1.92929e-05
-7.4336e-05
0.0015129
-0.00688379
-0.00402492
-0.0421068
0.0416698
-0.0064468
0.000860053
0.00101281
-0.00295504
-0.000254867
0.000400631
-0.00019079
4.50258e-05
0.00366138
0.00882366
-0.00540283
-0.00708221
0.00216614
-0.00371726
0.000723029
0.000828085
-0.000849331
8.73256e-05
0.00037881
-0.00194139
0.000567712
0.00125014
-0.000750434
7.14959e-05
-4.39853e-05
9.01211e-06
7.87111e-05
0.000102252
-0.000189975
0.000433567
0.000799624
-0.000214227
-0.00101896
0.0317492
-0.0253743
9.74641e-05
-0.000107175
0.000172706
0.00484504
-0.00286858
0.0193503
0.00292218
0.0343339
-0.037256
-0.00659597
0.0192125
-0.00891992
-5.11238e-05
-0.000723596
-0.000585565
0.00136029
-0.00131039
0.00456799
-0.00250063
-0.000756972
0.00254571
-0.00219931
0.00113233
0.000554814
-0.000188778
0.00821795
-2.57901e-06
0.00032083
6.28091e-05
-0.00038106
-0.000412327
0.000739193
-0.00037521
-0.055964
-0.000137747
0.0561017
0.00874073
1.37995e-05
0.000917985
-0.00967252
-5.6348e-05
0.0025943
-0.000483878
-0.00205407
-0.000345431
-2.21866e-05
0.00943214
0.00246072
-0.00851432
0.00263568
-0.00186958
0.000544365
-0.000521104
-2.32614e-05
0.00137777
0.000115016
-0.00456039
-0.00375389
0.0068809
-0.000135843
0.000302394
0.00045716
-0.000454315
-0.000305239
0.000249132
-0.000553665
0.000312602
-8.06896e-06
0.00153182
-0.00221823
0.000353963
-0.0846496
-0.00779982
0.0693569
-0.0530046
-0.019929
0.00290794
0.0700256
-0.00115914
0.00182696
-0.00210484
0.00143702
0.00069031
-0.00107121
0.000248623
0.00333488
-0.00013094
-0.00247985
-0.000724084
0.000595837
0.000688876
0.000622799
-3.70284e-05
-0.000541169
0.00116639
-0.000588188
-0.00480031
-0.0182537
-0.0159034
0.0245796
0.000734758
0.0138871
-0.0105537
-0.00406815
-0.00180812
-0.00605441
0.00724717
-0.000686303
-0.000913731
0.00163442
-3.43914e-05
1.65331e-07
8.79025e-06
4.85735e-05
-5.75291e-05
0.000381823
-0.000307767
0.00645281
0.000274162
-0.00878253
7.2966e-05
-6.19984e-05
-0.00011208
-0.00930031
-0.00232738
0.00913008
0.0024976
-0.0061104
-0.00529893
0.00210903
-0.00371949
-0.00650946
0.0120487
-0.00181975
5.89374e-05
-0.000273942
0.00325505
-0.000153559
0.000210266
-0.00331176
-7.604e-05
6.35384e-05
-4.8068e-05
6.05697e-05
-0.00456267
0.00951941
-0.00867624
0.000584507
0.0593024
-0.0384539
-0.021433
0.00166154
0.000463383
0.00832305
-0.010448
0.0179981
0.00493095
-0.0117786
-0.0111504
-0.00424171
0.00526493
-0.00745132
0.0064281
0.064541
0.00848574
-0.0347969
1.75936e-05
-0.00848092
-0.003759
0.0111232
-0.0573455
0.0874639
0.052275
0.00124523
-0.0727118
-0.00472972
-0.001307
0.0041984
0.00183832
1.91082e-05
-0.00325211
-0.00150058
0.00473359
-0.000987302
0.00182198
-0.000175916
-0.000658766
0.00356507
-0.0107977
-0.000143281
0.000506031
-0.000587771
0.000225021
0.0649124
0.00667018
-0.0760599
0.00447733
0.0209564
0.0333031
0.00766191
-0.0619215
0.000301377
-0.000412424
0.00078694
-0.000675892
-0.00292135
0.00478774
-0.00329437
0.00142799
-3.30868e-05
0.000645705
-0.000402815
-0.000209804
0.0072669
-0.00737902
-0.00258069
0.00154786
0.00126452
-0.00116869
0.00159738
0.00154325
-0.00458409
0.00144347
-0.00556558
0.00412825
-0.000370789
-0.000311808
0.000849581
0.000994049
0.00184759
0.0011855
0.000704349
-0.00373744
-0.000809588
-0.000209522
0.000452813
0.000566297
0.000218728
0.000260559
-0.000637006
-9.84483e-05
0.00133386
-0.000598401
0.00159688
0.00199053
-0.00221452
-0.00137288
0.000254609
-0.000635029
0.000608176
-0.000227756
-0.00187488
0.001199
-0.00155222
0.00108162
-0.000632387
-0.00155606
0.00231008
-0.00146943
0.000715417
0.000732019
-0.00165137
0.000607542
0.00212696
0.00155081
-0.00264497
-0.00807219
-0.000730219
0.0148298
-0.00602742
-0.000165206
9.07899e-05
-0.000104074
0.000178491
-0.00102022
-0.00205624
0.00208917
-0.000142639
0.000306771
-0.000459765
0.000295634
-0.000565577
-0.000444861
8.84778e-05
-0.000251613
0.000499506
-0.00066022
-0.00112166
-0.00101029
-7.55897e-05
0.00220754
0.000105693
0.00192973
0.00105827
0.000637903
-0.001012
-0.000684175
0.000168129
-0.00206032
0.0020392
-0.0025853
-0.00056595
0.00111205
0.00691031
-0.00201264
0.000467985
-0.00536566
-0.000322053
0.00038625
0.000323788
-0.000387984
0.00104728
0.000167045
-0.000799766
-0.000414558
0.00285205
-0.00242994
0.00136776
-0.00103393
0.00135954
-0.00118419
0.000345375
0.000116617
-0.000514521
-0.0029566
-0.00133619
0.00352025
-0.00128408
0.00248392
-0.00119984
0.00317176
0.000150899
-0.00290595
-0.000416708
-0.000104355
-0.000679365
0.00354408
0.000391126
-0.000207048
-0.000478831
0.000294753
0.00141551
-0.000537695
-0.000662441
-0.000215369
-0.000150085
0.00419207
-0.00178882
-0.00225317
0.000204228
-4.94458e-05
-0.000373959
-0.000290555
0.000479791
-0.000233369
4.41333e-05
0.000728349
-0.000194332
0.000524252
0.00193681
0.00186293
0.000239985
-0.00403972
0.00101939
0.00197043
-2.48875e-05
0.000950568
-0.000674542
0.000386493
-0.000190293
-0.000724371
0.000528172
0.007155
-0.00424851
-0.00582784
0.00062678
-0.000162035
-0.000930694
-0.00177293
0.00143682
3.4846e-05
0.000301262
0.00150078
-0.00197252
0.000383601
-0.0151808
0.00517519
0.00829645
0.00170915
-0.0031345
0.00179804
0.00113938
0.000197078
-0.00201016
0.003422
-0.00108477
-0.000327064
0.000217405
-5.09518e-05
-0.000678576
0.000512123
-0.00139543
0.00371803
-0.00363299
0.00514077
-0.00354636
0.0115016
-0.00161784
-0.00633741
0.00374694
-0.0044178
0.00845759
-0.00778672
0.00158956
-0.00451021
0.000619435
0.00230121
0.000837154
-0.00145827
0.000636493
-1.5374e-05
-0.000431711
0.000972832
-0.000374731
0.000286631
0.000273448
-0.000922282
-0.00051247
0.00143907
-0.000951488
0.00027798
-0.000381527
0.000100969
-0.000223118
-0.000318652
-0.000190676
0.000244703
0.000264625
-0.000199828
0.000221469
-8.7681e-05
0.00019736
0.00317001
-0.0310835
0.0511009
0.036402
-0.00265121
-4.58253e-05
0.00559219
-0.00289515
-0.00580547
0.00573347
0.000895157
0.0141865
0.00307049
-0.0108041
-0.00367013
0.00836495
-0.00582478
0.00112996
-5.64577e-05
-0.000170599
0.000227056
0.000691027
-0.000137516
0.00109414
-0.00164765
-0.00171585
0.000586493
0.00143589
-0.000306535
0.0115989
-0.0442771
0.028594
0.00408407
-0.000312327
0.000220947
9.13799e-05
-0.00340819
0.000861322
-0.0017322
-0.0332783
0.0305131
0.00603394
-0.00645809
-0.00190323
0.0100627
0.0458356
-0.0558983
0.000799435
0.00107192
-0.00101617
-0.000855181
0.00144055
0.00162136
-0.000495551
-0.00256635
0.00171223
3.94443e-05
-0.000241133
-0.00151054
-0.00709718
-0.00864031
0.000786237
0.0149513
-0.00802841
-0.00444515
0.00550828
-0.0107857
0.00781765
0.000268306
0.00269971
0.0140932
-0.0061714
-0.0114682
-0.00178196
0.00347529
-0.000801691
-0.00141115
0.00126476
-0.00483366
0.00399799
0.00025913
-0.00563634
0.00137922
0.0144344
-0.000719476
-0.00320694
0.000135289
-0.000435134
3.28875e-05
0.000266957
0.000132591
0.000335486
0.000164546
-0.000632622
0.000828377
-9.46082e-05
-4.44644e-05
-0.00017078
0.000612897
-0.00123296
1.11781e-05
0.00119686
2.49202e-05
-0.00156378
0.00135085
-0.000846186
0.00105912
0.000550034
0.00035819
0.001546
-4.3672e-05
-0.000586437
0.000108928
-0.00100809
-0.00165165
0.00251237
0.00240886
0.000443409
-0.00125539
-0.000344324
0.000148462
-8.16876e-05
-0.0784341
-0.0404858
0.0822548
0.0366651
0.0511254
-0.0410627
-0.000330691
-0.000146844
0.000225335
0.000252201
0.000460696
0.000249026
-0.000465979
-0.000243743
-0.000113
-3.68709e-05
-0.000600563
-0.0157774
-0.0484145
0.0098802
-0.000350623
0.000278662
-8.15104e-05
0.00577919
0.0493145
0.00296298
-0.00453766
-0.00113569
-0.00303456
0.00870791
-0.0423804
0.0471809
-0.0350664
0.0302658
-0.000166613
0.00045889
-0.000190631
-0.000101645
0.000267277
-0.000313583
0.000299794
-0.000253488
-0.000419971
0.000484165
-0.000453499
0.000389305
0.00381563
0.00250777
-0.0105924
0.00426902
-0.00182856
0.00126967
-0.00124402
-0.000169548
0.000279398
0.00113417
-0.00382858
0.00214451
-0.000317288
-0.00020836
0.000284469
0.000241178
0.00811671
0.000409072
0.00115242
-6.18573e-05
-0.00109056
-0.000586865
-0.0166569
-0.0252698
0.0425136
-0.000655541
0.00200209
0.000215884
-0.00156243
-0.000674151
0.000111674
0.000525119
3.73574e-05
0.00119566
-0.000970903
0.000460059
-0.000929964
-0.000659807
3.9535e-05
0.000478167
-0.00058826
0.000198789
0.000389471
-0.00046499
0.000467316
0.000185242
-0.000187568
-0.000445254
-0.000345458
0.000421447
0.000255985
0.000207087
0.000140205
-0.000603276
-0.00117958
0.000866766
0.00150488
-0.000315093
-6.63716e-05
0.000491333
-0.000109868
-0.000246919
0.000123359
0.000341511
-0.000217951
-0.00226328
0.0112837
0.00481009
0.00268772
-0.00256239
-0.00493541
0.000218036
-0.0021377
0.00225691
-0.000337249
-0.000893225
0.000742204
-7.71677e-05
-0.00111329
-0.00225581
0.00208501
0.00197013
-0.00234657
0.00127894
-0.00115672
-0.00413597
0.001921
0.00337169
0.00292545
-0.00126246
-0.00168254
-0.000202924
-0.000105361
0.0012274
-0.000919115
-0.0479696
-0.000506088
0.0484756
0.0403036
-0.0808296
0.0145832
0.0259428
0.110948
-0.0015362
0.0183548
-0.0366894
0.000523269
0.0378891
-0.0064411
-0.00783676
-0.0548827
-0.101276
0.0520439
0.0190396
-0.0502542
-0.0058914
0.00187088
0.0292888
-0.0310474
-0.0388861
-0.0215571
0.0473327
0.0131104
0.00118658
0.000545498
-0.00115907
0.000702661
0.00164299
-0.00718094
-0.010683
0.0136143
-0.00135921
0.002079
0.00156139
-0.00228118
0.0479727
-0.0469251
0.0121537
0.0794966
-0.0447252
0.0510684
-0.0493879
-0.10189
0.100209
-0.00843218
-0.043118
0.0431333
-0.0605546
-0.0375104
0.0986496
-0.00339924
0.000403576
0.00699556
-0.000376499
-0.000724519
0.0014496
-0.000348583
0.0250083
0.036496
-0.0499054
-0.0205678
0.0124912
0.00695785
0.00111868
-0.00271273
-0.0103955
-0.028946
0.0469666
-0.00364642
-0.0143742
-0.0435198
-0.0690853
0.00536375
-0.00392349
0.0509044
-0.0149834
-0.0319975
0.000481128
0.101578
-0.102059
-0.00372589
-0.00889225
-0.000218727
2.50026e-05
-2.83836e-05
-0.0108881
0.0230374
0.0420363
-0.0354815
0.0298636
-0.00948681
-0.0381867
-8.93404e-05
-0.00435625
-0.00250677
0.00695236
0.000212709
-0.00209505
0.00182054
-0.00021382
-0.00125697
0.00172393
-0.00375693
0.0040722
0.000454758
0.00031385
-0.000824561
5.59532e-05
-0.000213349
0.000122043
0.00134724
-0.00125594
0.000219426
-0.00106876
-0.000145802
0.000387442
-0.000621683
7.53157e-05
-3.66933e-05
0.000102182
-0.000140805
0.000113163
0.000189744
6.10006e-05
0.00114325
-0.000656082
-0.000343104
-0.00014406
-7.17904e-05
-0.000210659
-0.000502287
0.000784736
-0.00910883
-0.00423229
0.0222491
0.000528318
-0.00127494
-0.000723857
-0.00253207
0.00195211
0.00130382
0.000628425
-0.000477117
-0.00031792
0.000278345
5.95212e-06
-0.000149009
-0.00036304
7.66146e-05
0.000286425
0.000477551
-0.000865468
0.000284917
0.00129867
-0.000159233
0.000350046
-0.00148948
-0.000395664
5.36151e-05
-9.29459e-05
0.000317518
0.000403853
-0.000637757
0.000141588
0.00172134
-0.000585802
-0.000336103
-0.00224343
1.26446e-05
2.65107e-05
-0.000500282
0.000461126
-0.000714979
-0.00104151
-0.000341493
0.00102891
0.00122586
0.000550174
-0.000818235
-0.000957796
-0.000200648
0.000339983
-0.000415902
0.000276567
0.000594494
-0.000616076
2.54498e-05
-3.86761e-06
-0.00513743
0.047968
-0.0510187
-0.00841964
0.0110005
-0.0155467
0.0129659
-0.0261027
-0.0391082
0.00446825
-0.0247266
-0.0086056
-0.0419147
-0.00654676
0.00388766
-0.00187856
-0.0714658
-0.00042591
-0.000218142
-0.000370046
0.0010141
0.0568959
0.00140605
-0.0583019
0.00399559
-0.00209095
-0.00391124
0.00200659
-0.0668609
-0.0463165
0.0514873
0.0616901
-0.00582735
0.00307636
-0.000919153
0.00504768
-0.0199533
0.0272392
-0.0123336
0.000154373
-0.00128375
0.00112938
0.0783719
-0.0762656
0.0299889
0.00449892
-0.0309141
-0.00357367
0.00135442
-0.00289672
0.000383151
-0.00146353
-0.000226019
-0.000392267
-0.0308802
-0.0530135
0.0762143
0.00767947
0.000320133
-0.00746637
0.00990929
-0.00276305
0.0010327
0.00405601
-0.000740371
-0.00143462
-0.000708115
0.000808462
-9.23147e-06
0.00033506
0.00123798
-0.000713143
-0.000234237
-0.000290605
-0.0031404
0.00163584
-0.0192207
0.0136111
0.00363917
-0.0123081
-0.00125174
0.0121657
-0.00307047
0.00149811
0.00243242
-0.0665462
0.0205465
0.0149162
0.00178318
9.08499e-05
0.00166826
-0.00354228
0.00241394
0.00246228
-0.00341281
-0.000647056
0.00121722
-0.00125646
-1.88528e-05
-1.18794e-05
3.07322e-05
0.00298782
0.00373483
-0.00101043
0.00838916
-0.0113368
0.00992842
-0.00698072
0.00410126
-0.00225256
0.000199197
-0.0020479
-8.66395e-05
-0.000306086
9.41094e-05
0.000298616
-0.000390063
0.000191911
0.00019537
2.78178e-06
-0.00021625
-0.000518924
-0.000481475
0.00121665
-0.00111841
0.00234415
-9.44487e-05
-0.00502704
-0.00322548
0.00204818
0.00620434
-0.00233401
0.00129253
0.00867864
-0.00763717
0.000572872
-0.000131418
-0.000513245
-0.00218627
-0.000336957
7.69474e-06
-0.00074941
0.000189269
0.000138948
0.000421192
0.00115707
-0.000963971
-0.000704893
-0.00127704
-5.54183e-06
0.00220823
-0.0103051
-0.00277525
0.0108721
-0.000437429
1.41898e-05
-0.000272245
-0.0646579
-0.00147653
-0.000871566
0.000940677
-2.46843e-05
-4.44273e-05
0.000728776
-0.00081721
0.000705815
-0.000617381
0.000590636
-0.000173314
-0.00203111
0.00161379
-0.00392203
0.00490075
0.00216751
-0.00314622
0.00690196
-0.00508437
-0.00162466
-0.000712458
-0.000281765
8.04921e-05
-0.000644254
-0.000627182
0.00111896
0.000152473
-0.000355451
-0.000177377
-0.000360398
-0.000404817
0.00918689
-0.000686465
-0.000626702
-0.00521805
0.00653122
-0.0488166
0.00639739
0.000205393
0.000606785
-0.000425249
-0.000386929
0.00803341
-9.69211e-05
0.0150962
-0.020057
0.0245049
0.0210575
0.00191413
0.00155568
0.00246405
-6.07933e-05
0.000448542
-0.00127858
0.00249606
-0.000131741
0.00275373
-0.00681264
0.0012556
0.00557083
-0.00140484
0.00153611
-0.000768281
-0.0016332
-0.00137738
-0.0130227
0.0160333
-0.00929721
-0.0141983
0.000177043
-0.000323423
0.0368453
-0.00832754
-0.00117536
-0.0465973
0.0584524
-0.0294056
0.0175505
-0.00242102
0.00314022
0.00384879
0.0405098
-0.0190317
0.0192277
-0.0407058
-0.00883145
0.00972336
-0.00512372
0.00423181
-0.00545027
-0.00503818
-0.0837419
-0.0135953
-0.000908516
0.016991
-0.0024872
0.00165513
0.00176022
-0.00329097
-0.000124382
0.000403599
-0.000496346
7.10503e-05
-6.88492e-05
-0.00021737
0.000215169
0.00344482
0.000554365
-0.00451409
0.00973516
-0.00175888
-0.000292625
-0.000758122
-0.000923992
-0.00205786
8.49631e-05
-0.000380843
0.00797928
0.00543016
-0.00708997
-0.00663844
0.00804606
0.00444105
-0.00584867
0.000236473
-0.000379418
0.000232387
5.67751e-05
-0.000998036
6.96952e-05
-0.000198475
9.37353e-05
0.000104739
0.00086339
0.00220083
-0.00123725
-0.00890242
0.000312661
0.000857077
0.00773268
-0.00146312
-0.000615702
-0.00512567
0.00720449
0.00104671
0.00560034
2.23116e-05
-0.00666936
0.00507728
-0.00568774
-0.000852653
0.00290055
-0.00132926
0.00640799
0.00862006
0.00651684
-0.00605615
0.00664886
-0.00257185
-3.67107e-05
-1.32758e-05
2.76739e-05
-0.00112226
0.00104906
0.00172827
-0.0073062
-0.0012987
0.00687663
-0.00107031
0.00146458
-4.20926e-05
-0.000352177
0.00377444
0.00151858
-0.00356475
-0.00204347
0.000992409
-0.000787979
-0.000343953
0.000139523
0.00198133
0.0192805
-0.0129856
0.00473709
0.000409305
-0.00114942
0.00145859
-0.000718478
0.000997932
-0.00470358
0.00204043
0.0100588
0.00224298
-0.000813403
-0.0114884
0.00107604
0.000169866
-0.000211035
-0.00103487
-0.010369
-0.0289969
0.0353363
0.000785646
-0.00292029
0.0065678
-0.00443315
-0.00296307
0.00214627
0.00275558
0.00841833
0.00100842
-0.00131732
-0.00221063
0.0041825
-0.00065456
-0.00631584
0.0174414
-0.0123301
-0.047402
0.0157366
-0.0149319
-0.0333988
0.00313374
0.0285329
-0.0179584
-0.00970553
0.00844327
0.00807054
0.00449311
0.000204198
-0.00110807
-0.00065691
-0.00108463
-0.00112933
0.00631522
0.000182195
-0.000779627
-0.000258155
-0.00130082
-0.00452022
0.0060792
-0.00555926
0.00450067
0.0021837
-0.00112511
-0.0109369
-0.0595773
0.00365329
0.0465935
0.00058745
0.000787123
0.000100752
0.000278177
0.000135447
-0.000735677
0.00353416
0.00767629
0.00322399
0.00240792
0.0191174
-0.00547222
0.00971806
-0.000266692
-0.00571269
-0.00373867
0.0375236
-0.0144911
-0.00462894
-0.00799169
-0.00579425
0.0027544
0.0110315
-0.0136541
-0.00363481
-0.000199794
0.000652235
-0.000803064
0.0451505
-0.0887435
0.0298335
0.0137595
-0.0832736
0.0751974
0.0532267
-0.000535501
0.000485169
0.00121824
-0.000508267
-0.00148371
0.00158456
0.000407419
-0.000147119
-0.000599465
0.000411906
0.000334677
0.000136367
0.000188156
-0.000471642
-0.000221924
0.000746984
-0.00052506
-0.00073931
0.00148369
-8.02323e-05
0.000776291
-6.72712e-05
-0.000464488
0.00113404
0.000814141
0.000808822
0.00120481
2.60938e-05
-9.26385e-05
-9.49536e-06
-0.00347684
0.00774274
-0.00221146
-0.00205443
-0.00538858
0.00761261
0.00312084
0.00112613
0.00349577
-0.00950437
-0.000443606
0.000125067
-3.29857e-05
0.000351525
-0.000268712
-0.000360059
0.000478751
0.000150019
8.9726e-05
0.000236429
-0.000291505
0.000237637
0.000209965
0.000385897
-0.00041996
-0.000175902
7.89536e-05
0.000439584
-0.000308572
0.000500431
0.000197222
-0.000694747
-2.90529e-06
8.45179e-05
-0.00044917
0.000440178
-7.65069e-05
-0.000222606
-0.000141065
0.000305996
0.000143193
-0.000552531
-9.13147e-05
0.000976684
-0.00151219
0.000112808
0.000867346
0.000128871
-0.00110651
-0.000272466
-0.000428693
0.000336883
0.000364276
-0.000502563
-0.0016479
-0.00128916
0.000815643
0.00244364
-0.000685288
0.000133485
0.000317222
0.000234582
-0.0118973
0.0515589
-0.0515685
0.000335922
0.000718381
-0.000709666
-0.00206595
-0.000401837
0.00169221
-0.00106905
0.00121086
0.000856904
-2.0845e-05
-0.000500137
-0.0479075
0.0141945
0.0161962
-0.00479578
-0.00823369
0.0225738
0.000879989
-0.0215829
0.00120743
-0.000669718
-0.00200104
0.0019797
0.00159059
-0.0038358
8.41329e-05
0.00216107
0.0152895
0.00260041
0.00111217
0.0162116
-0.00680402
-0.00570608
-0.00370153
0.000100339
0.000510081
-0.00173604
0.00208077
0.0014188
-0.0020732
-0.000336439
0.000990836
-0.0012616
-0.000543067
0.0032236
0.00127024
-0.00248858
0.00047646
0.00074188
-0.00747288
0.00877092
-0.000809652
-0.00162017
0.00378309
0.00448271
-0.00201904
0.00403423
-0.001816
0.000140445
0.000780625
-0.000230761
-8.05833e-05
-0.000123571
-0.000603897
-0.00238406
0.00136321
0.00229109
0.00110709
-2.87322e-05
-0.000600809
0.000861876
-0.000119947
-0.000512029
-9.25717e-05
-0.00023164
0.000168743
0.000913006
-0.000974079
3.24156e-05
2.86572e-05
-0.000476441
0.0004674
0.000122204
0.000633586
-0.000140248
0.000235438
-0.000273722
0.00194669
0.00012672
-0.00179969
2.77496e-06
-1.77634e-05
-3.86429e-06
-0.000399985
0.00041263
-4.73595e-05
-0.000262926
0.000310285
0.000454573
-0.000827753
0.000460505
-0.0109193
0.000212951
0.0187398
0.03044
0.0166721
0.021543
-0.0686551
0.000649675
-0.0010835
0.000182213
-0.000253404
0.000564339
0.0116052
-0.00571237
-0.00576646
-0.000126398
0.00086173
0.00405863
-0.00311994
0.00304896
-0.00126244
-0.00170099
0.00198001
6.68367e-05
-0.000262146
-8.05899e-05
-0.000157522
0.000201401
0.00014939
-0.000479145
0.000482528
-6.73559e-05
0.00215143
-0.00236413
-0.00584345
0.00330914
0.00345643
-0.00332075
0.00146969
0.000813393
-0.000264723
-0.00201836
-0.00214966
0.000403999
0.00103649
0.000709165
0.0083622
-0.00637045
0.000216484
0.00382113
0.00196023
-0.00386723
-0.000419912
-0.00232067
0.000776797
-0.000546964
-0.000422042
0.000192209
-0.00161971
3.75107e-06
0.00142599
0.000189976
-0.00205144
0.00115419
0.00119146
-0.000381465
9.08969e-05
0.000507973
0.000839184
0.000808621
-0.00113718
-0.000510628
0.00229705
-0.00264841
-0.000510987
0.000885295
-0.000656711
0.000486216
-0.000714801
0.000749737
-0.00417993
0.00849195
-0.00216059
0.00189495
0.000696227
-0.000739646
0.00101412
0.000832617
0.00432993
0.00242054
-0.0123769
-0.0181529
-0.0122424
0.0219476
0.0084477
-0.0106714
0.00996212
0.00237078
-0.00188282
0.000503769
-0.00307575
-0.00820388
0.0074251
0.00385454
0.00573802
0.0580848
-0.00654832
-0.0572745
-0.00150969
0.00105302
-0.00243393
0.00600247
-0.00562298
-0.0754084
0.0189236
0.00338354
0.0531012
-0.000935434
0.000957996
0.00125717
0.00704403
0.000977534
-0.00247304
-0.00554853
-0.050708
-0.0314792
0.00677875
-0.0398148
0.00740164
0.0205158
-0.00574631
-0.00392863
0.000614424
-0.00734378
-0.00762404
0.0143534
0.000709502
-0.00146974
-0.00138396
0.00214421
0.0242467
-0.00555203
-0.0807845
-0.00236372
-0.00110935
0.0226861
0.00452885
-0.0335608
0.0435377
-0.0277546
0.0218349
-0.0178984
-0.000737038
0.00103038
-0.000293343
-0.00233148
0.000342339
0.000425358
-0.00165292
-0.0150141
0.00824734
0.00753042
0.00193611
-0.00155975
0.0149131
-0.00718922
0.00825917
-0.00159969
0.000529741
0.00384186
-0.0044468
-0.00106213
-0.00316626
0.00109358
0.000928146
-0.00397489
0.0114279
0.0107732
-0.00470099
0.0125062
-0.000429604
-0.00737561
-0.00249676
0.000134474
-0.00220112
0.00456341
-0.00151962
0.00431287
-0.00106189
0.00732129
0.0149844
-0.0423627
0.00735591
0.0112065
-0.0101525
-0.00840988
0.00159328
0.00144731
-0.00023206
-0.00280853
-0.000594413
-0.00111492
0.000245801
-0.00168774
-0.000532034
0.00202427
0.000195498
0.000250108
-0.00208969
-0.00177788
-0.0022118
0.00149292
0.00705206
-0.00537326
0.00187572
0.0049209
0.000808656
-0.00447395
0.00046283
0.000715101
0.000410031
-0.000217678
-0.000278241
8.58877e-05
-0.00115635
6.2661e-05
0.000584597
0.000509095
-0.000673023
0.00125413
-0.00235404
0.00114311
-0.00104452
-0.000473799
0.000113495
0.000354365
0.000297794
0.002088
0.000410453
-0.00279625
0.00326677
-0.00177702
-0.00278581
0.00129606
0.00725219
-0.00322207
-0.00516581
0.00134797
0.000419822
-0.00107235
-3.64457e-05
0.000688979
-0.000969547
-0.000511497
0.000820176
0.000660869
6.42998e-05
-0.00118218
-0.000598522
0.000334775
0.000263747
-0.00116458
-0.000529231
0.000292205
0.0014016
-0.000562958
0.000542892
-0.000160718
0.000180784
-0.000508216
0.00230426
0.000477463
-0.00227351
0.0159312
0.00558839
-0.02655
0.00503039
0.000486652
8.62196e-05
-3.35879e-05
4.31085e-05
0.00015702
0.000561576
0.000388019
-0.00130577
-0.000931424
0.00310059
-0.0142031
-0.00527051
0.0097598
0.00427645
0.00664828
-0.014459
-0.00344305
0.0203099
-0.0035106
0.000235774
0.000702037
-0.0191115
0.0100501
-0.00185786
0.000572949
0.00583679
0.0010499
0.00438023
0.00140486
-0.00683499
-0.000262129
-0.00040985
-0.000862319
-0.000703997
-0.000641537
0.000114432
-0.000784371
-0.00054374
-0.000827941
0.00110955
-0.000287708
0.000240349
-0.000416097
0.000511035
4.57145e-05
-0.00196889
0.000370961
-0.00598831
0.00462582
0.00134433
1.81622e-05
-0.000445829
-0.000339322
-0.000885435
-0.0016338
-0.00111123
-0.0099385
-0.00560796
0.000232475
0.000150526
-0.000106419
-0.000276583
0.000565602
-0.000533613
0.00174756
-0.000828129
0.000804259
-0.000186789
-0.00144157
-0.0105296
0.00908199
0.00288917
-0.0267311
0.0161382
0.00068716
0.00248286
-0.000542416
-0.000491332
0.00228788
-0.000855308
-0.00408707
0.0119389
0.00161616
-0.00246809
0.0011296
-9.99616e-05
-0.000187713
-0.000853682
-0.00239227
-0.000433687
0.00367964
-0.000197554
0.000249739
0.000417888
-0.000470073
9.0117e-05
-0.000736545
-0.00203797
0.00391236
-0.00325334
0.000639818
-0.00118493
0.000331294
0.000245241
5.71692e-06
-0.000876682
0.000817159
-0.00199192
0.000985683
0.000689118
-0.000259295
-0.000477462
-0.00404972
-0.00482354
0.00935073
-0.00671418
0.0152188
-0.000421069
0.00238277
-0.0023627
0.000398843
0.000381578
-1.18148e-05
8.86595e-05
-0.000137956
6.11116e-05
0.000746327
0.00227407
-6.71093e-05
8.87877e-06
2.46427e-05
0.000158396
0.0131364
-0.00168953
-0.000242263
0.00281763
-0.00143053
-0.00114484
5.81442e-05
5.23611e-05
-0.000110505
-0.000649335
-0.00119172
0.000680074
0.00116098
0.00101747
0.00442973
-0.000637118
0.00152017
1.42938e-05
-0.000382028
-0.00115243
-0.000285114
0.000702033
-3.6498e-05
-8.50332e-05
-0.000559603
0.000681134
-0.00934675
-0.0105597
-0.000580813
0.000268575
-0.000597691
0.00090993
0.000792886
0.000169949
-0.02151
0.000155354
1.57493e-06
-0.000203952
-0.000751594
-0.00406877
-0.000347948
-4.56659e-05
3.5511e-06
-0.00118707
0.0115354
-0.0126116
-0.00894223
0.00186444
-0.00226896
-0.0115838
0.00608061
-0.00163531
0.0011773
0.00998112
-0.00158981
0.0136321
-0.00206121
6.77747e-05
0.000989379
-0.00101071
0.000718625
0.00321834
-0.00234368
-0.000759135
0.00233088
-0.00116418
-0.00140159
0.00063896
-0.00136597
0.00247228
-0.00174527
-0.00379717
-0.00141157
-0.00229021
0.00749894
0.000104339
0.00547743
-0.00635887
0.000777101
-0.0014795
0.00204404
-0.00106274
0.000498198
0.00402815
-0.000319602
0.000302509
-0.00147864
0.00623841
0.00161141
-0.0472665
0.016203
0.0225014
-6.51543e-05
-0.000261518
-0.000517956
-0.000138477
0.000513242
-0.000374765
-0.000656433
-0.000203305
0.000126258
-0.000355332
0.000236545
-2.13476e-05
-0.000135686
0.000310484
0.000186858
-0.000361656
0.000668315
-6.89027e-05
-0.00111569
-0.000550512
0.0017351
-0.000168788
-0.0006864
0.000197247
0.000657941
-0.000308174
0.000555759
-0.000450509
0.00282541
-0.00297056
0.000553088
-0.000407941
-0.000369753
-0.00102763
-2.18882e-05
-0.00189525
-0.00107046
-0.000134781
-0.000140111
0.00121398
-0.00461136
0.0035326
-0.000135216
-0.000438695
0.000210893
0.000761135
-0.000533334
-0.000385533
8.90131e-05
-0.00141919
0.00127049
0.00113438
0.000386703
0.00392677
-0.00088169
-0.0019319
0.00258757
0.00120675
-0.00153418
-0.000303547
0.000126304
0.000308229
-0.000130986
-0.00083533
-0.0010174
0.000246639
0.00160609
0.000867795
-0.000225661
0.000628852
-0.00127099
-0.000844328
-0.00107009
0.00516947
-0.00117352
0.00271734
0.000801826
-0.000202344
0.000699188
-0.000539401
0.00035965
-0.000505537
-0.00474833
0.00408879
0.0117966
-0.0111371
0.000445847
-2.6478e-05
-0.00250788
0.00145327
0.000809318
0.000245295
-0.000319641
0.00456616
-0.00658053
-0.00816115
0.00309317
0.000269732
-0.00118172
-0.00113276
0.00204475
-0.00305774
0.00614175
-0.00127838
0.00180218
-0.002543
0.00219353
0.000201583
-0.00245146
-0.00711112
0.00911428
0.00609271
-0.000708409
-0.000598137
-0.00334749
9.67535e-05
0.00108235
0.00216839
0.00232508
0.000840339
-0.000527894
-0.00107965
0.000118753
0.00100661
-0.000343913
-1.77415e-05
0.000504615
-0.00014296
-0.000666135
0.0006638
0.000863657
-0.000159316
-0.00045839
-0.00199388
0.00181232
-0.0004161
0.00142341
-0.00151444
0.00162614
-0.000462642
-0.00089377
0.000786666
0.00585224
-0.00553394
-0.00110496
0.000306498
-0.00152979
0.000511672
0.000711616
0.000730306
-0.00060217
0.00015004
0.00124932
-0.000931728
-0.000341408
0.000547935
-0.000395355
0.0007972
5.88516e-05
-0.00235012
0.000721248
0.00545
0.00308075
-0.000295843
0.000781012
-0.000265635
0.000970109
-0.000725822
0.00080607
-0.00024313
-0.00059023
0.000121116
3.16848e-05
-0.000467877
0.000261951
0.000395195
-0.00081615
0.00444505
-0.0040444
0.00958627
-0.0021159
-0.00828652
-0.0233089
-0.0106607
0.092422
-0.0900117
0.107757
-0.000743971
-0.0170015
-0.0526664
-0.0152183
-0.0475518
0.016207
0.0636271
-0.0322824
-0.0321264
-0.0755508
0.0190218
0.0886554
-0.00938807
-0.0315668
0.0126796
0.0493271
0.00920997
0.0631562
-0.065696
-0.0581085
0.015092
0.107558
-0.0933704
-0.0108233
-0.0323183
0.039519
-0.0742705
-0.0121736
0.059265
-0.120614
-0.0573601
0.11871
-0.0146796
-0.0515177
-0.0546258
0.120823
0.0552312
-0.00837322
0.00169092
-0.0485489
0.0374926
-0.00531844
-0.0255258
0.0573622
-0.0612421
0.0447137
-0.0450728
-0.000764863
-0.0957655
0.0871423
0.0341608
-0.0331689
-0.0033357
0.013031
-0.000314229
0.0563237
-0.0103661
-0.0456434
0.00960643
-0.00286327
-0.00366436
-0.0030788
-0.0162398
0.0160749
0.010215
0.0220023
0.0342859
-0.000421743
-0.00073641
0.000287624
-0.000709367
-0.0296212
-0.00035578
0.000149874
0.078222
0.0804103
0.024422
-0.018811
0.0468499
-0.0531829
0.025144
-8.79543e-05
0.000277107
0.000553051
0.000207349
-0.000149205
-0.0412704
-0.0157522
0.0558505
0.00117208
0.0321442
-0.035807
-0.0119122
0.0300046
-0.00843141
0.000941132
-0.00270442
0.00231332
-0.00126516
-0.00046347
-0.000112013
0.000153042
-0.000507325
0.000514812
0.000817206
-0.000824693
-0.00201697
-0.000683736
0.00155175
-0.00162511
-0.00114148
-0.000193594
-7.2606e-05
0.000222528
8.87062e-05
0.000104759
-0.00011815
0.00135786
-0.00247115
-4.48006e-05
-3.06933e-05
5.22963e-05
-0.000291472
0.000475649
0.00025766
-9.27901e-05
0.000397172
-0.000562042
-0.000269525
0.00041626
-0.000414181
0.000525915
-0.000111734
0.000127603
0.000112186
0.000851532
-0.00244322
-4.43596e-05
2.76988e-05
1.66607e-05
0.00123385
0.000190429
-0.000620018
5.84131e-05
-0.000686945
0.000353504
-0.000153974
0.000828405
-9.43286e-05
-0.000193717
7.5004e-05
0.00326231
-0.00497272
0.000548431
-0.000794966
0.00308869
8.43943e-06
-0.00189752
-4.62413e-05
-0.00011765
8.33017e-05
-0.000520642
-0.000430846
-0.000630794
-0.0022395
-0.0148359
-0.000105936
0.00039356
-0.000379072
0.000296108
-4.05792e-05
-0.000442577
0.000327227
0.000102105
0.000237466
-0.000666799
-0.00562896
0.00366267
0.00296422
-0.0219245
0.0338304
0.000595757
0.00795678
-0.00683385
0.00222543
-0.0610951
-0.0345568
0.0305474
-0.000297467
0.00105084
0.00600692
-0.0042225
0.00564824
-0.000170191
0.00240673
0.00028199
0.000266015
0.000133315
-4.69865e-05
4.71518e-05
-0.00103384
-0.0175504
-0.030681
0.0456253
-0.0155312
0.000430538
0.000655855
0.00213195
-0.0164892
0.014128
0.00053197
-0.0113106
0.002942
-0.00107254
0.00415839
-0.000783611
-0.00230224
0.000787614
0.00233303
0.0016641
0.00210774
-0.000168301
0.00138642
-0.00236827
-0.000958298
0.0177627
-0.0115307
-0.00549717
0.0105948
0.0449693
-0.0555641
0.00105446
0.00542423
-0.0107204
0.00149172
0.0277044
-0.000848729
0.000206613
0.000506486
0.00133442
0.000753463
-7.24223e-05
-0.0205833
0.0225918
0.0083451
0.00833346
-0.00165721
-0.00778054
0.0235256
-0.000636679
0.0289072
-0.00803044
-0.010118
0.0178316
0.00260396
-0.000200178
-0.0064922
0.00408842
-0.0163793
0.0173713
-0.0234813
0.0224894
0.00265004
-0.00678066
-0.00435029
-0.0052137
0.012785
-0.00492125
0.00331178
0.00123999
0.00033777
-0.000612894
0.0162388
-0.00400757
-0.000220625
-0.000688462
0.000379849
-0.00102681
0.000375206
0.0126887
-0.000586094
-0.000342998
0.0413454
0.023987
-0.0486603
-0.01243
-0.0101585
0.0463139
0.10492
0.000428492
-0.00218451
0.0916073
-0.0894228
-0.000190948
0.000582967
0.0154416
0.016793
0.00376094
-0.0359956
-0.0502938
0.0176247
0.0079377
-0.00869191
0.0049532
-0.0178864
0.0432175
-0.000852087
-0.024479
-0.00992615
0.00907285
0.00191715
-0.000394351
-0.000103625
7.97622e-05
0.00160238
-0.00157851
0.000369402
-0.000106636
0.000123484
-0.00063642
0.00164075
0.00238698
-0.00335972
0.00927968
0.000346608
-0.00102336
-0.00183112
-0.00433132
-0.00031586
0.000105233
0.00273829
-0.00807162
0.00212638
-0.0004797
0.00071239
-0.00034569
-0.00953662
-0.00254674
0.0888695
-0.121007
0.0784423
-0.0523611
0.151953
-0.0107225
0.00850187
-0.0132339
0.00287419
0.0465675
-0.00309039
-0.101586
0.00521825
-0.0202434
0.000569539
0.00488826
-0.000431689
0.00179832
-0.00218156
-0.000833006
0.00379075
0.00211434
-0.00211678
0.000688456
0.00260838
-0.00311926
-4.66943e-05
0.00383692
-0.000450538
-0.000361597
-0.00247965
0.00127847
0.000126579
0.000372283
-0.000661757
-0.000225167
5.34872e-05
-9.58263e-05
-0.000122867
-0.00120281
0.00620328
-0.000209068
-0.0047914
0.000624268
-0.000687944
0.00116862
-0.00110494
-0.00562125
0.00206151
-0.000620204
0.0102901
-0.00840184
-0.00425199
0.000274993
0.000200064
-0.00952304
0.0145753
0.000490819
-0.00905924
-0.00423937
-0.0123028
0.00975279
0.00245307
-0.00463753
0.00265204
-0.00181161
0.00391648
-0.00773382
0.00104856
-0.000245505
0.00550195
-0.00602489
0.0101092
0.0586723
0.081823
-0.0767437
-0.0451963
0.0456063
-0.0547977
0.000615647
0.0558792
-0.0552635
0.0874343
0.0659291
-0.000423224
-0.000557984
0.000694226
-0.000559466
5.96066e-05
-0.000166029
0.000244609
-0.0003083
-0.000677107
0.000740798
-0.000317146
-0.000561049
0.0011228
0.000323078
-0.000305987
0.000161189
0.000276126
0.0333219
0.0126074
9.61018e-05
-0.000411116
0.000258556
-0.000630983
-0.000292738
-0.000178388
0.000406357
-0.000227969
-0.000256401
0.000489826
-0.000162651
0.000369766
-6.08517e-05
2.69447e-05
-2.14479e-05
0.000170799
-0.000370676
0.000161518
0.00018771
-0.000405962
0.00126505
-0.000227416
-0.00076906
-0.000356835
-0.000808176
0.000567321
-3.83273e-05
0.000779468
0.00142988
-0.00172613
-6.05846e-05
0.0370871
0.0149347
0.000661959
-0.00343584
-0.0085468
-0.00107431
0.00115079
0.0239263
-0.00317166
-0.0078753
-0.0128793
-0.000349862
0.000267631
-0.000140781
0.00772027
-0.00788652
0.000159868
0.000456936
-0.0035734
0.000710508
-0.00620164
0.0027784
-0.00145014
0.00636764
-0.00773332
0.0402688
0.00886091
-0.00477811
-0.00183193
-0.00180137
0.00227627
-0.000583757
-0.00164444
0.000510338
-0.000170351
-0.000307739
9.86718e-05
0.00176891
-0.00416987
0.00374425
0.00216026
0.000638249
-0.008801
0.00106318
0.00451234
3.34577e-05
0.000429273
0.000107393
-0.000570124
-0.000998924
0.00123411
-0.00240665
-0.00472928
0.00151468
5.50208e-05
5.13035e-05
0.00175885
0.00259333
-0.00884292
0.00449074
0.000124234
-8.11257e-05
-0.000457513
0.00159317
-0.000351827
-0.000339701
0.000496392
0.00166529
0.000225229
0.00028805
-0.000146091
-0.000367188
-0.000351162
0.000476669
0.000305983
-0.00043149
0.000378641
-0.000440696
0.000557745
-0.000495691
0.000330552
-0.000483705
0.000528099
-0.00042437
-0.00128871
0.00118498
-0.00347902
-0.000510968
0.000925617
0.000130544
-0.000940031
0.000563363
0.0497664
-0.109277
-0.0179093
-0.00270469
-0.00392337
0.00470367
-0.000785994
-0.00401764
-6.89264e-05
0.000672797
0.00182009
0.00213524
-0.00037645
0.00131656
-0.00896853
-0.00918158
0.00111684
-0.000140918
0.000755932
0.000519023
-9.89948e-05
-6.12849e-05
0.000114038
0.000344808
8.18461e-05
-8.49192e-05
3.68512e-05
9.27166e-05
-0.000706729
-0.000947913
-0.000314249
0.000153622
0.000858898
-0.000570769
-0.000441751
0.00192347
-0.000681375
0.000787453
0.0013033
0.0334192
0.00570253
0.0222588
-0.0233566
0.017783
-0.0166852
-0.00165943
0.00605024
0.00436577
-0.00168627
-0.00422436
0.00154486
0.0141968
-0.00402545
-0.0434396
0.0332682
0.0117777
-0.0160878
0.00346422
-0.00214787
-0.00129724
-0.000523166
-0.00134049
0.000330698
-0.0104472
-0.000806773
0.000373669
0.0137453
0.00916107
0.0490838
0.0188924
-0.0018736
0.000114678
-0.00726571
-0.00229924
-0.00674117
0.00212646
0.00378964
-0.00307833
-0.00767257
-0.00144696
-4.60732e-05
-0.000151522
0.00337863
-0.00459429
0.003349
-0.00169264
-0.00032206
0.00491611
0.000321894
0.0022205
-0.00179892
0.00147441
0.00143583
0.00137029
0.00197281
-0.00194653
-0.000732603
0.00269478
-0.000252881
0.00301572
0.00467274
0.00391814
0.00448255
-0.000355579
-0.00164813
0.00259094
-0.00306096
0.00179855
0.00173306
2.82227e-05
-0.00355983
0.00478795
0.00140194
-0.00142439
-0.0047655
-0.000338198
0.000167847
-0.000252909
0.00275193
0.000132055
0.000426324
0.000113355
0.000697021
-0.000695945
0.00517918
-0.00493456
-0.00398127
0.00373665
-0.00101933
0.000225569
0.000405463
0.0003883
0.000741582
0.000662391
-0.000836683
-0.0016683
0.00191833
0.000765313
-0.00101535
0.000141807
-0.000290815
-9.79109e-05
0.000338607
0.000107486
-0.000675624
-1.34258e-05
0.000119586
0.00101076
0.00284848
0.000634525
-0.00056263
-0.000159849
9.89668e-05
-0.00164759
0.00110834
0.000440284
0.00392261
-0.003637
0.00245268
-0.000327649
0.000415931
-0.000690562
-4.71466e-05
0.000126202
-0.00011339
3.43353e-05
-1.24877e-05
0.000136722
-0.000806061
0.000779824
-0.000600945
0.000839992
-0.00020537
0.000379498
-0.0323697
0.053599
-0.00201107
0.000476972
-0.00224372
0.00148786
-0.000695602
-0.000147147
-0.000935348
-0.00039745
-0.00162925
0.00296205
0.000693886
-0.000398988
-0.000415662
0.000305003
0.000509647
-0.000775414
0.000414575
-0.00087557
0.00358467
-0.00028177
-0.00205436
0.00172535
-0.000403599
0.00168972
-0.00881876
-0.0101973
-0.00779126
0.0134072
-0.00292655
0.0012253
8.70766e-05
-0.000237127
-0.000117259
-0.000229702
-5.20274e-05
0.000191526
0.000280207
0.00825519
0.00102266
-0.00082124
0.00118497
0.000364623
0.00067997
-0.000255222
-0.000767853
0.00153302
-0.000658771
0.000423334
0.00104426
0.000473227
-0.000980677
0.000461283
-0.000938878
0.000371846
0.000154069
0.00183643
-0.000806907
0.000518338
0.000903407
-0.000411009
-0.00261989
-0.00230527
-0.000296898
0.000113562
-0.00356809
0.00481156
-0.0052932
0.000445835
-0.000919841
-0.000145213
0.00209765
-1.84339e-05
-0.000587551
-0.00237787
0.00106391
0.00190152
0.00119567
7.35077e-05
-0.000577152
-0.000849541
0.000334643
-0.000264044
0.000778942
0.000670894
-0.00213849
-0.00143533
-0.000336377
0.00345249
-0.00282503
-0.000105032
6.13642e-05
-0.000202441
0.000246108
-0.000442773
-0.000528173
0.000375017
-0.000477032
0.000630188
0.00563961
-0.00564299
-0.0016801
-0.000585968
-0.000158455
-0.000264927
0.000140153
-0.000112454
0.122487
-0.00085521
0.000631265
2.41162e-05
0.001196
-0.000862838
-0.000225681
0.108611
0.000187345
-0.000209123
-0.00101566
0.000942579
0.109283
-0.000191239
-0.00153818
-0.00110229
0.00163237
0.000192463
0.000172632
-0.00033207
0.00044607
0.0011907
0.00116703
-0.000893152
0.00109228
0.00110238
0.000529294
0.000223072
0.000521317
-0.000546302
0.000996291
-0.000783351
-0.000521433
-0.00233251
-0.00054101
0.000176578
8.04411e-05
0.00523373
-0.000760268
0.00334419
0.00193798
-0.000654996
-0.00236979
0.0010868
-0.000589162
0.000494921
0.000796273
-0.00122244
0.00229633
0.00802546
-0.0839861
0.0418018
-0.000896096
-0.00431436
-0.00800373
-0.0114096
0.0172927
-0.0095963
0.00212533
0.00704839
0.00042259
0.0010192
-0.000248446
0.00360281
0.000108965
-0.000382907
-5.33605e-05
0.000162326
0.00153859
-0.000910707
0.000588022
-0.00119108
-0.000384679
0.000400543
0.000766945
0.00165925
-0.000244667
8.82938e-06
-0.00141764
3.91382e-05
-0.00043551
-0.000343212
0.000439413
0.00553693
0.000801162
-0.00808071
0.00611207
0.000936291
-0.0111501
0.00280497
0.00944691
0.00536178
-0.00387929
0.00125339
0.00383987
0.00113072
-0.00130183
-0.000619984
0.000614357
0.00074396
-0.00218115
-0.000230242
-0.000147102
-0.000673296
0.000312663
0.000141704
-0.000460902
-0.000115935
-0.000464755
-0.000399759
0.000294191
0.000322118
-0.000709099
0.000685455
-0.000669589
0.000278325
0.000693159
0.000526977
-0.00275831
0.000788411
-0.000766727
-7.53867e-05
0.000742112
-0.000244256
0.000416807
-0.000301254
0.00505406
0.000152287
-0.000630976
0.000643067
0.00278605
-0.000150676
0.00528824
-0.00244984
0.000494938
0.000199193
-0.000214281
8.23934e-05
0.00179554
0.000129006
-0.00243276
-0.00139137
0.00218291
-0.00164522
0.000948908
-0.00117439
-0.000572337
0.000140354
-0.000670577
0.000330254
-0.000351945
0.00163503
-0.0210457
-0.0248664
0.0192351
0.00776966
0.0282264
-0.0394875
0.0265548
1.27474e-06
-0.000692594
-0.000792395
-0.00196756
0.000768376
0.00100824
0.00284725
-0.00365403
0.00149994
-0.000731483
0.000728467
-0.00127557
0.000151376
-0.00101026
0.00370614
-0.000612399
0.000977471
-0.000510341
0.000245067
0.000514597
-0.000249323
0.000941242
-0.00115303
-0.000597803
-0.000621521
-0.000258421
-0.000855461
-5.72305e-05
0.000866454
7.45688e-05
4.11213e-05
-0.000126041
0.00101149
0.000645899
0.000652595
-0.000206218
-0.000559651
-0.000867879
-0.00534394
-0.00182791
-0.00407105
0.0081189
-0.000832381
0.000434996
0.000397384
0.000206905
0.000448903
0.000976087
-0.00163189
-0.0182372
0.0150029
-0.00416242
0.00828209
-0.0046792
-0.00257508
-0.0033918
0.00170643
-0.00214085
-0.0024058
0.00128654
0.00217932
0.00150574
-0.000214048
0.00178049
-0.00397769
-0.00040124
0.00306162
-3.1594e-05
-0.000401414
0.00748238
-0.00280076
-0.0018811
-5.43909e-05
-0.00052054
0.000432408
-0.000271319
0.000804696
-0.000214144
-0.000489736
-0.000111387
-0.00355251
0.00391732
-7.29698e-05
0.00264403
-0.00499497
-0.00420696
-0.050901
0.00370345
-0.00240887
-0.00236296
0.00191779
-9.03599e-05
-0.00345069
-0.00775479
0.000517402
-0.000197669
0.000386082
-0.0196103
-0.0398859
0.0555728
-0.0271769
-0.0456607
0.0514734
-0.0439164
-0.00620841
0.014671
0.0252735
-0.0157055
-0.0242391
-0.0559557
0.0826215
-0.0423959
-0.00403426
0.00694274
0.00245869
0.00221322
0.000595512
0.00267978
-0.0553462
0.000154293
0.00159428
-0.00140196
-0.00207273
0.00248409
-0.00276148
-0.000950959
-0.000450862
0.00206409
0.0108324
-0.0149201
-0.116527
0.115359
-0.125385
-0.0459375
-0.0460584
0.042615
0.0680586
-0.0646151
0.0306481
-0.0509541
0.0133458
-0.0295247
0.00419738
-0.0650159
-0.00660794
-0.05223
0.084463
-0.0564369
0.0120192
0.0227955
-0.00118563
0.000855694
-0.00710696
0.00652629
-0.0743087
-0.0189632
0.027604
-0.0832144
-0.0111548
0.0185007
0.0758686
0.05586
-0.0573763
-0.0340703
0.043477
0.0795776
-0.0809891
0.00141149
-0.080328
0.0492838
7.19059e-05
-0.053507
0.0537783
0.000733277
0.00151902
0.00839687
0.00212079
-0.00100536
0.000514019
-0.000497574
-0.000239052
-0.00101064
0.00117157
0.000404884
-0.000731422
0.000826968
-0.000464835
-0.00016071
-0.00188812
-0.00130186
0.00259537
-0.000638266
0.000441576
0.00337406
0.000111064
0.000816687
-0.000455281
0.00166314
-0.000531417
0.000722029
-0.00206481
0.00526539
-4.46524e-05
0.000306428
-0.000261776
0.000125428
-5.88012e-05
0.000522121
-0.000378254
-0.000248899
-0.000108653
0.000191816
0.000665627
-0.00074879
0.000407243
-0.000332976
0.000204209
-0.000121203
-0.00019149
0.0001737
1.87971e-05
0.000253345
-0.000445842
0.000489245
0.000508214
0.000732211
0.000187821
0.000944802
0.00359192
0.00421923
-0.00385746
-0.00395369
0.000672142
-0.00145217
-0.0054726
0.00153232
0.00182438
2.12569e-05
-0.000568667
0.000192423
0.000354988
0.000940529
0.00029647
-0.000337307
4.18059e-05
-2.75883e-05
-0.000742635
0.000907717
-0.000660499
-0.00102403
0.00113683
0.00127405
-0.000844316
-0.000918299
-0.00136889
0.0659676
0.00746649
-0.00690047
0.00445037
0.000169627
0.00804941
-0.00637364
0.0117137
-0.0818651
0.0492738
-0.0460534
-0.0262771
-0.0135677
0.0307316
-0.0343663
-0.00716084
-0.0133437
0.0170653
-0.0132999
0.0113308
-0.0210095
0.0195802
0.00236938
-0.000721473
0.0068955
-0.00271495
-0.00963081
-0.00617495
0.00892761
0.00688671
-0.00850879
-0.0114202
0.00565059
-0.000413619
-0.00718351
0.00037893
0.00215107
-0.00295107
-0.00443401
-0.000830734
0.000534479
0.00056561
-0.00337396
-0.0043419
0.0115309
-0.00381509
0.00949187
0.00132313
-0.00417127
-0.0430104
0.0458585
0.000455898
-0.00660608
0.0160325
-0.00988232
0.0165496
0.00275499
-0.0221158
-0.0201194
0.0235427
0.0186924
0.0195815
-0.0340731
0.0324205
0.0645642
-0.0487389
-0.0775829
0.00390084
0.000269278
-1.44938e-05
-0.000511743
-3.31001e-06
-0.000699475
-0.00141921
0.00211868
-0.00643467
0.00452791
0.000102784
-0.000166674
0.00118395
0.000778257
-0.00156188
0.000952898
-0.00140118
0.00154416
-0.000463577
-0.000400609
-0.00123181
-0.00127494
0.00226449
0.000317543
0.000857233
-0.000313758
2.01253e-05
-0.00041951
-0.00262829
-0.000734049
-0.000257389
0.000677681
0.000113514
-0.000418339
-0.000836205
-0.000411655
0.000830127
-0.000398346
0.000537851
-0.00135609
-0.000913386
0.000119771
-0.00383405
0.0154392
-0.0129967
-0.000683599
-0.000252183
0.000353608
0.000289701
-0.000245642
-0.000914317
0.000941684
0.00119729
-0.00238461
0.00190276
-0.00117922
-0.00115708
0.000719208
-0.000669165
0.000315357
0.000148199
0.00149679
-0.00102072
0.00116753
0.00124122
-0.00108236
-0.000222963
-0.00269744
-0.000558611
0.00126194
0.000942372
-0.00944018
0.00131319
0.00433122
0.00379577
0.000474774
0.0109358
0.00641036
-0.00563606
0.00413729
0.000906392
-0.000978462
-0.000366019
0.000234885
0.00412418
-0.00438349
0.00303725
-0.00583158
-0.00380602
-0.00278084
0.0248576
8.00903e-05
-0.00190722
-0.00144279
0.00407125
0.00588448
-0.0091461
-0.00474211
0.00321721
-6.81185e-05
0.000585739
-0.000663991
-0.000518916
0.000286345
-0.000398611
0.00884155
-0.00255444
-0.00224425
0.00796377
0.000617865
-0.000700866
-0.00103151
6.25039e-06
-0.000357034
0.00017044
0.000186593
0.000720242
0.000440897
-0.0015341
0.000372963
-0.00168402
-0.000622637
-0.000116077
0.000724112
-0.000608035
0.0618071
0.00595967
-0.0627318
0.0638416
-0.00110975
0.0580395
-0.0289096
0.0394829
-0.0635868
0.0229498
0.0378655
-0.00100983
0.00266097
0.00168312
0.00344558
-0.00189231
0.0569975
-0.000348176
0.000382039
0.000794514
-0.000704299
-3.37499e-05
0.00210126
-0.000451011
-0.000312054
0.0368136
0.010179
0.00116449
-0.00497552
-0.00756719
0.000831593
-0.00107335
-0.00107885
-0.0018064
-0.00153072
-0.0050944
-0.0305455
0.025231
0.0104089
-0.00951356
0.0139477
-0.000142147
5.45315e-06
0.00414617
-0.00126667
-0.0380349
0.0493988
0.0145422
0.000542861
-0.00122336
-0.00179885
-0.000147337
-0.000227598
-0.000293113
0.000571471
-0.000648224
-0.00105135
0.00166583
-0.00619904
0.00414429
-0.00377683
-0.000349895
0.000707293
-0.000147602
-0.000308105
0.000213277
0.00115527
-0.00055559
-8.67601e-05
-0.00051292
-0.00115735
0.000270767
0.00100496
-0.000118374
-0.000542662
0.000416769
0.000946069
-0.00157911
0.000695632
-0.000185916
-0.000383371
-0.00232743
-0.000480387
0.00915375
0.000268047
-0.00105337
0.00121889
-0.000753221
0.000195136
0.00100392
0.00176703
0.00244197
0.0560493
-0.000580778
-0.00139832
0.00198754
0.000371035
-6.08482e-05
0.00080862
0.00109996
-1.81489e-06
0.000166379
-0.0324275
-0.01982
0.0318422
-0.0434308
-0.0632671
0.0487736
-0.0162582
-0.0109284
-0.0486474
0.010647
-0.0618429
-0.00335909
0.00182897
-0.00418623
-0.00237653
0.00420017
0.000225477
-4.55798e-06
-0.000194825
-8.16209e-05
-0.00158644
0.0029443
0.000916371
-0.00221461
0.000643245
-0.00027197
-3.8679e-05
-0.000123744
-0.00130236
4.43456e-05
0.000150987
-0.000562841
0.000925242
0.00116608
-0.00119106
0.000319511
-0.000203021
-0.000945042
0.00381548
-0.000309074
-0.00284791
5.15266e-05
0.000859273
0.00309675
-0.000955536
-0.00325438
-0.000647921
0.00233426
0.00156804
-0.00165369
0.00219871
-0.00076799
0.00276604
0.00077685
0.000294029
0.000732649
-0.000370276
-0.000140904
0.000621426
0.000212814
0.000250083
0.000161822
-0.0011754
0.00082022
-0.00021547
-0.00132705
0.000615457
0.0197998
-0.00233137
0.0547269
-0.00377006
0.00117885
-0.00732379
0.00225155
0.000610425
-0.00163913
-7.3581e-05
0.00286427
-0.0102893
0.00847497
0.00261199
-0.00126686
-0.00152207
-0.00196251
5.95289e-05
0.00215568
0.00434275
0.0212458
0.028066
0.0306038
-0.010146
-0.000355213
-0.000805202
0.000680504
0.00162837
0.00707481
0.00568892
-0.0159802
-0.00885499
-0.0179374
0.0144509
-0.0362747
-0.0272896
-0.00305969
0.0218344
0.00851493
-0.0666062
0.0564503
-0.0521255
0.044959
-0.0236963
0.0239811
-0.0562405
-0.0504923
-0.0164261
-0.0618468
-0.000452178
-0.058369
0.052496
-0.0607332
0.0247756
-0.0266359
0.0421639
3.38806e-05
-3.77988e-05
0.000732548
-0.000152487
0.000189188
-3.67018e-05
-8.54559e-05
7.31222e-05
-0.000723168
0.000352737
0.000711155
0.00123184
0.00162474
-0.00114026
0.000226682
0.00199888
-0.000300435
0.001402
0.0384149
0.0228188
-0.00112051
0.00283702
-0.00265186
0.00115815
-0.00575161
0.000829804
-0.00121429
0.000256193
-0.00244683
0.00131178
-0.000590275
0.000301408
0.000288867
0.0474667
0.00119016
-0.000115387
0.00230383
-0.0028572
0.000773849
0.00114619
-0.00399277
0.00114189
0.00244394
0.00163489
-0.00153807
-0.000571943
0.000147495
0.00146656
0.00487906
-0.00609174
-0.000141853
0.000362994
0.00186686
0.00158381
-0.00194726
-0.00437356
-0.00752975
-0.00177013
-0.00192555
-0.00353266
0.00192751
-0.00131804
-0.000783777
0.00108899
0.00101283
0.00121945
-0.00273468
-0.00078525
-0.00142811
0.00290052
-0.00234902
0.00344906
-0.00219108
0.00262026
-0.00222156
0.000642441
0.00103497
0.00387422
0.000430343
-0.0187945
0.0146548
0.156846
0.067966
-0.0520502
0.0326163
-0.000384933
-0.00089077
0.000725191
-0.000276057
0.000318664
-0.000386521
-0.000851283
0.00151378
-0.000148433
-0.000888251
-7.58635e-05
0.000710711
-0.000176809
-0.00109347
-0.000303704
0.000103959
-0.000687507
0.000887252
-0.00153408
0.00166357
0.00047904
0.000312825
-0.000485646
0.000143624
2.91973e-05
-0.000848003
0.000471379
0.00054003
-0.000477245
-0.000222143
0.000196283
-0.000277687
0.00113951
-0.000416444
0.00110849
-0.0010524
-5.05339e-05
-0.000242846
-0.000863973
0.00183672
-0.000460178
-0.00295924
-0.0308574
0.0372103
-0.000336228
0.00022268
-0.000757523
0.00136507
0.000945737
0.000263733
-0.000503309
-0.00213262
0.000670675
-0.000930327
-0.00399385
-0.0016667
0.00123992
0.000370502
-0.00370559
0.000637295
0.00360277
-0.000672235
0.00345751
-0.00968211
-0.0171801
0.000273195
0.00195609
-0.000678995
0.000449842
-0.00071876
0.00143209
0.00210216
-0.0068336
-0.00882165
0.000975801
0.00240627
-0.00156412
-0.0027625
-0.000148346
0.00013606
-0.000118393
-0.00143685
-0.000332831
-0.000433388
-0.00224399
0.0012978
-0.0105057
0.00610979
-0.00455581
-0.000655273
-0.0119132
0.0100899
-0.00656443
-0.0578552
-0.0116402
-0.00985022
-0.0207425
0.0415932
-0.00903806
0.0129335
-0.00490306
-0.00339011
0.0013097
-0.00159536
-0.00113793
0.000437997
-0.000426924
0.00368402
-0.0099151
-0.00833409
0.000549444
0.00127372
0.000962885
0.00434619
-0.00480412
0.00465633
-8.93787e-05
0.000121411
0.000744765
-0.00073141
-0.000250775
0.0018148
8.27455e-05
-0.000162233
0.00749106
-8.25888e-05
-0.00152787
0.00199215
0.000900753
-0.00136503
0.000175271
-0.00173709
0.00332762
-0.000370865
0.000270161
-5.77504e-05
-0.000568556
2.28694e-06
0.00134609
0.00130063
-3.3989e-05
0.000103906
0.000201364
-0.000576811
-0.00511191
0.00404317
-0.00281576
0.00756136
-0.0260697
-0.00208909
0.000768258
-0.0100394
-0.0032855
0.00388309
-0.0136515
0.0387243
0.00071376
0.00834947
-0.0199231
0.0398643
-0.00382295
-0.0116594
-0.00182083
-0.00944143
-0.000581485
-0.00029024
0.0103132
-0.00214768
-0.00686469
0.0061557
-0.000771094
0.0215396
0.00114858
-0.0240417
0.00135348
-0.00522971
-0.0109855
-0.00182099
-0.0205707
-0.0246209
0.0353414
0.00172431
0.000903416
-0.00262469
-0.000350618
-0.00176632
0.000562744
-0.00150733
-0.000485593
0.0147241
-0.00176759
-0.0178429
0.00488646
0.00117242
-0.00309851
0.00978584
0.00013673
0.00335398
0.0143209
-0.00680937
0.0013621
-0.00233527
-0.00072627
-0.00164313
0.010369
-0.000850311
-0.00100507
0.00249363
-0.00138026
0.00322266
0.000451519
-0.00229392
0.000528229
0.00748906
-0.00473769
0.000906426
0.000102356
0.00479217
6.3787e-05
0.000618686
0.00219061
0.037808
-0.00022604
-0.000141467
0.000247144
-0.000264977
9.93984e-05
0.000235157
0.00110582
0.00145828
0.00228903
0.000261545
-0.0044387
-0.00103125
0.00140926
-0.00148427
0.000892911
-0.000359228
-4.72183e-05
-0.000486465
-0.0011819
0.00114311
-0.000230668
0.000653443
0.00193033
0.00214554
-0.00116298
-0.00252533
0.000701184
-0.00101521
-0.00094647
-0.000503639
0.00117814
0.100304
-0.000283643
-6.33133e-05
-0.000259692
0.000606649
0.00172145
-0.00243693
0.00189111
-0.00072956
0.0005599
-0.000447241
-0.000191024
-0.000841766
0.00290832
-0.000640869
-0.000515876
-0.00905445
0.00112185
-0.000380119
-0.000423071
-0.00166093
-0.00846992
0.00944926
0.000911728
-0.0112817
0.0045213
0.00206619
0.000954325
-1.22819e-05
-0.000124111
0.000496237
-0.000359845
-0.000219162
-0.000481201
0.000867408
0.00166066
0.000418504
-0.00394954
0.0026005
0.00298315
-0.00163411
-0.000468552
-0.000473025
0.00114013
0.00237889
-0.000172107
-0.000443112
-0.000203867
-0.0656092
-0.00644086
0.00663144
-0.0086605
-0.0051839
-0.0178662
0.00656092
-0.0362682
0.000827135
-0.00452203
0.00941698
0.00124768
-0.0165304
0.0140612
-0.0195755
0.0145228
0.025088
-0.000726373
-0.000919073
0.00123419
0.0034334
-0.00193179
0.00144031
0.000647208
-0.00164858
-0.00388298
0.000323329
-0.000764241
-0.00179514
0.00330571
-0.00142531
0.00226525
-0.00101554
0.00293616
-0.00107313
0.00110484
-0.00165227
0.00028741
0.000190612
-0.00136573
0.00055774
-7.52813e-05
-0.000456396
0.000277295
0.000573463
-0.000927251
0.000663049
0.00293512
-0.00441901
0.00517331
-0.000629385
0.00279762
-0.00508853
-0.0018988
0.000149592
-0.00221754
0.00325941
-0.000423286
-0.000982937
0.0014933
-0.00224538
0.000369442
-0.00049552
0.00125745
0.000885035
-0.0032977
0.00211028
-0.00224956
-0.000157156
0.00100617
0.00131891
-0.00110505
0.00241403
-0.000210014
-0.0010318
7.89899e-06
-0.000108726
0.00316878
-0.000350343
-0.000890374
0.00157668
3.28983e-05
-0.000637346
-0.00142366
0.00157713
0.000764611
0.000671582
0.00281949
-0.00182697
-0.00202988
0.0015747
0.000507604
-0.000921989
0.0015326
-0.000309339
0.00163972
-0.00146908
-0.00218845
0.000127068
0.000252845
0.00209237
-0.000427903
-0.000495723
0.000876955
0.00248458
0.00198411
0.000732619
-0.00372781
0.000419595
0.001448
-0.00246433
0.00204497
-0.00192979
0.0108647
0.0257934
0.000908333
-0.000593614
-0.0125349
0.0271314
-0.0221481
0.00195507
-0.00240825
0.000846612
-0.000403558
7.43998e-05
0.000526382
0.000225414
-0.000537293
-0.000219286
0.000157114
2.37736e-05
0.000408698
-0.00122711
0.000962563
-0.000738594
0.000257169
0.00730315
-0.000472354
0.000366546
-0.0132138
0.00809609
-0.00237008
0.00223135
-0.000399739
0.000538469
-0.0019569
0.000876413
0.000541085
-0.00237176
0.00106145
0.000469643
-0.000265921
0.00118619
-0.000102588
-0.000327987
0.000136406
2.16547e-05
-0.000319098
0.000161037
-6.28019e-05
0.000641924
-0.000350413
0.00063295
-0.00036135
-3.76201e-05
0.00132816
-0.000247721
0.000104521
0.000160083
-0.000173801
0.000115373
0.00155744
-0.00663491
0.00776561
0.00643798
0.00192365
-0.00270866
0.00129236
-0.000655125
0.000376974
-0.00253261
-0.00195939
0.00105682
0.00145962
0.000675925
-0.00144247
2.5019e-05
-4.34526e-06
0.000341147
-3.70079e-05
0.000334262
0.000289609
0.000264738
-0.000524987
0.00127719
0.00111644
-0.000586341
0.00111834
-0.000947854
0.000645083
0.000329333
-0.0445771
0.0257148
-0.0118635
-0.0297316
0.0688342
-0.00719701
0.0896771
0.0231247
0.0126281
-0.0343372
0.0767294
-2.41026e-06
0.00129943
0.00486591
0.00188034
-0.00394146
-0.00280479
-0.000200736
-0.00150597
0.000566448
0.0023316
0.0161148
-0.0402185
-0.0279465
-0.0129982
-0.00190928
-0.00744156
0.00798196
-0.00406857
-0.0114194
-0.021882
-0.0529894
0.0704394
0.00434909
-0.00532018
0.0232828
-0.100168
-0.0200355
-0.0223176
0.00572117
-0.00113201
-0.000815868
-0.00194724
0.00146167
-0.0478038
-0.000552059
-0.000318752
0.0032497
-0.000654699
0.000111439
0.00291852
0.000551477
0.00125203
-4.39784e-05
-0.00582388
-0.000451172
-0.000845606
-0.06356
0.000355191
-6.84396e-05
-0.000911826
0.000308307
-0.000648417
0.00125194
0.00220261
0.000223956
0.000572317
-0.000442843
0.000217159
6.94962e-06
-0.000105627
-0.0079047
0.000433063
-0.00129012
-0.000462262
-0.000106756
0.00192174
-0.00074305
-2.10513e-05
-0.000186289
6.43737e-05
0.000600652
0.000233684
0.00452411
-0.00326104
-0.000924202
0.00267552
0.000849181
0.00238518
-0.00151733
0.00191095
-0.0897908
0.0928995
-0.0554698
0.0475035
-0.0954964
-0.00603092
0.00474957
0.00320811
-0.00696152
0.00877532
-0.0111503
-0.00286597
-0.00578507
-0.00070002
0.00684529
-0.00719732
0.00105205
0.00562876
-0.000410467
0.00083195
0.00746072
-0.000665632
-0.00839478
-0.00047311
0.000180442
-0.0327986
-0.0436119
-0.000108158
3.00417e-05
-0.000230058
0.00326812
-0.00455092
-0.00164237
-1.17555e-05
0.00237254
-0.000886972
-0.00242507
0.00501389
-0.00323544
-0.0168116
0.0459697
0.0694915
-0.0572439
0.0571947
-0.0189361
-0.0147427
0.000433178
0.00372801
0.00204555
-0.00620674
-0.0275742
-0.0245078
0.00188486
-0.00370953
-0.000238103
0.000141999
-0.00111234
0.000864712
-0.00602699
-0.00533729
0.00436617
-0.000904227
-0.00010445
0.00399161
0.0318065
-0.000677553
-0.000652672
1.77469e-05
-0.000969169
-0.000633599
0.000601386
0.000737604
0.00229936
-0.000926682
0.0070521
-0.000640424
-0.00188169
0.000274541
0.000671071
-0.00249939
0.00227108
0.00726973
-0.018514
0.054619
0.0167686
0.0127682
-0.00495718
-0.00929388
0.00700635
-0.00629637
-0.0171854
-0.0174477
0.0116198
-0.0059444
0.00122012
-0.0346535
0.0240299
-0.00884996
-0.00179916
-0.0119754
-0.0243251
-0.000211226
0.00106874
-0.000439691
-0.00290116
-0.00077574
-0.00136407
0.00291719
-0.000777382
0.000580405
-5.31937e-05
0.00143428
-0.0156183
0.0274093
-0.0109137
0.00769607
-0.0130055
0.0192751
-0.048504
0.0446705
-0.00876776
-0.00169381
0.00682605
-0.0490227
-0.00275447
-0.00429636
0.000875881
-0.00291379
-0.00568206
0.00978331
-0.00125767
0.000214002
0.00124091
-0.000895518
0.00259859
-0.0041871
0.000560707
0.000509424
0.00370152
0.00239428
-0.0416369
0.0414055
-0.010383
0.0233844
-0.0772448
0.0186025
-0.010165
-0.00554883
0.0140334
0.00904772
-0.0120881
-0.0114061
-0.0519106
0.106794
-0.0502655
-0.00378935
0.00719469
-0.0034881
-0.00433494
-0.00476439
-0.000562475
-0.00118523
0.000548562
-0.00211581
-0.00456654
0.00176473
-0.0034611
-0.00675842
0.00426111
6.03809e-05
0.00114061
-0.00248817
-0.00150963
0.00158128
-0.000603256
-3.68787e-05
-0.000181675
-0.0111252
0.0205898
-0.00265722
0.00359976
0.000354112
0.000704294
0.00456334
0.000624384
0.00749484
-0.00337119
0.00584769
-0.00457574
0.0042218
0.0111176
-0.00819553
0.000867541
0.0081958
-9.28983e-05
-0.000303094
0.00064106
0.0514715
-0.0302809
0.0347614
0.00628178
-0.0107623
-0.0337579
-0.0029698
0.0379043
-0.0338452
0.00438003
0.00160993
-0.0481336
-0.0115425
-0.0106103
-0.000533048
8.98299e-05
-0.0154674
0.00142551
-0.000432919
-0.00142922
0.000604469
-0.018176
0.000842354
-0.00127527
0.0013802
0.000343955
0.0064426
-0.00580224
0.00225773
-0.00228061
-0.000763791
-0.00101376
0.00696535
0.0354656
-0.0164022
-0.0357202
-0.0164322
-0.0354381
0.0353938
-0.00552114
0.00421442
-0.00183522
-0.00569069
-0.00641405
0.0025075
0.00166565
-0.00376472
0.000482269
0.00117778
-0.00103324
-0.000504365
-0.000954924
0.000510405
0.0017328
0.000439656
-0.000301415
-0.00140958
-0.000313817
0.00682975
0.00197602
-0.00383465
0.00176367
0.00445777
-0.0133895
0.00454492
0.0158465
-0.0016281
0.00205183
-0.00131797
-0.00133488
-0.000770582
0.000150505
-0.000515371
-4.07199e-05
0.000454239
-0.000602537
0.00603847
0.000210524
-0.00823034
-0.00456806
-9.91838e-05
0.000143529
0.000164097
-0.00104876
0.000739453
0.000597658
-0.0012564
0.0003786
0.000307367
-0.00140719
0.000211906
-0.00460428
0.00583874
0.000770152
-0.00083609
-0.00126111
-0.000129754
0.000351937
-0.000735883
2.57017e-05
-0.00129261
0.00026727
0.00523976
0.000852871
0.000792078
0.00134173
0.000172409
0.00159341
-0.00853392
-0.0167348
-0.00118955
2.90772e-05
-0.000398195
0.000217212
-0.000165566
0.00294213
-7.27731e-05
0.00027187
0.00071391
-4.43317e-05
-0.0013176
0.00119609
-0.000651476
-0.000129024
0.00056863
-0.000303933
0.00044762
-0.000225222
-0.000331998
0.00136023
-0.000963838
-7.37136e-05
0.000554031
-0.00137062
-0.00100878
0.000855583
0.00134546
-0.000433167
-0.00017671
-0.129338
-0.0240704
0.0528743
-0.00868814
-0.0183885
0.00174322
-0.00039681
-0.000400671
0.0298455
0.027709
-0.00578095
-0.018925
0.0188773
0.00204866
0.0131476
-0.0011532
-0.000680705
0.00030665
-0.000906589
0.00128064
-0.00475206
-0.00364573
0.0025739
0.00116285
-0.00447177
-0.00481165
0.00504285
-0.00101082
0.00158486
-0.000987951
0.00734183
-0.00389315
-0.00179491
-0.000437695
-0.00122139
0.00195281
0.00312409
-0.00490597
-0.0166513
0.00338126
-0.000228301
-0.00104437
-0.000844101
0.00163501
-0.000167252
0.00075651
-2.38533e-05
-0.000155705
0.0017192
0.00163721
0.00186685
0.000413646
-0.00114748
-0.000566411
-0.020187
-0.00248118
0.00864264
-0.00549297
-0.00899902
-0.00178966
0.00245858
-0.0015061
-0.000644258
-0.000144961
-0.0021261
0.000863871
-0.00523648
0.00192527
0.00334363
0.000491804
-0.0039804
-0.00428191
0.00130662
0.00216719
0.000596862
0.000881106
8.34611e-05
0.000600346
-0.000848949
0.00700162
-0.00295085
0.00144982
0.000585603
0.000868244
-0.00234509
0.00131129
4.58794e-06
-0.002059
9.1278e-05
-0.00100585
-0.000593479
0.00553106
0.000241828
-0.00215107
-0.000573771
0.000526967
-0.000665653
-0.00177845
-0.00212665
0.00012158
0.00116639
-0.000131146
-0.000368578
-0.00062658
0.000586208
-0.00547406
0.00141095
-0.00245034
4.63873e-05
-0.000120055
0.00281098
-0.000799686
-6.72016e-06
0.000738967
-0.00172746
-4.33842e-05
-8.97318e-06
-0.000182982
-0.000311698
-0.000299613
0.000200825
-0.000192683
0.00109464
-0.00390678
-0.0290211
-0.00416555
0.000323981
0.000648436
0.00105729
-0.00173112
-0.0153274
-3.26747e-05
1.20345e-05
0.000226691
-4.5015e-05
-0.00129875
-0.00108555
-0.000273518
-0.000262684
-0.00163697
-0.000585757
-0.000248698
0.000254296
-0.000321257
0.00216426
-0.00222857
-7.11403e-05
0.000520573
-0.00179261
-0.000432081
0.00126069
0.00342406
-0.00292001
-0.00581042
0.000713908
0.00273355
0.00524872
-0.0032825
-3.59717e-05
-0.00101381
1.51008e-05
0.00078271
-0.00417978
0.00164751
-0.000243492
0.000113733
0.000255961
-9.80651e-05
-0.000120614
0.00153421
3.07989e-05
-0.000392722
-0.00129034
-0.00104415
0.00215891
-0.00351403
4.04605e-05
0.00116175
0.000387805
0.000261822
-0.000919016
0.000104676
0.000599732
5.63043e-05
0.00101485
0.00310355
-0.000321916
0.00016267
-0.0220686
0.0148817
0.0124562
-0.00764529
0.00479811
0.00127726
-0.000418672
0.0014462
0.000113834
-0.000154263
-0.00107144
0.00371164
-0.000994312
-0.000995663
0.00126521
-0.000287207
-0.00128255
-0.00155688
0.00377058
0.000212516
-0.000141423
-0.0002492
-0.000170014
-0.00343108
0.00245945
0.00059851
-0.00141147
-0.00244924
-0.0143001
0.00118552
0.000763024
-0.000196931
-0.00089026
0.000152583
0.00549509
0.00180361
0.00499782
-0.00697526
1.3354e-05
0.00603871
0.00807672
0.00236066
-0.00227797
-0.00703632
0.0048886
0.00757069
0.000296945
-0.000174504
-0.000422533
-0.000161005
-0.00309039
0.000765973
-0.000334177
3.65664e-05
0.000793985
-0.00163362
-0.00237588
-0.000373387
0.00806458
-0.000535038
0.00193342
0.00018091
-0.00275168
0.00871407
-0.0063285
0.019212
0.000176757
-0.00193407
0.0010885
0.000117381
-0.00263807
-0.0950523
-0.0644526
0.000213568
0.000408808
-0.00169669
-0.0156648
5.33701e-05
0.00211267
0.00197814
0.00255847
-0.00365675
-0.000479651
0.00205288
0.00407588
0.00215333
0.00068222
0.0017884
0.00153236
-0.000727245
-0.00236653
0.00336381
-0.00158962
-0.00131428
-0.000737169
0.000764414
-0.0012433
0.000373463
-0.000305687
6.21943e-05
-0.00247071
-0.000313241
-0.00022449
0.00262461
-0.000447036
-0.00141727
-9.57913e-05
0.000944238
-0.000943878
0.000128306
0.00042882
0.000446685
-0.000380474
0.000575241
0.000240229
-0.00062061
-0.000345518
-0.00668156
-5.20007e-05
0.0010872
0.000432443
-0.000101419
-0.000196848
0.000197273
0.000778129
-0.000578229
0.000307196
-0.000866042
0.000485705
-0.000127288
-0.00103787
0.000999455
-0.000974394
-0.000255729
-2.78035e-05
0.000481711
-0.000719308
-8.56269e-05
-0.00535936
-0.00789728
-0.00220213
-6.82819e-05
-0.00487649
-0.00127608
0.00116042
-0.00215316
0.00225162
0.00165014
-0.00131439
-0.00131048
0.00127727
-0.000108849
6.90481e-05
-2.86649e-05
-0.000141992
-0.000331476
5.93218e-05
0.000130955
-0.000247712
-0.000161365
0.000432785
-0.00102902
0.00300335
-0.00207585
-0.00449682
-0.00795537
0.00704218
-0.000865206
0.00142591
0.00119164
7.95102e-05
-0.000364428
0.000320693
0.000522364
-0.118346
-0.000163145
0.00586103
0.000489921
0.00114464
-9.07898e-05
0.0515641
-0.0284435
-0.00378318
-0.0543109
-0.0284262
-0.00985194
-0.00277858
-0.00108964
-0.000295249
-0.00024245
0.000406247
-0.0278877
0.0418605
0.00282017
-0.0189559
-0.0106058
0.0157945
-0.0035791
0.063837
0.0252773
-0.031635
0.0320128
-0.000443497
-0.0372327
-0.061642
-0.00179117
-0.000751971
0.000281179
0.00102017
-0.00254906
0.0262718
-0.00883566
0.0238859
-0.00842923
0.000386696
0.00076155
0.00595227
-0.0112494
-0.016578
-0.00197338
-0.000883884
-0.0182668
-0.00131999
-0.000170896
0.00195864
-0.0010818
-0.000481625
-0.00291056
0.00232686
0.00259216
0.12691
-0.110689
0.00141622
-0.0209843
0.0795729
-0.090715
0.0964206
0.000430876
0.0102277
-0.00672657
0.00708858
0.00385223
-0.000256269
4.879e-05
-0.000496814
1.48569e-05
-6.87506e-05
9.80551e-05
2.22591e-05
2.17147e-05
0.000552736
-0.0570298
-0.000109284
0.000240422
-0.000353403
-8.70487e-07
-0.00054173
-0.00169806
0.0293767
0.00476323
0.000649351
0.000378964
-0.000246054
0.000267117
-0.000221042
-0.000260961
0.000781914
0.000113291
-0.000198407
0.0093535
-0.00676036
-0.00569024
-0.00718803
0.0392388
0.00612577
0.0420241
0.00596222
0.00162115
0.00141333
0.00250026
0.000434616
-0.00106561
-0.00323216
0.000367365
0.00640864
-0.0351961
-0.000570734
1.65716e-05
-0.0159845
0.003652
-0.0154138
0.00133953
-0.0019115
0.000821519
-0.000522306
-0.00235318
0.00165389
-0.0038474
-0.000327829
1.19684e-05
-0.00067593
0.000392721
0.000556078
-0.000126892
-0.00212133
-0.000494049
0.000294283
0.000438484
-0.00509236
0.0032625
-0.000967036
4.50471e-05
-4.38455e-05
-0.00384199
0.00763619
-0.000720518
-0.000848044
0.00121749
0.00714736
0.000679425
0.00654263
-0.0322766
0.0167768
0.0496606
0.00895563
-0.012574
0.0512618
-0.0732514
-0.0046663
-0.0024842
-0.00193775
0.000657232
-0.00139899
0.00189351
-0.00154494
4.23532e-05
-0.000679783
-0.00184017
5.21388e-05
0.0013058
-0.00319811
-0.00031293
0.0101214
0.00208248
1.0303e-05
-0.0175602
0.0109697
0.0052384
-0.00209558
-0.000734971
6.29865e-05
0.000257745
0.000209939
0.000361569
0.000147734
-0.00217938
0.00028974
0.00168886
-0.00184156
-0.000265309
-0.000365662
-0.00181854
-0.00465701
-0.000987975
-0.00220799
0.000788021
0.000255186
-0.000263881
0.000278902
0.000917432
-7.91157e-05
5.15274e-05
-4.14136e-06
0.000213245
-0.000470638
-0.000317401
-1.71053e-05
0.000187607
-0.00177075
-1.12676e-05
-0.00131826
-0.00119807
0.000636097
-0.00235909
-0.000900527
0.00214735
-0.000238596
5.3893e-05
-0.0017936
-0.000482533
-0.000397748
-0.001709
-0.00327885
0.000369104
-0.000222004
0.0145253
0.00401888
0.000588879
0.00453723
-0.000205058
-0.000575515
0.0273416
0.00377587
0.000954887
-0.00370194
-0.000941306
-0.000108819
-0.000279126
-0.00490542
0.0453501
-0.00718342
-0.0027791
0.0027475
0.00586952
0.00149087
-0.00288135
-0.00260946
-0.00080126
-0.00290502
0.00203834
0.00388772
-0.000398133
-0.00394012
-0.00181648
-3.3003e-05
0.00167415
-0.000455947
0.000408361
-0.00214763
-0.00181073
0.00142141
0.00336152
-0.00219076
-0.0189351
0.00249525
-0.00115733
3.25362e-05
-0.0021621
0.000960878
0.000273332
-0.00248294
-0.000570457
0.00198285
-0.00027713
0.000476689
-0.00218241
-0.00210718
0.000942511
-0.00238146
-0.00410596
-1.69107e-06
0.000915813
0.000182678
0.000916556
0.000489051
0.0021627
-0.00414872
-5.19526e-05
-0.000158942
-0.00237411
0.00278893
-0.00509722
-0.0016845
-0.00444495
-0.000320732
-0.000771922
-0.000472914
0.00308681
-0.0011033
-0.00440321
0.00204842
0.00093206
0.00175011
-0.00348085
-0.00280609
-0.000811998
0.00313844
-0.00102424
0.000625712
-0.00017524
0.00900795
-0.0149773
0.00144345
-0.0124432
0.00324033
0.000244415
-0.00272171
0.00686558
-0.000134567
-0.000372274
-0.0103622
0.000571054
0.000166036
0.000300355
-0.00033459
-0.00442865
0.00168499
-0.00143511
-0.00211095
-0.00407365
0.000277372
-9.7287e-06
9.16992e-05
0.000128527
0.0162486
0.000575293
-0.000131766
-0.0165464
0.0159232
0.00961636
0.0105832
-0.000699475
0.00119068
-0.000209522
-0.000727818
0.000180272
-0.000726593
0.000464616
0.000382163
-0.000542399
0.000296474
0.00222971
-0.000462686
-0.00166467
-0.00117136
1.0134e-05
0.000621661
-0.00141738
0.00096586
-0.00270303
-0.00159197
0.000466857
-0.00479126
0.00931284
0.00219733
9.46617e-05
-0.0101878
-0.000535219
0.000495892
-0.00173761
-0.000397213
-0.000645279
0.00190304
0.00125
-0.00190193
-0.00280279
-0.000705335
-0.000404116
-0.00300195
-0.0011489
0.000922
-0.0130323
0.0108135
-0.000104362
0.00188475
-0.000567957
0.000312425
0.00223909
2.18846e-05
-0.000717379
0.00300894
-8.43849e-05
0.00158675
-0.00115275
-0.000710623
0.0182379
-0.00357683
-0.000137934
0.000394187
-0.000855745
0.0113701
-0.000671394
-0.000365736
-0.00107868
-0.00147707
0.0164266
-0.0124295
-0.0283631
-0.00720973
0.000770582
-0.00138474
0.000204128
0.0143737
-0.000451484
-6.3869e-05
0.00392222
-0.0104336
-0.00578896
-0.00015526
0.00072103
0.0346827
0.000541817
-0.000569742
0.000715062
0.0256066
-0.0422426
0.0115416
-0.00127852
0.0415537
-0.00419146
-0.0307187
-7.58283e-05
-0.000269398
-0.00218851
-0.00110316
-0.0076273
0.00355192
0.00215835
0.00154192
0.00528432
-0.0278139
0.0157383
-0.0212976
-0.000248699
-0.00119292
0.0112571
-0.00683728
0.00654037
-0.0109602
0.00328988
-0.000828979
-0.000433438
0.0508832
-0.0510973
0.00118858
0.00104391
0.00224281
-0.00211613
0.00184014
0.0011341
-0.000353363
0.00253189
0.00120006
0.00214528
0.000401507
0.000109875
-0.00129575
0.00388145
0.00127742
-0.00101299
0.000447746
0.000239545
0.000299631
-0.00187312
0.00166027
-0.000928477
0.0344601
0.000237593
3.34224e-05
8.76174e-05
-0.000642989
-0.00119522
0.00529036
-0.0151197
0.00116163
0.0083155
-0.00274236
0.000801118
0.000263484
-0.00123787
0.000272105
0.00019222
0.000346479
-6.57221e-05
-0.000531677
0.000533047
-0.000416091
0.00127362
0.0357871
-0.0135564
0.00181233
-0.000378822
0.0233357
0.00105493
0.0049116
0.00326248
0.00617721
-0.0032039
-0.000772065
0.000888104
0.000651213
-0.00631014
-0.00115517
0.000281895
0.000404923
-0.000513566
-0.0008733
-0.00039642
-0.000682557
0.00257252
-0.00155352
-0.000975849
0.00375706
0.00718338
0.0107442
0.00374353
-0.0158103
0.0134923
0.000247697
0.00025623
-0.00139978
0.0544087
0.0593364
0.01356
-0.00184238
0.00093419
0.00199565
-0.00270112
0.000327257
0.00153261
-0.10271
0.0731834
-0.052606
-0.00706059
0.0576242
0.0892741
0.00522268
-0.00201028
0.000556771
-0.000759182
-0.000570902
0.000781299
0.000799355
0.00131936
0.000769083
0.00143368
0.000396508
0.00206509
-6.68209e-05
-0.00146306
-0.000303562
-1.48186e-05
0.000738066
5.9919e-05
-0.00278024
-0.000180535
-7.45902e-05
-0.00123226
0.000606627
0.000470372
0.0369773
0.00144294
-0.00305693
0.00519802
0.00264729
-0.000803414
-0.0117752
0.00643909
-0.00486269
-0.000956948
-0.00302408
0.000108823
0.000163691
-0.000723284
-0.000614426
1.53813e-05
-0.000208423
-0.000505607
0.000252727
0.000486376
-0.000425923
-0.000661323
0.000287705
0.0017281
-0.00134922
-0.00015864
-0.000488395
-0.000414245
0.00277232
0.00082263
0.00740502
0.0026442
0.000701492
0.0625705
-0.02351
0.000296581
-0.000411076
1.37988e-05
-7.0765e-05
-0.000235118
-0.000252391
-0.000113609
-8.70938e-05
0.000173345
-0.00196354
0.000941562
-0.00027654
0.000831806
0.000419826
0.00118735
0.00353584
-0.00206509
-0.000450416
0.00599733
-0.0022128
-0.00118969
-0.000614762
-0.000294811
-0.00192422
-0.0015709
-0.0485517
-0.0722498
0.0117112
0.00658886
-0.000196042
-0.00139235
0.0059507
0.0889571
0.000661176
-0.000301518
-4.03005e-05
6.12399e-05
8.59872e-05
-0.00231449
0.0145346
-0.00213229
0.00171822
-0.00152386
-0.000756481
-0.000983029
-0.00154695
-0.000891456
0.00191297
-0.00177083
-0.000468114
-0.000509099
-0.000338528
-3.77736e-05
0.000152796
-0.000277425
7.90356e-05
-0.000155725
-0.000204289
-3.24896e-05
-0.0355461
-0.0130843
-0.0112757
-0.0195069
0.0297938
0.0280518
-0.0277589
-0.0197538
-0.0215886
0.0298866
0.000368111
0.00227228
-0.0246122
0.000557738
0.000493275
0.0121342
-0.0300228
-0.00572288
0.0181005
0.0033357
0.053859
0.053746
-2.72547e-05
-0.000444493
-0.000998977
0.000356009
-0.000828253
0.000143947
0.000964181
-0.00179019
-5.51956e-05
-0.00029332
0.000113207
0.000381376
-0.000203405
-0.0344843
0.00866643
0.00649234
0.000253543
0.000165691
-0.000637592
0.000498538
-0.000420099
0.0352321
-0.000959121
)
;

boundaryField
{
    outlet
    {
        type            calculated;
        value           nonuniform List<scalar> 0();
    }
    walls
    {
        type            calculated;
        value           uniform 0;
    }
    inlet
    {
        type            calculated;
        value           nonuniform List<scalar> 0();
    }
    model
    {
        type            calculated;
        value           uniform 0;
    }
    procBoundary10to1
    {
        type            processor;
        value           nonuniform List<scalar> 
67
(
0.0461265
0.0423536
0.0338565
0.0366581
0.128657
0.107241
0.0784894
0.0330111
0.0588501
0.047578
0.0884695
0.0207441
0.0723774
0.105295
0.141775
0.0714666
0.0727111
0.104115
0.112586
0.0607426
0.0494097
0.0661344
0.0837286
0.0933881
0.0620898
0.0844539
-0.0165691
0.12506
0.0977578
0.144474
0.0820636
0.0401233
0.0220446
0.0311433
0.0498451
0.0807096
0.0774199
-0.00112912
0.103824
0.122216
0.097819
-0.020079
0.0709526
0.00453725
0.0676167
0.0449833
0.00954005
0.125035
0.0445004
0.0645556
0.0980178
0.0543621
0.110669
0.137709
0.0974805
0.118228
0.0994001
0.0601048
0.0606761
0.0634332
0.119995
0.0303122
0.105866
0.109449
0.0417253
0.113679
0.0921149
)
;
    }
    procBoundary10to8
    {
        type            processor;
        value           nonuniform List<scalar> 
100
(
0.0132816
0.0333439
-0.00508664
-0.0179104
0.00653904
-0.00104821
0.0419773
-0.0839369
0.000343547
-0.00542635
-0.00100875
0.00879944
0.000597653
-0.0285038
-0.00369663
0.00111671
0.00391104
-0.0171335
-0.010508
-0.0273424
-0.000248778
-0.0110319
0.00166522
-0.00193878
0.00120457
-0.000865888
0.00632025
-0.0120722
-0.0184036
-0.000350523
0.000990106
-0.00692807
-0.0738778
-0.0599007
0.00971384
-0.00869997
-0.0180307
-0.00321403
-0.00676192
-0.0227732
7.6266e-06
-0.0194429
0.000296433
-0.0146532
0.00857868
-0.00160018
-0.0304193
0.0124184
0.00755152
0.00602034
0.00549428
0.00144689
0.00506849
0.0231526
0.000159233
-0.012133
0.00166243
-0.0172132
0.00803973
-0.000385169
-0.000743798
-0.00121332
-0.0121174
0.000333542
0.000569064
-0.0315133
0.001497
-0.0065098
-0.0045245
-0.021587
-2.36353e-05
0.000753116
0.00655968
0.00762626
0.00532541
0.00344254
-0.00943714
-0.00603594
-0.00158148
0.0067681
-0.0736397
-0.00949147
0.00122401
0.00248542
0.00822228
-0.00395243
-0.00658364
0.00110599
0.00379128
-0.000682703
-0.0446634
-0.00432966
-0.0116824
-0.00109607
-0.00181014
-0.0113367
-0.00453968
-0.0026552
0.000308472
-0.00502112
)
;
    }
    procBoundary10to9
    {
        type            processor;
        value           nonuniform List<scalar> 
120
(
-0.0396164
0.000128959
0.000658447
0.000628759
0.000219379
-0.0125774
0.000307527
-0.0486442
0.000157329
0.000220786
-0.00466856
-0.00190751
0.000203837
-0.00078281
0.000219177
-0.000146967
-0.000397653
0.000277549
-0.000659673
0.00055889
0.000369265
0.000225067
-0.00287502
0.000530588
-0.0430771
-0.00113624
-0.00480123
-0.00396341
-0.0039999
0.000222108
6.18032e-05
-0.00011355
3.2944e-05
-0.00128457
-0.000672343
0.000714007
4.96237e-05
-0.00214875
-0.000348229
-0.0136057
0.000211464
-6.50843e-05
0.000500107
-0.0147817
0.000726463
-0.0160531
-0.00499489
-1.67406e-05
-0.00127495
-0.000451755
-0.00625857
-0.0037767
8.98213e-05
0.000450114
-0.00412082
-0.0213767
-0.00103347
-0.000222219
-0.00798959
-0.000590713
-0.0281461
-0.000998325
-0.00998479
-0.00809587
-0.00193482
-0.0220828
-0.00106975
0.000520396
-0.000736661
-0.00982707
-0.00243398
-0.0129507
-0.000212652
-0.00793299
-0.0164692
0.00126429
0.00121067
0.00125976
-0.0115358
-0.00027306
-0.00900492
-0.00437357
-0.00895132
-0.00262804
-0.00974841
-0.00147032
-0.00289961
9.89441e-05
0.000189607
-0.00501753
-0.00311166
-0.00144277
-0.00257635
-0.0101775
0.000157928
0.000256959
-0.00973357
-0.00149217
-0.0105874
0.00202263
0.000366698
-0.00162467
-0.00054151
0.000338844
-0.0256324
0.000102571
-0.00162956
-0.0392272
-0.00597148
0.00010617
-0.012085
-0.00113375
0.000438994
-0.000339983
-0.0051226
0.00398121
-0.00581479
-0.00820969
0.000570014
-0.00109766
)
;
    }
    procBoundary10to11
    {
        type            processor;
        value           nonuniform List<scalar> 
265
(
-0.00479654
-0.00206621
-0.0017946
-0.00190224
-0.00267273
0.000224777
0.000627797
-0.00166691
-0.00596827
0.000275707
-0.0273499
-0.00770782
-0.00177979
-0.0013444
-0.00144833
-0.00284652
-0.00256787
-0.0547392
-0.0201478
-0.0583725
-0.00722424
-0.00113942
-0.00993243
-0.02901
-0.000524427
-0.00013261
-0.00409034
-0.00103181
-0.000200589
-0.0147017
-0.0761109
-0.00165257
-0.0823934
0.000433139
-0.0049213
-0.053086
-0.00669762
0.0025966
-0.00189812
0.000853816
0.000510491
-0.00223247
-0.00318431
0.0012131
-0.0595399
-0.00302273
0.000833348
-0.00327969
-0.00119608
0.000178949
-7.31207e-05
-0.00604751
-0.0232481
-0.0133999
-0.0317451
-0.000535099
-0.00024993
-0.00214726
-0.000493381
-0.00236245
-0.154415
-0.000277667
-0.00416381
-0.0294886
-0.00265629
-0.0626637
-0.021408
-0.125545
-0.000636961
0.000642353
-0.00140845
-0.00299117
-0.0147926
-0.00540173
-0.00301504
0.000269856
-0.00495551
-0.00720767
-0.00144024
-0.0293377
-0.00203682
-0.00178986
-0.000517702
0.0002058
0.00196568
-0.000541292
-0.000823154
-0.00114757
0.000214953
-0.127766
-0.0169816
-0.0133122
-0.00159732
-0.0867559
0.000894422
0.00139409
-0.0332068
-0.00146341
-0.000344889
0.00114453
-0.0150214
-0.0451538
-0.00628945
-0.000753369
-0.00107909
-0.00138316
-0.00917797
-0.00483302
-0.000664148
-0.00247812
-0.0628004
-0.00189589
-0.00632982
0.00069106
-0.00141893
-0.0606789
-0.0892589
-0.0033634
-0.00616523
0.000986703
-0.00127973
-0.0284173
-0.00582833
-0.00355452
-0.00292395
-0.00554422
-0.00128363
-8.04066e-05
-0.00898208
-0.000497626
-0.000751552
-4.37599e-05
-0.0014539
-0.0155733
-0.0782842
-0.032492
-0.00295243
-0.081157
-0.00139798
-0.0203632
-0.0841451
-0.0107587
-0.00233036
-0.0120371
-0.0237254
-0.0463045
-0.0554133
-0.0336034
-0.013149
-0.00921666
-0.00282049
-0.000438375
0.00771815
-0.01551
-0.00172252
-0.00199756
-0.00711605
-0.00121494
-0.0307767
-0.00260339
-0.00318104
-0.00202373
-0.00899546
-0.00169527
0.000364774
-0.00391114
0.000426132
-0.00166642
0.000311198
-0.00272395
-0.00467053
-0.0046896
-0.00203662
-0.000883792
-0.0636111
-0.0823645
0.000103408
-0.00112599
-0.00364853
-0.00229042
-0.0521616
-0.0234525
-0.00458896
-0.00301497
0.0010161
-0.0140046
-0.00371485
-0.0514528
0.00064263
-0.000608527
-0.00175573
-0.0120706
-0.000405415
-0.0191194
-0.0171845
-0.00536277
-0.0361138
-0.0554013
-0.0032796
-0.00366922
-0.0015975
0.0013825
-0.00267702
-0.00141556
-6.92884e-06
-0.000538647
-0.0461497
-0.00910709
-0.000568159
-0.0856517
-0.00906014
-0.0169069
-0.0293885
-0.000197952
-0.0209828
0.001157
-0.0052314
-0.000732613
-0.0111607
-0.000960105
-0.00242139
-0.0420001
-0.1192
-0.12199
-0.00188305
-0.0413143
-0.000441749
-0.000613432
-0.000569243
-0.000829897
-0.00291754
-0.0287758
-0.0988146
-0.00127257
-1.21944e-05
7.23794e-05
0.00146291
-0.0286583
-0.00305384
-0.00385286
-0.00442988
-0.000973722
-0.00049425
0.000110962
-0.00226363
0.000153393
-0.00340898
-0.00231539
-0.00030476
-0.0130238
-0.0307615
-0.000748532
-0.0042886
-0.0354208
-0.00286674
-0.00194654
-0.01003
-0.00379166
-0.00302689
-0.000972303
-0.000224304
-0.00197098
-0.00596453
0.00237898
-0.0413964
)
;
    }
}


// ************************************************************************* //
