/*--------------------------------*- C++ -*----------------------------------*\
| =========                 |                                                 |
| \\      /  F ield         | OpenFOAM: The Open Source CFD Toolbox           |
|  \\    /   O peration     | Version:  2506                                  |
|   \\  /    A nd           | Website:  www.openfoam.com                      |
|    \\/     M anipulation  |                                                 |
\*---------------------------------------------------------------------------*/
FoamFile
{
    version     2.0;
    format      ascii;
    arch        "LSB;label=32;scalar=64";
    class       volScalarField;
    location    "0.00481384";
    object      k;
}
// * * * * * * * * * * * * * * * * * * * * * * * * * * * * * * * * * * * * * //

dimensions      [0 2 -2 0 0 0 0];

internalField   nonuniform List<scalar> 
3972
(
0.379312
0.392614
0.39001
0.385335
0.512709
0.380836
0.381302
0.38537
0.386391
0.412259
0.388319
0.386859
0.393496
0.395426
0.399502
0.39596
0.393147
0.393794
0.392439
0.393037
0.616165
0.429876
0.37977
0.386584
0.736332
0.387204
0.390444
0.391529
0.413719
0.379879
0.536894
0.474172
0.378674
0.416263
0.384954
0.388884
0.397624
0.39067
0.395673
0.401349
0.392768
0.391733
0.394167
0.415726
0.386191
0.39098
0.378606
0.421404
0.389941
0.385414
0.383558
0.389094
0.399712
0.376682
0.404989
0.387222
0.390024
0.392324
0.388982
0.445421
0.37701
0.384923
0.383023
0.38473
0.387722
0.41073
0.429658
0.381823
0.395805
0.415856
0.397563
0.392069
0.438455
0.394365
0.401643
0.385291
0.395067
0.377937
0.384922
0.42092
0.39689
0.396794
0.385419
0.393428
0.385894
0.379484
0.376221
0.397765
0.381223
0.384081
0.402638
0.393895
0.414306
0.396108
0.388095
0.400619
0.38162
0.385042
0.384906
0.387545
0.391572
0.390292
0.392963
0.388913
0.377444
0.389412
0.392452
0.391555
0.404664
0.385882
0.407465
0.390599
0.395412
0.437199
0.38973
0.394668
0.386563
0.385076
0.388101
0.395352
0.432842
0.38746
0.387322
0.386285
0.384645
0.529041
0.384306
0.523254
0.529938
0.567851
0.51282
0.404949
0.508897
0.504142
0.383451
0.384658
0.387792
0.385744
0.387352
0.377283
0.399701
0.385508
0.4024
0.415672
0.382282
0.377527
0.405338
0.390705
0.383606
0.404086
0.383337
0.387166
0.379561
0.381518
0.384798
0.387062
0.389916
0.398348
0.395523
0.424663
0.382344
0.385302
0.389033
0.392044
0.383209
0.410169
0.389512
0.408978
0.390323
0.402437
0.406041
0.387515
0.382728
0.402027
0.389965
0.386377
0.378085
0.392711
0.393955
0.388971
0.386245
0.383227
0.389443
0.406496
0.393597
0.378634
0.376263
0.383067
0.37965
0.549776
0.388076
0.384327
0.423097
0.379773
0.394452
0.389585
0.390485
0.379147
0.41278
0.387685
0.388271
0.382763
0.395092
0.388504
0.404866
0.383908
0.384142
0.391496
0.40373
0.388111
0.388718
0.381094
0.470448
0.476608
0.396891
0.378419
0.416466
0.383019
0.401624
0.383804
0.3869
0.414695
0.392684
0.39587
0.482512
0.384527
0.697752
0.427671
0.691548
0.429481
0.681886
0.506494
0.453134
0.458868
0.389496
0.390835
0.388414
0.397506
0.399716
0.395897
0.390869
0.443847
0.43718
0.396476
0.397954
0.395942
0.394243
0.389974
0.39339
0.381745
0.384012
0.575481
0.411417
0.381034
0.382946
0.392357
0.463832
0.430857
0.383633
0.383801
0.462918
0.391958
0.385227
0.38728
0.440621
0.392249
0.384835
0.40918
0.396821
0.392357
0.401952
0.410691
0.511119
0.441879
0.407069
0.445702
0.392424
0.377589
0.383455
0.393395
0.378975
0.446474
0.391824
0.489814
0.710598
0.5877
0.391014
0.382464
0.391143
0.406009
0.389963
0.382357
0.397875
0.394692
0.470173
0.42168
0.389609
0.463794
0.391657
0.536873
0.382854
0.400706
0.395005
0.397618
0.389246
0.38533
0.39816
0.392138
0.378769
0.39127
0.389086
0.390039
0.435923
0.39128
0.61389
0.38285
0.391625
0.388603
0.38584
0.389325
0.500724
0.62601
0.394604
0.389743
0.391857
0.382632
0.387075
0.389593
0.401796
0.385012
0.388088
0.481492
0.401847
0.388121
0.384045
0.382969
0.382365
0.398289
0.380882
0.402996
0.413064
0.38331
0.433678
0.39432
0.389745
0.389525
0.388444
0.395994
0.387002
0.399598
0.387101
0.387904
0.387621
0.393365
0.765533
0.438504
0.543558
0.376726
0.386945
0.38691
0.392668
0.388982
0.391906
0.413791
0.382462
0.387232
0.383394
0.392085
0.381307
0.391678
0.383788
0.394744
0.37622
0.396505
0.390048
0.392297
0.398226
0.382127
0.386987
0.403123
0.38424
0.389062
0.389126
0.410677
0.391591
0.413923
0.387846
0.412331
0.378555
0.389023
0.495096
0.394552
0.443169
0.391321
0.441262
0.391404
0.666721
0.732798
0.38085
0.386109
0.403811
0.388162
0.388286
0.390148
0.39949
0.389631
0.379276
0.506785
0.388762
0.390388
0.39641
0.406945
0.39033
0.390763
0.376759
0.552911
0.392396
0.392903
0.387353
0.382641
0.387122
0.384383
0.398491
0.398229
0.389599
0.391633
0.39494
0.383281
0.40074
0.380829
0.391346
0.385352
0.382438
0.385683
0.3853
0.391995
0.402531
0.381985
0.376641
0.376493
0.390497
0.379178
0.387074
0.389589
0.387518
0.391238
0.39116
0.391304
0.385659
0.391869
0.390099
0.398434
0.404172
0.395889
0.388159
0.381125
0.523073
0.514561
0.435246
0.394437
0.424935
0.399206
0.390704
0.391395
0.392977
0.411645
0.383384
0.388586
0.383771
0.393448
0.37995
0.398483
0.394284
0.391319
0.393213
0.42484
0.410912
0.432065
0.391914
0.392605
0.400518
0.402874
0.41341
0.412132
0.422588
0.383048
0.376461
0.413676
0.380219
0.383098
0.377815
0.375042
0.512483
0.402386
0.498974
0.52215
0.404827
0.382169
0.373539
0.384424
0.389428
0.407387
0.396112
0.395537
0.399779
0.396791
0.389397
0.393929
0.387448
0.389395
0.42375
0.374774
0.423302
0.448223
0.395381
0.389571
0.39078
0.390295
0.441655
0.444384
0.423437
0.402101
0.388816
0.394922
0.500184
0.385954
0.392657
0.405452
0.423011
0.387004
0.41299
0.426045
0.387173
0.404529
0.404335
0.396026
0.403306
0.388946
0.388855
0.388194
0.387609
0.394087
0.396108
0.386059
0.394474
0.388301
0.422938
0.394251
0.388799
0.394794
0.38817
0.387763
0.401173
0.406107
0.389954
0.386372
0.39127
0.395049
0.396143
0.389497
0.389037
0.392144
0.38811
0.420101
0.387226
0.433273
0.436991
0.430591
0.388226
0.530769
0.389945
0.397025
0.512392
0.385107
0.389182
0.394193
0.390621
0.386638
0.386606
0.391052
0.388385
0.389111
0.389056
0.388521
0.390004
0.392715
0.387481
0.385862
0.39411
0.393925
0.405804
0.405811
0.508288
0.499466
0.417095
0.428852
0.39015
0.391034
0.386626
0.379721
0.390635
0.384142
0.385914
0.390935
0.517162
0.441835
0.473042
0.388752
0.430057
0.393412
0.387681
0.392307
0.398989
0.388063
0.382621
0.374373
0.372211
0.383902
0.385183
0.384286
0.38067
0.480829
0.448996
0.4086
0.430945
0.399312
0.384749
0.384532
0.388544
0.389882
0.38548
0.38993
0.379874
0.395292
0.401538
0.402738
0.404841
0.391481
0.392867
0.389019
0.383778
0.40687
0.402435
0.385443
0.37982
0.433791
0.422577
0.491852
0.453574
0.44895
0.404814
0.391908
0.49734
0.519079
0.395668
0.390119
0.389493
0.386146
0.397652
0.42348
0.452497
0.424351
0.384064
0.440294
0.392495
0.398868
0.3928
0.38871
0.392358
0.393025
0.381121
0.391452
0.396093
0.38843
0.388548
0.391414
0.392892
0.389106
0.375206
0.389282
0.39662
0.404904
0.390964
0.390938
0.389499
0.388191
0.384427
0.386494
0.392815
0.383432
0.380206
0.430198
0.378839
0.383096
0.38512
0.394311
0.384542
0.386209
0.379215
0.387793
0.393614
0.382308
0.384527
0.38065
0.385973
0.410193
0.379759
0.390187
0.383832
0.371495
0.388052
0.386423
0.382375
0.382433
0.497885
0.380403
0.377831
0.384701
0.382176
0.375843
0.384258
0.381588
0.377682
0.394432
0.37987
0.391488
0.392712
0.385554
0.38615
0.390706
0.400765
0.399541
0.387026
0.378594
0.373102
0.374783
0.387061
0.384331
0.383945
0.394507
0.377964
0.390628
0.39216
0.387153
0.382216
0.412941
0.386591
0.387136
0.380581
0.389014
0.399041
0.38265
0.389437
0.398583
0.414512
0.380662
0.391113
0.399487
0.56424
0.436147
0.500107
0.518535
0.395952
0.390293
0.384909
0.399472
0.386916
0.389772
0.406774
0.396726
0.384372
0.387392
0.393923
0.374003
0.377289
0.384587
0.382742
0.384972
0.387749
0.435771
0.383379
0.373832
0.391912
0.39272
0.405061
0.405203
0.37529
0.403259
0.393672
0.395414
0.396377
0.462469
0.381962
0.390558
0.385014
0.393003
0.378064
0.426042
0.395046
0.396923
0.386529
0.38623
0.394794
0.387257
0.390265
0.374942
0.536839
0.394344
0.547179
0.407015
0.384826
0.377985
0.39926
0.390468
0.387829
0.386447
0.38921
0.375574
0.387051
0.394249
0.38918
0.387036
0.389669
0.38919
0.407701
0.393622
0.393335
0.420298
0.397964
0.386392
0.40986
0.386657
0.3923
0.390931
0.3819
0.406197
0.398025
0.391229
0.426225
0.462326
0.564454
0.488752
0.38794
0.387835
0.39295
0.383731
0.386786
0.527707
0.39091
0.425823
0.429934
0.438439
0.398164
0.385495
0.392519
0.379806
0.39373
0.46898
0.413159
0.479043
0.386407
0.383063
0.393826
0.395606
0.39363
0.388487
0.393125
0.384505
0.388757
0.472821
0.391948
0.391836
0.38818
0.422055
0.437772
0.390668
0.538682
0.382426
0.380345
0.386081
0.378108
0.405709
0.380201
0.386887
0.377909
0.419144
0.510129
0.388452
0.397642
0.395405
0.379738
0.373852
0.375744
0.379474
0.379723
0.421429
0.464349
0.513456
0.451343
0.378718
0.40467
0.403267
0.393457
0.397774
0.400226
0.38459
0.382157
0.386386
0.384589
0.381805
0.384995
0.38315
0.406465
0.382892
0.391948
0.384915
0.386424
0.401002
0.391909
0.397133
0.387511
0.385971
0.378502
0.39455
0.39387
0.378757
0.387476
0.389068
0.387085
0.464634
0.410602
0.392647
0.387806
0.38312
0.383153
0.385427
0.391459
0.382166
0.381468
0.393363
0.394622
0.390419
0.391001
0.378371
0.438787
0.46595
0.531902
0.385108
0.383748
0.379846
0.391786
0.388909
0.397567
0.385722
0.385868
0.389769
0.383188
0.398175
0.395975
0.388475
0.410149
0.388637
0.381139
0.379959
0.382351
0.387342
0.396762
0.38018
0.391476
0.477928
0.393077
0.445598
0.392566
0.401266
0.629439
0.397159
0.399718
0.387763
0.613997
0.384877
0.375395
0.494064
0.412069
0.391589
0.389113
0.3807
0.393158
0.398076
0.378573
0.386273
0.382405
0.716408
0.395438
0.614466
0.577816
0.530958
0.40003
0.630668
0.382759
0.482819
0.711556
0.378825
0.386807
0.395104
0.383842
0.39793
0.378179
0.393542
0.544812
0.601455
0.385024
0.388948
0.412761
0.501355
0.395409
0.395746
0.393842
0.405733
0.409997
0.392238
0.602611
0.486983
0.567628
0.606005
0.383555
0.405901
0.398464
0.3807
0.379808
0.399757
0.386608
0.391097
0.386418
0.389823
0.390153
0.38329
0.378535
0.395316
0.388854
0.377763
0.381418
0.385924
0.389769
0.392455
0.392562
0.381894
0.386331
0.390528
0.391708
0.381946
0.401985
0.393512
0.384202
0.379757
0.394786
0.399163
0.390731
0.391452
0.385157
0.394429
0.37803
0.383979
0.393963
0.39652
0.395331
0.401843
0.379504
0.388468
0.377329
0.372597
0.380905
0.385696
0.387195
0.38666
0.385933
0.387438
0.390653
0.38971
0.386505
0.391101
0.378512
0.447871
0.376743
0.386252
0.391607
0.390094
0.383211
0.388011
0.405766
0.394475
0.389423
0.437227
0.383943
0.3815
0.400783
0.398773
0.401736
0.396371
0.38617
0.398137
0.400486
0.383891
0.386688
0.381172
0.588331
0.539252
0.387329
0.378308
0.382387
0.384487
0.387146
0.385425
0.450024
0.381256
0.458733
0.394903
0.391036
0.392699
0.388317
0.393211
0.39144
0.390248
0.396226
0.38525
0.392623
0.385127
0.395975
0.380422
0.381816
0.395775
0.387795
0.395122
0.391979
0.452516
0.380683
0.560676
0.532995
0.413098
0.384572
0.389155
0.721363
0.388121
0.379998
0.387646
0.396652
0.386695
0.375668
0.39357
0.384675
0.545418
0.388825
0.399844
0.385451
0.402204
0.392053
0.402336
0.392932
0.404207
0.393243
0.389313
0.382385
0.397499
0.380998
0.395875
0.399833
0.387809
0.610575
0.385903
0.400501
0.380672
0.385712
0.407871
0.390226
0.387818
0.443409
0.390291
0.392211
0.495468
0.489489
0.396944
0.4031
0.401334
0.393937
0.397336
0.410182
0.3924
0.397112
0.391241
0.391405
0.395327
0.394745
0.397358
0.385233
0.401631
0.399147
0.483465
0.405236
0.521674
0.386344
0.517048
0.417637
0.477669
0.384726
0.393619
0.392493
0.52711
0.391261
0.37944
0.626305
0.387176
0.636145
0.551934
0.387292
0.38902
0.38974
0.407129
0.410455
0.428538
0.397423
0.394756
0.398646
0.394571
0.387148
0.387918
0.380606
0.386422
0.394879
0.393704
0.391513
0.386498
0.390042
0.387569
0.388804
0.38983
0.386743
0.395209
0.392266
0.39226
0.387305
0.37961
0.389583
0.38668
0.400862
0.388783
0.389384
0.380122
0.383964
0.398262
0.396947
0.383135
0.385397
0.383432
0.396367
0.408978
0.390873
0.398263
0.39352
0.38995
0.4066
0.385404
0.393794
0.396107
0.408716
0.392673
0.395264
0.387736
0.394878
0.385489
0.385387
0.385674
0.385325
0.385763
0.38664
0.387903
0.379475
0.420324
0.407103
0.386154
0.48407
0.380991
0.390666
0.400892
0.384285
0.391305
0.419587
0.420179
0.662246
0.373074
0.384285
0.381573
0.382207
0.380407
0.386897
0.379351
0.377978
0.37817
0.383203
0.386861
0.380411
0.386656
0.38691
0.37731
0.377648
0.38796
0.389979
0.394479
0.393621
0.386054
0.376343
0.390412
0.37496
0.387084
0.39235
0.40495
0.395064
0.388354
0.388409
0.435688
0.38831
0.380966
0.383027
0.375159
0.393277
0.377785
0.375044
0.378881
0.381866
0.383143
0.384794
0.387929
0.38321
0.382252
0.39044
0.383227
0.396147
0.381857
0.388632
0.382684
0.39777
0.450434
0.439469
0.405908
0.415266
0.422572
0.3724
0.380231
0.397752
0.425338
0.374832
0.457216
0.47042
0.386643
0.394217
0.382005
0.377601
0.371974
0.373799
0.381662
0.39095
0.383527
0.384456
0.380259
0.381563
0.392201
0.385613
0.390531
0.39146
0.3814
0.388552
0.400545
0.385747
0.380123
0.393336
0.391646
0.378032
0.397408
0.381387
0.397367
0.391844
0.392634
0.440961
0.403024
0.396083
0.395917
0.394102
0.394134
0.391451
0.424946
0.392328
0.449324
0.392912
0.558262
0.465568
0.393705
0.55206
0.530369
0.380344
0.502318
0.399849
0.396141
0.475169
0.416203
0.42121
0.408231
0.715241
0.379805
0.547654
0.472489
0.488048
0.372116
0.538267
0.378625
0.381385
0.382838
0.386384
0.384759
0.380105
0.389675
0.393583
0.488581
0.464536
0.380432
0.381109
0.451324
0.67779
0.516119
0.381112
0.384837
0.384323
0.39465
0.390657
0.381874
0.394033
0.390246
0.392034
0.389479
0.390154
0.39365
0.386065
0.579087
0.386272
0.414559
0.440929
0.427673
0.390855
0.388729
0.378095
0.388851
0.384899
0.394337
0.381974
0.383217
0.378615
0.385531
0.393872
0.386231
0.395813
0.383338
0.393798
0.386259
0.389731
0.388052
0.387507
0.384644
0.39004
0.389337
0.389446
0.388989
0.385871
0.384879
0.41497
0.394885
0.391049
0.445657
0.395349
0.395826
0.382713
0.384537
0.423829
0.387101
0.385737
0.38648
0.387939
0.378698
0.396824
0.389496
0.381688
0.387615
0.38664
0.388335
0.690465
0.385014
0.386974
0.380991
0.386959
0.387379
0.392235
0.395507
0.389645
0.392253
0.478933
0.384616
0.384557
0.391158
0.426036
0.3954
0.39305
0.55606
0.404414
0.397819
0.415928
0.392784
0.398114
0.399292
0.406227
0.391945
0.378041
0.391722
0.388989
0.676256
0.385829
0.3837
0.381551
0.380469
0.383949
0.380929
0.38168
0.381332
0.38449
0.384488
0.378507
0.380021
0.394244
0.38413
0.3868
0.387552
0.389519
0.391607
0.37843
0.401252
0.398622
0.394038
0.397184
0.397575
0.392627
0.404688
0.388124
0.378688
0.377859
0.384265
0.388944
0.377245
0.377131
0.379838
0.379568
0.376842
0.380372
0.389014
0.375653
0.383068
0.377921
0.38375
0.380086
0.627398
0.386286
0.706793
0.663356
0.387497
0.381019
0.387196
0.397895
0.377543
0.385308
0.390325
0.391747
0.616197
0.382924
0.417554
0.417176
0.386401
0.380387
0.441413
0.419632
0.494598
0.395775
0.504926
0.447032
0.501338
0.706444
0.415526
0.385581
0.395506
0.384794
0.376167
0.394569
0.386097
0.387974
0.391873
0.379708
0.432786
0.398578
0.405999
0.394327
0.460806
0.385123
0.401287
0.386262
0.415752
0.379263
0.396298
0.423932
0.3861
0.387755
0.38729
0.378433
0.378827
0.383228
0.391648
0.378794
0.392681
0.384712
0.377374
0.389604
0.388958
0.390201
0.385447
0.377497
0.391928
0.712547
0.454011
0.390145
0.389539
0.598847
0.433512
0.565464
0.388195
0.379419
0.3806
0.392443
0.405141
0.446227
0.383432
0.389609
0.382344
0.391118
0.39432
0.384126
0.385617
0.406273
0.38437
0.393141
0.383743
0.389669
0.384164
0.389292
0.374708
0.400204
0.377531
0.384255
0.381403
0.389126
0.421355
0.400184
0.466989
0.380294
0.413068
0.467757
0.407999
0.393916
0.382158
0.385703
0.388817
0.395057
0.394906
0.385945
0.383874
0.394653
0.400227
0.517314
0.407455
0.394857
0.454907
0.394512
0.385914
0.387808
0.385488
0.383874
0.383597
0.492854
0.380046
0.401864
0.382876
0.383357
0.383686
0.393921
0.396334
0.385709
0.387829
0.378741
0.388443
0.390603
0.387845
0.391447
0.3969
0.393335
0.388669
0.3955
0.382594
0.391306
0.396988
0.393615
0.392862
0.425654
0.389674
0.385649
0.392586
0.39593
0.386073
0.387299
0.391347
0.388497
0.416847
0.410861
0.414547
0.404027
0.401846
0.397571
0.389782
0.391159
0.386182
0.39387
0.412277
0.380875
0.383573
0.376702
0.382143
0.394037
0.385137
0.384737
0.383797
0.379873
0.387681
0.388132
0.387349
0.390097
0.383271
0.375513
0.376186
0.380985
0.387106
0.402591
0.388796
0.392418
0.397869
0.389887
0.392964
0.389751
0.395321
0.387671
0.382028
0.393225
0.39156
0.389449
0.385197
0.382932
0.384897
0.394372
0.390764
0.395594
0.394631
0.397785
0.385389
0.389161
0.3901
0.383458
0.389674
0.391788
0.389284
0.388799
0.393846
0.394209
0.381239
0.395227
0.386178
0.386358
0.380841
0.392902
0.389466
0.383847
0.386249
0.385285
0.376952
0.391238
0.391661
0.389506
0.385438
0.378378
0.395607
0.387973
0.394687
0.404664
0.390652
0.383438
0.389421
0.39278
0.392591
0.387508
0.398987
0.401039
0.719175
0.387406
0.40468
0.518788
0.379798
0.379788
0.526849
0.494504
0.415551
0.377927
0.376205
0.402295
0.398221
0.378369
0.388856
0.397949
0.380108
0.395811
0.391686
0.38959
0.395816
0.393184
0.415075
0.385664
0.411032
0.395497
0.398436
0.387672
0.392235
0.391714
0.500073
0.459556
0.450483
0.429694
0.442748
0.396008
0.383969
0.726836
0.389714
0.391279
0.380603
0.392241
0.379689
0.446325
0.415232
0.401437
0.387239
0.387359
0.382727
0.392502
0.391998
0.397089
0.39753
0.417025
0.391251
0.44564
0.519272
0.377658
0.381595
0.388369
0.454135
0.38368
0.39247
0.390881
0.378986
0.386355
0.387918
0.37703
0.382422
0.391438
0.392915
0.390402
0.395137
0.376627
0.390651
0.388994
0.388076
0.382176
0.386866
0.390307
0.389761
0.379301
0.385014
0.391705
0.375074
0.39032
0.389062
0.383727
0.392305
0.382997
0.386944
0.386576
0.380132
0.390441
0.376843
0.390243
0.406942
0.38128
0.373232
0.395031
0.390142
0.379484
0.384126
0.387471
0.377781
0.383116
0.383819
0.377887
0.388787
0.385089
0.387142
0.380466
0.390097
0.392557
0.385069
0.423227
0.554225
0.401587
0.470929
0.532207
0.530773
0.3892
0.390817
0.388605
0.573109
0.388024
0.384898
0.386898
0.393666
0.390627
0.393891
0.398645
0.393662
0.392126
0.39311
0.394165
0.390185
0.397444
0.513825
0.492062
0.39789
0.460201
0.394335
0.41575
0.411521
0.417715
0.39595
0.603444
0.703203
0.688945
0.517302
0.47751
0.692655
0.410973
0.40422
0.411994
0.555202
0.422381
0.54735
0.390424
0.387991
0.383053
0.380146
0.377453
0.390425
0.38928
0.387325
0.389583
0.396186
0.399028
0.396928
0.388707
0.385766
0.400942
0.396325
0.411856
0.387206
0.392391
0.38907
0.383841
0.394361
0.392947
0.387478
0.390252
0.387101
0.3904
0.401992
0.389425
0.421445
0.379062
0.379288
0.395232
0.380183
0.385506
0.386211
0.379591
0.378569
0.389302
0.38349
0.391011
0.388007
0.387923
0.384769
0.38484
0.37834
0.393136
0.389351
0.38776
0.386213
0.387209
0.390889
0.391005
0.390842
0.392468
0.393725
0.388891
0.394841
0.388907
0.384728
0.388608
0.383715
0.391687
0.395088
0.39613
0.385508
0.409475
0.505559
0.395367
0.387343
0.386758
0.379754
0.38409
0.388402
0.384387
0.401464
0.389768
0.386247
0.394662
0.38596
0.39545
0.389171
0.380434
0.401332
0.38093
0.376154
0.384684
0.381972
0.39447
0.374497
0.400923
0.376373
0.379042
0.37447
0.38627
0.380801
0.377489
0.39161
0.394629
0.376479
0.383528
0.397108
0.397548
0.386088
0.381553
0.393506
0.380031
0.383679
0.387127
0.381816
0.390741
0.388635
0.381631
0.393809
0.37875
0.383438
0.38617
0.3844
0.394412
0.393174
0.386321
0.394367
0.381729
0.387138
0.385991
0.397291
0.409491
0.385106
0.386256
0.376949
0.379918
0.377271
0.381327
0.392109
0.393726
0.393993
0.392628
0.386817
0.388824
0.39755
0.384056
0.378217
0.376206
0.3808
0.407643
0.392943
0.38782
0.394863
0.381427
0.395234
0.43577
0.391715
0.38979
0.387395
0.392299
0.394998
0.378397
0.394179
0.38518
0.410415
0.462629
0.606621
0.590053
0.381273
0.394292
0.390551
0.386341
0.380794
0.379275
0.401245
0.392445
0.410405
0.455331
0.427804
0.396132
0.386703
0.430502
0.515964
0.385512
0.516865
0.378041
0.37571
0.388392
0.716919
0.739457
0.685768
0.39715
0.382817
0.707097
0.702435
0.406551
0.386739
0.386913
0.403156
0.39687
0.379997
0.387736
0.38661
0.394091
0.387641
0.380264
0.503516
0.387172
0.393702
0.391129
0.380316
0.396456
0.392663
0.379453
0.382572
0.377002
0.383046
0.385698
0.386345
0.385582
0.388189
0.391583
0.39122
0.387255
0.383624
0.388155
0.387833
0.383803
0.420079
0.392648
0.402363
0.4012
0.382437
0.389458
0.382949
0.387519
0.58158
0.384883
0.422006
0.387917
0.389954
0.389073
0.388632
0.384405
0.37817
0.386215
0.385893
0.39666
0.388044
0.380524
0.38005
0.393628
0.388535
0.391417
0.38866
0.383854
0.378825
0.383517
0.393671
0.3885
0.511888
0.431055
0.387347
0.387208
0.377141
0.437276
0.383587
0.384901
0.388488
0.387673
0.394385
0.401908
0.391317
0.403539
0.415194
0.395891
0.387499
0.390852
0.4055
0.393727
0.386938
0.380828
0.465382
0.3945
0.400815
0.391075
0.388055
0.388573
0.382671
0.413188
0.406333
0.390267
0.389937
0.397238
0.395547
0.383495
0.39854
0.390673
0.38971
0.390191
0.389897
0.388027
0.424424
0.390469
0.389146
0.38975
0.384357
0.385393
0.37665
0.387336
0.387668
0.389907
0.394497
0.389996
0.384861
0.386692
0.391277
0.39136
0.389213
0.391552
0.386737
0.389576
0.399166
0.387524
0.38904
0.398141
0.392588
0.391553
0.39454
0.396617
0.3818
0.390562
0.398041
0.396173
0.386676
0.38074
0.423876
0.420379
0.382011
0.397936
0.401779
0.384232
0.383573
0.380504
0.39072
0.396655
0.390377
0.381514
0.392557
0.386271
0.379437
0.39153
0.383595
0.392966
0.390045
0.383799
0.390029
0.385322
0.398518
0.390082
0.385662
0.38812
0.398512
0.38361
0.393906
0.388846
0.383542
0.393184
0.397559
0.388538
0.399687
0.394764
0.390968
0.400564
0.389595
0.390314
0.402527
0.386615
0.385798
0.40453
0.383829
0.44481
0.395935
0.386821
0.384826
0.380414
0.423796
0.475781
0.428743
0.40792
0.390646
0.403089
0.38275
0.393523
0.426644
0.392122
0.501743
0.392765
0.386966
0.442519
0.378372
0.389962
0.381797
0.38773
0.3921
0.375811
0.388854
0.396887
0.381434
0.382793
0.390132
0.424192
0.395497
0.396215
0.396832
0.395689
0.388293
0.374579
0.385641
0.382848
0.380899
0.389282
0.475102
0.413094
0.40956
0.410194
0.486886
0.444442
0.387025
0.393539
0.392236
0.389419
0.39417
0.399468
0.39324
0.39476
0.412844
0.395185
0.387967
0.397414
0.38793
0.395361
0.38916
0.400205
0.396387
0.386389
0.410584
0.417501
0.424702
0.379047
0.381408
0.375274
0.391705
0.388343
0.387685
0.471428
0.464638
0.39031
0.393924
0.387782
0.407483
0.396926
0.395923
0.386832
0.470943
0.400528
0.428331
0.628456
0.39794
0.414149
0.492301
0.686448
0.501694
0.485571
0.413784
0.510032
0.382595
0.392406
0.39481
0.38704
0.382959
0.477406
0.387344
0.3903
0.391002
0.394597
0.397852
0.379271
0.386092
0.391502
0.386097
0.388687
0.398276
0.384364
0.453277
0.411792
0.461148
0.415585
0.382619
0.384868
0.415001
0.400997
0.594824
0.397743
0.416337
0.489844
0.56078
0.503499
0.513135
0.515914
0.399498
0.50841
0.388301
0.662058
0.464292
0.389157
0.386476
0.38404
0.385492
0.438646
0.386033
0.493711
0.390974
0.387513
0.395425
0.414041
0.419911
0.499695
0.409788
0.600042
0.502786
0.471577
0.421995
0.385693
0.402262
0.433235
0.401375
0.391609
0.391128
0.397278
0.406735
0.382355
0.422359
0.452164
0.425853
0.387565
0.404242
0.391461
0.399613
0.389841
0.401155
0.392683
0.389857
0.424296
0.463687
0.485479
0.418051
0.439543
0.515328
0.427273
0.465992
0.397993
0.375433
0.391449
0.380615
0.376499
0.39113
0.386431
0.397612
0.388465
0.37779
0.387199
0.381538
0.391079
0.396461
0.392101
0.38876
0.389568
0.38751
0.384559
0.383576
0.382201
0.384229
0.383279
0.409927
0.375824
0.383605
0.375847
0.38967
0.382648
0.390958
0.410968
0.380895
0.38097
0.378732
0.382242
0.37566
0.384312
0.386112
0.384664
0.386789
0.384839
0.390061
0.382193
0.391118
0.389375
0.380937
0.38635
0.383777
0.387309
0.387792
0.389193
0.375676
0.385112
0.383156
0.380475
0.395426
0.382117
0.387528
0.383903
0.386637
0.381072
0.380726
0.38343
0.38009
0.377923
0.383841
0.384014
0.387719
0.384336
0.390494
0.385575
0.380341
0.37985
0.385006
0.381044
0.37856
0.385906
0.379867
0.376874
0.374971
0.382518
0.39005
0.395023
0.384113
0.381913
0.384893
0.391689
0.382861
0.385614
0.396235
0.397123
0.381443
0.58313
0.499214
0.456338
0.445095
0.390732
0.38169
0.378683
0.396642
0.379692
0.376153
0.377898
0.388293
0.384681
0.395979
0.38174
0.389711
0.40075
0.375996
0.386462
0.393259
0.380761
0.391521
0.384669
0.392452
0.383443
0.39174
0.394902
0.381037
0.391765
0.386121
0.393022
0.396598
0.382741
0.386735
0.388578
0.385711
0.454162
0.412888
0.418763
0.532286
0.379554
0.424194
0.490643
0.593683
0.490524
0.486121
0.484894
0.66839
0.520517
0.559617
0.431859
0.406041
0.392003
0.390435
0.391539
0.556406
0.39351
0.382608
0.611929
0.386016
0.500093
0.383432
0.388323
0.392448
0.388511
0.389903
0.378405
0.394418
0.395751
0.390299
0.385148
0.378577
0.394337
0.391357
0.39821
0.380433
0.385136
0.393106
0.39085
0.382049
0.394716
0.399511
0.382744
0.380124
0.380934
0.387699
0.392675
0.399102
0.387373
0.381121
0.383553
0.385352
0.392813
0.39323
0.389283
0.383483
0.381263
0.382982
0.378422
0.381729
0.380503
0.386241
0.378715
0.39415
0.400673
0.387473
0.391301
0.392437
0.388179
0.379981
0.382575
0.391339
0.398574
0.39043
0.385044
0.392006
0.388012
0.389586
0.402307
0.395537
0.382327
0.384149
0.390563
0.392537
0.38919
0.391503
0.387751
0.380723
0.398023
0.386663
0.388277
0.534904
0.437087
0.389131
0.427407
0.38849
0.387245
0.389126
0.385634
0.395933
0.388038
0.389458
0.389055
0.382933
0.397365
0.375811
0.381805
0.386459
0.377483
0.387513
0.391664
0.388508
0.391725
0.396903
0.378026
0.404272
0.417452
0.4191
0.392151
0.387676
0.390881
0.529559
0.384508
0.391122
0.383448
0.388748
0.437226
0.41939
0.385707
0.505666
0.384593
0.396555
0.38394
0.399144
0.391295
0.391613
0.389501
0.374819
0.380219
0.605242
0.381197
0.471276
0.399412
0.391706
0.395971
0.413308
0.393701
0.402808
0.426117
0.399241
0.385521
0.643651
0.384385
0.391357
0.393309
0.375225
0.388037
0.40093
0.633255
0.520096
0.65198
0.482288
0.504244
0.634828
0.444411
0.390293
0.386725
0.557973
0.386078
0.376696
0.383032
0.38795
0.384998
0.386613
0.388472
0.394615
0.391114
0.389816
0.388216
0.380011
0.378327
0.389346
0.388808
0.392601
0.387743
0.383367
0.391524
0.391205
0.426544
0.39545
0.409802
0.384023
0.388889
0.391904
0.391261
0.385154
0.394735
0.382585
0.375735
0.378603
0.395252
0.392622
0.384881
0.381047
0.383331
0.430964
0.378015
0.40343
0.3884
0.375573
0.39373
0.386075
0.379066
0.391539
0.401844
0.510167
0.39852
0.388504
0.398566
0.390105
0.372198
0.381006
0.382948
0.391479
0.394198
0.389336
0.394537
0.400895
0.382736
0.379556
0.393268
0.416409
0.439128
0.525642
0.396538
0.390937
0.394899
0.392529
0.39141
0.39062
0.39687
0.389647
0.385815
0.420977
0.392885
0.390987
0.421211
0.376882
0.669618
0.494062
0.480093
0.388453
0.425252
0.399236
0.395336
0.390481
0.38541
0.384943
0.404235
0.387735
0.419129
0.394809
0.39677
0.421736
0.391093
0.389327
0.388765
0.391782
0.433296
0.478553
0.40449
0.386857
0.389771
0.403365
0.482998
0.394996
0.394193
0.421924
0.401394
0.386625
0.389279
0.496504
0.404284
0.390884
0.391263
0.388289
0.393884
0.396209
0.387476
0.379015
0.393925
0.411856
0.401557
0.408091
0.474591
0.396926
0.391847
0.387907
0.389128
0.381758
0.401325
0.392277
0.389673
0.391984
0.393735
0.404861
0.385468
0.375993
0.381877
0.384492
0.393041
0.390678
0.381069
0.379184
0.392405
0.402763
0.389685
0.37842
0.391515
0.383759
0.385459
0.387329
0.388812
0.403204
0.403842
0.390921
0.386181
0.398538
0.382117
0.387147
0.378983
0.388071
0.388536
0.386914
0.378449
0.389317
0.398532
0.391147
0.386341
0.389903
0.376693
0.39201
0.387649
0.382388
0.387318
0.390213
0.384173
0.387064
0.391687
0.391761
0.380822
0.385967
0.386657
0.387748
0.388171
0.392194
0.387707
0.411322
0.51098
0.390076
0.40389
0.380621
0.380896
0.380349
0.393977
0.391229
0.390833
0.398067
0.390195
0.389288
0.390621
0.388062
0.409372
0.560056
0.398974
0.38531
0.396562
0.390831
0.388494
0.384156
0.400745
0.392195
0.398223
0.380495
0.382222
0.401249
0.390371
0.389238
0.396399
0.389644
0.39292
0.378646
0.385563
0.387576
0.387301
0.389155
0.397417
0.399226
0.385661
0.382682
0.387646
0.396154
0.38432
0.401651
0.393334
0.384234
0.6293
0.395145
0.389154
0.677457
0.388904
0.399469
0.391847
0.539222
0.386474
0.387515
0.426712
0.425775
0.461188
0.397811
0.609789
0.47738
0.396905
0.3853
0.382168
0.398134
0.386068
0.482581
0.394928
0.389515
0.40345
0.397184
0.552776
0.402721
0.422627
0.393766
0.390142
0.508161
0.479244
0.453812
0.386763
0.724287
0.498302
0.477797
0.473715
0.429664
0.417506
0.392013
0.394616
0.393096
0.39051
0.386011
0.386362
0.386083
0.385777
0.478891
0.39736
0.394815
0.387058
0.384818
0.394339
0.393446
0.384326
0.392091
0.384647
0.389487
0.39415
0.378825
0.383775
0.389304
0.378828
0.384389
0.388577
0.39078
0.386296
0.38796
0.385861
0.376156
0.395796
0.386978
0.38
0.383869
0.387827
0.383293
0.387372
0.405734
0.402325
0.389462
0.388552
0.390771
0.38716
0.390704
0.412845
0.386875
0.393148
0.394946
0.46093
0.505282
0.503845
0.500238
0.393044
0.394281
0.393975
0.386645
0.386949
0.384462
0.701141
0.491102
0.393097
0.388715
0.383746
0.391644
0.373224
0.389758
0.384421
0.402188
0.390024
0.391948
0.411973
0.403584
0.404991
0.414574
0.383083
0.389444
0.402935
0.393178
0.383301
0.381045
0.386113
0.389468
0.497195
0.38411
0.482029
0.393729
0.385835
0.388316
0.391684
0.391332
0.390297
0.386887
0.395482
0.39374
0.381356
0.383055
0.380171
0.387249
0.393727
0.383317
0.388187
0.380506
0.384258
0.388048
0.392194
0.387288
0.387822
0.380616
0.395741
0.386764
0.379996
0.38356
0.384876
0.38799
0.387464
0.386182
0.405114
0.37558
0.395276
0.385671
0.384868
0.380309
0.388244
0.393909
0.3916
0.387116
0.390069
0.385552
0.382358
0.392513
0.378389
0.379987
0.385181
0.384829
0.381254
0.376941
0.384535
0.380486
0.385112
0.387654
0.382969
0.386591
0.38738
0.391803
0.382142
0.381426
0.376207
0.375043
0.37963
0.382992
0.383392
0.384669
0.380808
0.381541
0.387648
0.387315
0.385065
0.387955
0.692727
0.619529
0.541633
0.639766
0.511274
0.389973
0.393698
0.386997
0.551608
0.382686
0.392237
0.377014
0.388869
0.390095
0.386271
0.394947
0.389454
0.391014
0.40523
0.378419
0.382584
0.384032
0.377301
0.389595
0.388527
0.381701
0.38188
0.383292
0.384637
0.386152
0.387561
0.385734
0.395617
0.38831
0.384026
0.39009
0.375649
0.381015
0.400006
0.388346
0.381598
0.384281
0.391662
0.396564
0.392995
0.390442
0.38326
0.397441
0.394911
0.383767
0.385455
0.388433
0.386874
0.386112
0.387194
0.396963
0.391768
0.386077
0.3794
0.383954
0.388056
0.384799
0.723432
0.382018
0.385486
0.38183
0.390158
0.390455
0.387124
0.389751
0.380106
0.392728
0.692789
0.384131
0.385275
0.384666
0.382983
0.377433
0.385527
0.392001
0.386248
0.392937
0.391857
0.379606
0.372585
0.385
0.393636
0.392607
0.386359
0.391491
0.395339
0.37925
0.393185
0.386618
0.385996
0.395785
0.383124
0.387136
0.388396
0.394189
0.390731
0.382029
0.401941
0.388126
0.385048
0.387709
0.392246
0.391159
0.394051
0.389633
0.387107
0.391359
0.390806
0.390094
0.387575
0.391535
0.374113
0.40123
0.392735
0.400832
0.425435
0.465659
0.388722
0.386452
0.383971
0.386425
0.389507
0.385585
0.394635
0.387982
0.386093
0.386801
0.392351
0.43948
0.395919
0.385627
0.386595
0.391627
0.385194
0.386644
0.395383
0.380752
0.389661
0.385814
0.384141
0.39702
0.422406
0.512633
0.380475
0.712064
0.380209
0.38378
0.387825
0.389859
0.384423
0.390087
0.383624
0.387465
0.389872
0.390693
0.388737
0.387911
0.385117
0.394462
0.39203
0.390583
0.393869
0.38668
0.388161
0.384141
0.391001
0.388418
0.383398
0.382333
0.385237
0.393849
0.421647
0.397902
0.401273
0.396654
0.710971
0.388803
0.391144
0.42178
0.521388
0.398657
0.58276
0.389414
0.381824
0.387841
0.391235
0.397337
0.391468
0.402991
0.404037
0.384021
0.385599
0.396765
0.389244
0.379652
0.403867
0.389755
0.655763
0.391503
0.59992
0.408014
0.399591
0.414
0.40547
0.386363
0.391067
0.386167
0.389494
0.390495
0.378375
0.556087
0.416595
0.41634
0.396049
0.391044
0.386379
0.397418
0.395377
0.405537
0.390573
0.390508
0.396804
0.3906
0.383441
0.388685
0.390662
0.375041
0.391881
0.392536
0.387148
0.386355
0.383478
0.396167
0.377204
0.387955
0.392123
0.375794
0.38619
0.390842
0.406245
0.408162
0.387712
0.381172
0.39448
0.391193
0.387585
0.382777
0.390881
0.379896
0.380664
0.37475
0.411451
0.390666
0.398013
0.383572
0.390665
0.397749
0.390777
0.391812
0.383579
0.380536
0.385604
0.383199
0.385623
0.388974
0.386689
0.384889
0.38146
0.385371
0.381739
0.383254
0.385717
0.388138
0.386375
0.386922
0.386585
0.380402
0.387211
0.385062
0.388752
0.378307
0.385205
0.381631
0.378417
0.388113
0.378516
0.376293
0.392568
0.394407
0.37535
0.379598
0.378314
0.385831
0.384771
0.378426
0.389246
0.374514
0.384639
0.391008
0.393156
0.398589
0.398442
0.391502
0.38782
0.395328
0.392383
0.39083
0.44322
0.389163
0.393332
0.387308
0.386999
0.392609
0.390415
0.38402
0.381117
0.392092
0.398145
0.400403
0.393259
0.389899
0.474242
0.399195
0.395847
0.430479
0.372661
0.379171
0.39764
0.383154
0.39238
0.384739
0.391953
0.387144
0.387295
0.394577
0.399591
0.400819
0.375021
0.395632
0.39
0.385151
0.398753
0.3876
0.389148
0.389567
0.38905
0.391642
0.38783
0.390318
0.407049
0.43878
0.415939
0.389332
0.38108
0.447528
0.39855
0.39249
0.383048
0.395494
0.384725
0.376261
0.388299
0.393533
0.401772
0.386873
0.471719
0.486396
0.380844
0.432291
0.394511
0.40726
0.38446
0.392319
0.392802
0.4059
0.393413
0.501707
0.625942
0.638289
0.399757
0.469681
0.389011
0.379467
0.378225
0.393332
0.379484
0.397552
0.394085
0.39911
0.392387
0.401394
0.389472
0.392882
0.391805
0.398303
0.393099
0.388867
0.391009
0.38742
0.387791
0.38968
0.392149
0.387949
0.39068
0.382404
0.387386
0.389775
0.392893
0.412898
0.385501
0.386092
0.385736
0.383688
0.393659
0.475827
0.636201
0.430296
0.600462
0.415657
0.683673
0.454465
0.391887
0.379915
0.388239
0.479367
0.382824
0.416042
0.406608
0.37444
0.381886
0.418874
0.394588
0.387581
0.491105
0.472729
0.479994
0.385849
0.377296
0.388256
0.391463
0.392297
0.390503
0.382168
0.383435
0.389834
0.375534
0.386293
0.383755
0.382342
0.387511
0.389585
0.392764
0.387579
0.391593
0.376087
0.380319
0.386579
0.469814
0.523357
0.428573
0.388848
0.384706
0.377658
0.384481
0.384603
0.390993
0.388762
0.607339
0.555327
0.712442
0.394987
0.522515
0.662909
0.494949
0.392668
0.37722
0.383667
0.385589
0.386053
0.389741
0.391766
0.498052
0.386515
0.383062
0.383211
0.389701
0.389486
0.405772
0.391268
0.37621
0.383369
0.377801
0.390431
0.378797
0.377786
0.38643
0.384281
0.383019
0.380044
0.382093
0.392864
0.384569
0.385464
0.385565
0.390815
0.382819
0.38677
0.387704
0.393685
0.384355
0.378599
0.38381
0.391921
0.383109
0.389485
0.383649
0.388311
0.384292
0.389553
0.399909
0.386742
0.386111
0.387444
0.391797
0.39071
0.391089
0.379451
0.378439
0.386786
0.391718
0.380277
0.387911
0.39536
0.391136
0.389112
0.379538
0.39523
0.388527
0.44404
0.394005
0.397681
0.39195
0.437368
0.38664
0.386806
0.388267
0.378657
0.38873
0.392994
0.387212
0.391366
0.389022
0.47054
0.484109
0.383692
0.383347
0.387318
0.402895
0.403652
0.389068
0.397174
0.387181
0.393346
0.394934
0.388096
0.3939
0.405565
0.39248
0.418251
0.392999
0.439994
0.403123
0.468931
0.380289
0.390539
0.390408
0.395333
0.419881
0.389649
0.410309
0.405551
0.409121
0.392787
0.39146
0.463043
0.390961
0.414484
0.385986
0.378745
0.389774
0.394856
0.39016
0.386345
0.384508
0.382996
0.493632
0.431809
0.382691
0.393084
0.389051
0.398511
0.380573
0.386819
0.38054
0.387432
0.394777
0.415258
0.379176
0.391287
0.388617
0.391454
0.397875
0.404912
0.388976
0.39679
0.387976
0.389278
0.398667
0.417381
0.419146
0.393437
0.422919
0.400715
0.391753
0.396817
0.390961
0.407399
0.411322
0.397322
0.397901
0.419192
0.408931
0.414448
0.422895
0.406313
0.425545
0.384036
0.396671
0.381269
0.405024
0.380754
0.391178
0.383706
0.388855
0.386018
0.403536
0.399502
0.619995
0.392296
0.390737
0.392596
0.429702
0.395122
0.435519
0.400466
0.418389
0.391163
0.380456
0.386502
0.39792
0.38641
0.387199
0.383194
0.385343
0.38957
0.409879
0.400126
0.425344
0.4215
0.552967
0.433986
0.39617
0.379749
0.384543
0.386138
0.388688
0.389317
0.389998
0.390811
0.384781
0.38022
0.378298
0.394243
0.381261
0.390678
0.381665
0.388129
0.378923
0.387448
0.38394
0.38253
0.38451
0.37972
0.385588
0.389888
0.391689
0.391039
0.393227
0.396069
0.379016
0.38623
0.380697
0.375481
0.393039
0.399886
)
;

boundaryField
{
    outlet
    {
        type            zeroGradient;
    }
    walls
    {
        type            kqRWallFunction;
        value           nonuniform List<scalar> 
202
(
0.390431
0.385709
0.382741
0.384923
0.383357
0.384258
0.38188
0.385227
0.378417
0.386112
0.380905
0.381631
0.382996
0.385012
0.37995
0.386789
0.380808
0.382127
0.383801
0.38668
0.381034
0.384876
0.384508
0.385089
0.387478
0.382838
0.38356
0.386182
0.379301
0.382997
0.380201
0.379759
0.377909
0.380294
0.379176
0.382742
0.383027
0.383903
0.383062
0.387808
0.385554
0.383369
0.387671
0.386608
0.38449
0.391958
0.397563
0.381816
0.384126
0.382216
0.384794
0.378741
0.384281
0.386211
0.3837
0.380231
0.38168
0.383949
0.381332
0.381805
0.379959
0.382207
0.384839
0.383727
0.385205
0.383135
0.38729
0.385
0.384669
0.375993
0.383293
0.387904
0.379419
0.381172
0.382876
0.379484
0.390024
0.388718
0.383227
0.382824
0.381223
0.38746
0.391747
0.381701
0.38738
0.380829
0.389062
0.386916
0.382422
0.385696
0.377978
0.380504
0.379867
0.377329
0.382924
0.384664
0.379484
0.377786
0.38326
0.383279
0.37977
0.378881
0.386092
0.384312
0.384126
0.380895
0.381962
0.382168
0.379723
0.382385
0.38343
0.385371
0.381805
0.382201
0.38518
0.386922
0.386689
0.381327
0.379312
0.38022
0.380836
0.376842
0.384781
0.380536
0.385352
0.382438
0.380966
0.380723
0.386059
0.385112
0.379896
0.378603
0.383573
0.377601
0.379805
0.382143
0.377927
0.380044
0.387511
0.388982
0.388161
0.387352
0.383451
0.385531
0.384798
0.384759
0.382282
0.385747
0.385076
0.385613
0.385914
0.382969
0.384383
0.379692
0.377489
0.382621
0.380123
0.384998
0.386613
0.381688
0.383046
0.379838
0.382005
0.380259
0.380801
0.383048
0.385112
0.386345
0.380319
0.378179
0.378827
0.381468
0.38018
0.382619
0.377543
0.378606
0.377887
0.379288
0.388475
0.381823
0.37843
0.380219
0.389244
0.385617
0.380662
0.384306
0.384481
0.385024
0.383606
0.381387
0.380387
0.388535
0.380828
0.384603
0.38413
0.379015
0.383432
0.382759
0.382351
0.380206
0.381874
0.379915
)
;
    }
    inlet
    {
        type            fixedValue;
        value           nonuniform List<scalar> 0();
    }
    model
    {
        type            kqRWallFunction;
        value           nonuniform List<scalar> 
57
(
0.712547
0.47738
0.555327
0.594824
0.58158
0.549776
0.54735
0.686448
0.688945
0.692655
0.676256
0.619995
0.669618
0.690465
0.692727
0.683673
0.556406
0.579087
0.716408
0.712442
0.666721
0.65198
0.602611
0.521388
0.478553
0.588331
0.504926
0.500093
0.494062
0.505666
0.430057
0.598847
0.555202
0.527707
0.479043
0.470929
0.55206
0.530369
0.493632
0.483465
0.488048
0.464638
0.451343
0.471276
0.445095
0.488752
0.494949
0.489489
0.430502
0.486886
0.458868
0.39454
0.3818
0.408231
0.383746
0.399166
0.42121
)
;
    }
    procBoundary4to1
    {
        type            processor;
        value           nonuniform List<scalar> 
43
(
0.384043
0.381632
0.389382
0.384354
0.38411
0.387269
0.393177
0.394193
0.385014
0.384644
0.385899
0.387492
0.392594
0.388685
0.389982
0.391339
0.378262
0.381273
0.389135
0.388854
0.386524
0.381836
0.399115
0.382588
0.385218
0.397816
0.379639
0.398992
0.388649
0.390763
0.379725
0.401921
0.389494
0.400813
0.381637
0.391984
0.390713
0.392748
0.400393
0.391992
0.381877
0.38046
0.379026
)
;
    }
    procBoundary4to2
    {
        type            processor;
        value           nonuniform List<scalar> 
118
(
0.392979
0.428028
0.415744
0.392673
0.406156
0.404637
0.392587
0.392587
0.440116
0.400262
0.397077
0.393463
0.388825
0.405331
0.553899
0.393668
0.468059
0.381557
0.391102
0.389705
0.442886
0.394376
0.394773
0.387795
0.389822
0.387625
0.380855
0.380855
0.38987
0.430599
0.403494
0.411653
0.383845
0.396638
0.398149
0.44152
0.391968
0.392879
0.391885
0.391585
0.426113
0.394409
0.387821
0.378728
0.408495
0.473263
0.390127
0.521544
0.424544
0.4046
0.397901
0.392357
0.390065
0.391506
0.386492
0.389275
0.393309
0.387126
0.391343
0.563912
0.393689
0.388245
0.389856
0.409394
0.400287
0.40085
0.421771
0.50346
0.391537
0.505072
0.604151
0.391601
0.401219
0.389591
0.388857
0.498946
0.388598
0.392956
0.396231
0.396632
0.404637
0.389685
0.547055
0.386908
0.391092
0.385476
0.385341
0.38571
0.396061
0.421383
0.386451
0.389813
0.391305
0.397445
0.389165
0.386908
0.39312
0.401351
0.440094
0.406058
0.399417
0.39868
0.451304
0.388663
0.396069
0.611555
0.389662
0.385773
0.396315
0.392934
0.385291
0.410365
0.61332
0.391904
0.390076
0.392112
0.50346
0.499243
)
;
    }
    procBoundary4to3
    {
        type            processor;
        value           nonuniform List<scalar> 
176
(
0.390742
0.374374
0.375438
0.386965
0.385131
0.379353
0.374668
0.420654
0.378708
0.391366
0.557666
0.398519
0.390814
0.387491
0.392918
0.382663
0.379167
0.407798
0.385026
0.402808
0.386947
0.398136
0.406108
0.380931
0.577134
0.479149
0.446813
0.412067
0.390452
0.403019
0.385858
0.388286
0.381035
0.421623
0.385702
0.385941
0.379839
0.539293
0.410072
0.396632
0.396632
0.447787
0.45043
0.45043
0.516981
0.439344
0.439344
0.406526
0.401041
0.389338
0.388267
0.398623
0.48077
0.410389
0.394424
0.373768
0.402808
0.369976
0.375781
0.38387
0.418342
0.383927
0.406068
0.422077
0.465009
0.465009
0.406695
0.384783
0.378764
0.390455
0.497149
0.388318
0.450589
0.460091
0.408089
0.576037
0.585768
0.394636
0.416785
0.394763
0.397779
0.380188
0.57688
0.392491
0.396815
0.396815
0.49335
0.497981
0.383942
0.391659
0.385358
0.395745
0.378826
0.396538
0.383664
0.37753
0.38742
0.377267
0.373189
0.395454
0.440205
0.392768
0.395949
0.452295
0.385198
0.378597
0.392111
0.378405
0.379001
0.379131
0.41682
0.417522
0.379252
0.379887
0.402946
0.45563
0.397012
0.398386
0.398386
0.386547
0.414582
0.401028
0.399005
0.382025
0.513826
0.394491
0.390388
0.380849
0.390392
0.386637
0.383935
0.391402
0.380362
0.39654
0.383244
0.381349
0.394636
0.429907
0.381764
0.398136
0.422205
0.445375
0.38719
0.408547
0.394107
0.386093
0.385531
0.393653
0.386025
0.383058
0.38335
0.389282
0.385333
0.399507
0.510481
0.434033
0.526858
0.399524
0.489169
0.371911
0.392024
0.389311
0.390641
0.429247
0.466035
0.384539
0.390458
0.388002
0.448269
0.381679
0.392868
0.386025
0.390816
0.391094
0.397175
0.391559
)
;
    }
    procBoundary4to5
    {
        type            processor;
        value           nonuniform List<scalar> 
222
(
0.389577
0.393877
0.388979
0.409408
0.395781
0.388819
0.452446
0.385718
0.39363
0.40582
0.401379
0.393199
0.390273
0.384287
0.384983
0.403655
0.451153
0.403912
0.681063
0.392399
0.387505
0.473309
0.475798
0.38513
0.397234
0.405303
0.47308
0.391359
0.386307
0.393983
0.411327
0.393244
0.384211
0.388104
0.403655
0.400559
0.382577
0.381837
0.485888
0.390632
0.41628
0.972239
0.384534
0.392263
0.384208
0.73313
0.461444
0.38493
0.694568
0.431347
0.495219
0.569542
0.389152
0.393104
0.391892
0.40061
0.471002
0.471002
0.392263
0.404374
0.381962
0.394485
0.510259
0.537578
0.386254
0.389332
0.479349
0.383266
0.391396
0.389198
0.411115
0.681964
0.40167
0.40167
0.495616
0.39351
0.393744
0.395267
0.405472
0.412492
0.380956
0.411593
0.608579
0.399369
0.74515
0.57495
0.416364
0.521475
0.393983
0.394218
0.395777
0.393601
0.407129
0.435269
0.39179
0.404746
0.436242
0.400412
0.390798
0.382151
0.397181
0.541302
0.380292
0.394547
0.39783
0.397245
0.390608
0.388097
0.445482
0.432125
0.403943
0.415014
0.432127
0.393887
0.626261
0.463467
0.382178
0.389114
0.491941
0.383095
0.390773
0.379475
0.389601
0.405442
0.391848
0.392869
0.393612
0.394911
0.383925
0.584243
0.399629
0.422602
0.427821
0.384944
0.383416
0.394082
0.396863
0.391551
0.392249
0.395935
0.389392
0.386447
0.393742
0.394884
0.384287
0.428766
0.401558
0.402035
0.397555
0.699931
0.390003
0.46093
0.394144
0.38493
0.395087
0.635021
0.427802
0.387786
0.396821
0.390205
0.397861
0.398181
0.48938
0.388067
0.375228
0.385313
0.405717
0.418279
0.635668
0.385052
0.385048
0.479349
0.393159
0.386336
0.49571
0.384219
0.39967
0.379105
0.43615
0.378303
0.385959
0.460366
0.390464
0.699931
0.387066
0.49571
0.381452
0.409111
0.434385
0.629981
0.381065
0.433736
0.737673
0.39707
0.379638
0.3914
0.393889
0.421993
0.404278
0.404278
0.394765
0.481748
0.396083
0.386399
0.384331
0.579298
0.399927
0.404699
0.488725
0.481933
0.417584
0.392469
0.395809
0.385201
0.385267
0.38429
0.708997
0.386743
0.399265
0.449778
0.60822
0.440804
)
;
    }
    procBoundary4to6
    {
        type            processor;
        value           nonuniform List<scalar> 
32
(
0.377742
0.380284
0.386884
0.38342
0.383858
0.381547
0.382902
0.380964
0.381266
0.385318
0.379845
0.380722
0.381198
0.386602
0.381365
0.382145
0.383996
0.379211
0.386119
0.376732
0.376049
0.386749
0.375838
0.378777
0.377699
0.379368
0.375091
0.374643
0.379908
0.384092
0.383402
0.388599
)
;
    }
    procBoundary4to7
    {
        type            processor;
        value           nonuniform List<scalar> 6(0.381221 0.383122 0.385407 0.385238 0.385035 0.381916);
    }
}


// ************************************************************************* //
