/*--------------------------------*- C++ -*----------------------------------*\
| =========                 |                                                 |
| \\      /  F ield         | OpenFOAM: The Open Source CFD Toolbox           |
|  \\    /   O peration     | Version:  2506                                  |
|   \\  /    A nd           | Website:  www.openfoam.com                      |
|    \\/     M anipulation  |                                                 |
\*---------------------------------------------------------------------------*/
FoamFile
{
    version     2.0;
    format      ascii;
    arch        "LSB;label=32;scalar=64";
    class       surfaceScalarField;
    location    "0.00481384";
    object      phi;
}
// * * * * * * * * * * * * * * * * * * * * * * * * * * * * * * * * * * * * * //

dimensions      [0 3 -1 0 0 0 0];

oriented        oriented;

internalField   nonuniform List<scalar> 
7516
(
0.000185215
-0.066128
0.0659428
0.00434302
-0.00894461
0.00525092
-0.000649329
-0.0145334
-0.00426959
0.00977119
0.00903183
-0.0271943
-0.00318588
0.0101319
0.0202483
0.000248477
-0.0005866
-0.000482707
0.00082083
0.0402931
-0.0422046
0.00191151
0.0234304
-0.00644546
0.0179607
-0.0349456
0.00555547
-0.00957962
0.00873729
-0.00471314
0.000169815
0.00116177
0.00953027
-0.0108619
0.00232316
-0.00159778
-0.00101238
0.000287006
0.00500706
-0.0017073
-0.00473727
0.00143751
-0.000899977
-0.00383218
0.0102876
-0.00435776
-0.00344608
0.0152922
-0.0537627
0.03035
0.073818
-0.0504054
-0.0168513
-0.0125502
0.0152171
0.0141844
-0.0134941
-0.000270955
0.0267149
-0.0129498
-0.0150732
0.00787789
0.0230442
-0.0158489
-0.000259145
0.00326617
0.00310312
-0.00611015
0.0475888
-0.031289
-0.00213232
-0.0141675
0.0295499
-0.0161596
0.0213072
-0.0346975
-0.0035007
0.00123891
0.00250735
-0.000245566
-0.00177675
-0.00152832
-0.000473375
0.0576673
-0.00178177
-0.0558855
-0.033884
-0.00104415
-0.00822975
-0.00186186
0.00206485
-0.000152403
-5.05881e-05
0.000848747
-0.00808566
0.0111842
-0.00394729
-0.00354929
0.0191412
-0.0324433
0.0303902
-0.0639784
-0.0164454
0.0500335
-0.00152436
-0.000346819
0.00021621
0.00165497
0.00755904
-0.0306979
0.0143394
-0.000540791
0.00052585
0.00133715
-0.00132221
-5.76041e-06
0.000180273
0.0012662
-0.00144071
-0.031778
-0.00571468
0.0369077
0.000584912
-0.000244419
0.00138942
-0.00312276
0.00197776
0.0206755
-0.0227808
-0.0104914
-0.0028161
0.00463467
0.00867287
0.000399952
-0.00352576
0.00288241
0.000243392
-0.00810597
0.0163156
-0.0126229
0.00441324
0.00330496
-0.00350372
0.00672126
-0.0065225
-0.00311068
0.00297456
0.00053607
-0.000131712
-0.00706605
0.000801589
0.00639617
-0.000552469
0.00666443
-0.0065204
0.000408437
-0.000752397
0.000100137
0.00683839
-0.00618613
-0.0015455
0.0014753
-0.00170656
-0.0440107
0.00402604
-0.00654214
0.0465268
-0.0387446
0.0224135
0.0127818
-0.0858997
-0.00857214
0.0944718
0.0025221
-0.00149407
-0.00122922
-0.00240158
0.0354644
-0.0429628
0.00990004
0.00179639
0.00228499
-0.00783788
0.0037565
0.033161
-0.00413766
-0.0121781
-0.0168453
-0.000169278
-0.0051228
-0.00231286
0.00419848
-0.00491621
0.00274281
-0.00202509
0.0744401
0.0941714
-0.0639611
-0.00397173
-0.00129251
0.00480776
0.000456488
-0.0185339
-0.0122391
0.0322214
-0.00144838
0.0516545
-0.0514362
-0.000218332
0.00331795
-0.000911497
-0.0050005
0.00259405
0.0467162
0.00162367
0.00196171
-9.50155e-05
0.0011977
-0.0030644
0.00949735
-0.0415164
0.00685006
0.025169
-0.000457604
0.0579154
-0.0574578
0.0338491
0.0145647
-0.00752993
-0.0408838
0.0338688
-0.0371948
0.00129613
0.00202991
0.00914277
-0.0204624
0.00974141
0.00157826
0.000105086
-0.00256372
0.00093427
-0.00241655
0.00183129
0.0011482
-0.000562938
0.00170215
0.0498385
-0.0515406
0.00144091
0.0034219
0.000319616
-0.00518243
5.8191e-05
-0.000108705
-0.00406438
0.0560929
-0.00664494
-0.049448
0.00311379
-0.00631372
0.00294078
0.00188524
0.00207746
-0.00290959
0.000172751
0.00923948
-0.011332
0.00191975
-0.00527422
0.00288779
0.00209708
0.000289339
0.00782373
-0.0214632
0.0153033
-0.00166384
0.0032318
-0.00296572
-0.00405014
0.00378405
0.0347331
-0.00592001
0.0059369
-0.03475
-0.00312515
0.00350636
-0.0153461
0.0149649
-0.00374511
0.00144682
-0.000118264
4.72223e-05
-0.000774418
0.003959
-0.00777077
-0.00128206
0.00913147
-7.86324e-05
0.00574646
0.00668776
-0.0265485
0.0141143
0.00508134
-0.0124377
0.00316898
-0.0061389
0.00114431
0.00248105
0.00251354
-0.0721002
0.0719935
0.000106649
-0.00740935
-0.082559
0.0178682
-0.000170341
0.000979088
-0.00377447
0.0581195
-0.0612051
0.00308566
0.00254822
-0.0300601
0.0856313
0.000746999
-0.00354245
-0.000167339
0.00296279
-0.00262169
0.00293995
0.00279553
-0.000537521
0.00103795
0.00182273
-0.00222498
0.00389552
0.000717472
-0.00238801
-0.00958572
-0.00334506
0.00836577
-0.0032795
0.0103757
0.00325765
-0.0103539
-0.0332281
0.0680563
-0.0521696
0.0173414
-0.0134107
-0.0013787
0.00760843
-0.0547181
0.0174172
0.0437822
-0.0064813
0.0195458
-0.0867826
0.0458475
0.0213893
-0.00120835
0.00897595
-0.00773926
-2.835e-05
-0.00350731
0.0106936
0.012775
-0.0199613
-0.00662216
0.00114498
0.00758981
-0.00211263
-0.0209
-0.000124521
0.0114388
-0.000986514
0.0384094
-0.00268976
-0.0053508
0.00941933
4.67107e-05
-0.00411525
-0.00553468
0.00543902
-0.000656743
0.00621685
-0.00465659
0.000150698
-0.00171097
-0.000105968
0.00174208
-0.00136057
-0.00233657
0.0103792
-0.0081827
0.000140038
-0.00198861
-0.00119381
0.00230129
0.000881142
-0.0128495
-0.00840288
0.0103171
0.0109353
0.00133117
-0.018391
0.00388616
0.0131737
0.00246997
9.63429e-05
-0.000763356
-0.00180296
0.00166039
-0.000703469
0.0111627
-0.00357839
-0.00660093
0.0169151
-0.00996231
-0.0223569
0.0538655
-0.0529545
-0.000911
-0.0222141
0.091989
-0.0159094
-0.0023275
0.00263212
0.000442381
-0.000159282
0.00221464
-0.00201722
-3.81333e-05
-0.0524007
0.0500071
0.00239362
-0.0459669
0.0590647
0.0172924
-0.0740833
0.0100855
0.0115971
0.0615549
-0.027946
0.0124621
-0.0460709
-0.00203638
-0.000352308
0.00024744
0.00214125
0.0515109
-0.00113553
-0.0503753
-0.000274298
0.00036856
-0.00213064
0.0017075
0.000330439
-0.00231224
0.00200919
-0.00216312
0.000228589
-7.46528e-05
-0.00294377
0.00262246
0.00167571
-0.00135441
0.00180661
-0.00347596
-0.000319267
0.000988714
-0.0015611
-0.00237139
-0.00288988
0.00205917
-0.00134207
0.00217278
0.062228
-0.0616153
-0.000612651
-0.00605249
-0.00943218
0.0777126
-0.00872659
-0.0501102
-0.00389659
0.0627334
-0.0570127
0.0577835
-0.00339408
0.0819355
0.0170228
-0.0662946
-0.0326638
0.0013616
-0.00145432
-0.00149004
0.00158276
0.0496737
-0.0678061
-0.00941147
0.0275439
-0.000241727
-0.00733379
-0.00319508
0.000940748
-0.00149078
-0.0509802
-0.000755948
0.0517361
0.0524636
-0.0495016
0.00212737
-0.00176814
0.0428213
-0.0186312
0.100553
-0.124743
0.00554398
0.00117113
0.000119018
0.00167149
-0.00296164
0.0315667
-0.0685985
-0.0269465
0.00204368
0.00429998
-0.00386746
-0.00247621
-0.0133797
0.00243185
0.00979768
0.00115021
0.0435265
0.0126328
-0.078323
0.0221637
0.000513867
0.0430127
-0.00176736
0.00556129
0.00356742
-0.00736135
0.0155443
-0.0199164
-0.0141618
-0.00189014
0.000544839
0.00281153
-0.00146623
-0.00129888
0.00154291
-0.00213417
0.00252953
0.000595769
-0.00176089
-0.00136441
-0.0125225
0.00968663
0.00975652
-0.00692065
0.0148806
-0.00234896
-0.0116522
-0.000879457
0.00743157
0.000164049
-0.00763717
4.15424e-05
0.00370441
-0.0046466
0.00390384
-0.00296165
0.00746363
0.000355014
0.00706199
-0.000616849
0.00296058
-0.00206314
-0.000130812
-0.00109264
-0.00401888
-0.00151236
0.000404375
0.00512687
0.00462197
0.000146727
-0.000953897
-0.0038148
0.00202344
0.000576059
0.00176678
-0.00436627
-0.00415843
0.00216299
-0.014692
0.00532394
-0.0236026
0.0329706
0.0322274
-0.037513
-0.0174987
0.0227843
-0.0195533
0.013597
-0.00704719
0.0130035
-0.0170708
0.00996778
-0.00758895
-0.00783727
0.000110474
-0.00934401
-0.0397103
0.0551507
-0.00563369
-0.0098067
-0.0369667
0.0179444
-0.000530943
-0.0247088
-0.00909582
0.0127921
0.0210125
0.0129295
-0.0176689
0.0546079
0.0241234
0.00170854
0.0541503
0.00487793
0.00596274
-0.00340909
0.0018676
0.00115041
-0.00291292
0.0123207
-0.00600652
4.11941e-05
-0.0063554
0.0310089
0.00652404
0.00940184
-0.0469348
0.0415242
-0.0258624
0.0204524
-0.0361141
0.0278559
-0.0495152
-0.018051
-0.0103196
-0.0305043
-0.00243827
0.0432622
0.00141599
-0.000353317
-0.00106268
-0.0296233
0.0023212
0.00566557
0.0216365
0.0174309
0.021594
-0.0158342
-0.0231907
0.00189329
0.00135361
-0.00349132
-0.00911332
0.0298026
-0.00784494
-0.00525188
0.0042181
0.00200658
-0.00850856
-0.0231213
-0.00191987
-0.00240813
0.01353
-0.00920204
-0.0667861
0.0782752
-0.0175415
2.81015e-05
0.00366186
-0.00363177
-0.00204886
0.0177463
-0.00286112
-0.0128363
-0.00845102
0.00583027
0.00131249
0.00130826
-0.0495072
0.0553448
0.0227401
-0.0285777
0.00210564
0.00377146
-0.00232039
-0.00355671
-0.0154108
-0.0515464
-0.0236765
-0.00221852
0.0288278
-0.0473813
0.0396757
0.00178558
-0.0289838
0.00463922
0.00120598
-0.000109672
-0.00346561
0.0023693
0.00451306
-0.00415805
-0.000326912
0.0465593
-0.0598983
0.00524781
0.00809115
-0.000602132
0.000333432
-0.0126041
-0.011413
0.0236837
-0.00348046
0.0023213
0.00248118
-0.00132202
0.000621041
-0.000214698
-0.00388681
-0.00491399
-0.0013134
-0.00779575
0.0140231
-0.0698365
0.0544126
-0.0774638
0.0928877
0.000936502
-0.00106726
0.00227422
-0.00214346
-0.00179163
0.0218822
-0.010285
-0.000483423
-0.00290306
0.00459868
-0.0012122
0.00409441
0.0123549
-0.0158293
0.0363526
-0.0470783
0.00780102
0.00292461
-0.00197981
0.00226875
-0.000820904
0.00053196
0.00247582
0.00281286
0.00248445
-0.00777314
-0.00258523
-0.00875634
0.000187533
0.011154
0.000146673
-0.00234088
0.00160474
0.000589462
-0.0116799
-0.00349685
0.00659833
0.00857845
5.4994e-05
-0.000135102
-0.00142071
0.00150082
0.00035131
-0.00230332
0.000798917
0.00115309
-6.18244e-05
0.0021076
-0.000698842
-0.00134693
0.00306166
-0.000659418
0.000127289
0.00189377
-0.0019006
0.000910559
-0.00168988
0.000238527
-0.000915378
0.00117963
-0.00128145
0.0010172
0.00053655
-0.00109106
0.000554509
0.00214526
-0.00930065
-0.00141244
0.00856782
0.00692366
0.0121393
-0.0162646
-0.00279838
0.000698151
-0.00809499
0.00726513
0.00838014
-0.000242781
0.000547998
-0.00868536
0.0009269
0.000938918
0.0015822
-0.00344802
0.00435357
0.000335751
-0.0069143
0.000827838
0.000635496
-0.00322647
0.00176313
-0.00162419
0.000494231
-0.000264764
0.00190953
-0.00209954
3.07279e-05
-0.00844612
0.00586133
-0.00190332
0.00460253
-0.00219962
-0.0022209
-0.025125
0.00688603
-0.0146463
0.0328853
-0.00516239
-0.00545801
0.00337233
0.00724808
-0.0237058
0.0235686
-0.00546613
0.00560339
-0.00222208
0.0139494
-0.000564636
-0.0105933
0.01813
-0.00534142
0.00505632
-0.0120209
0.00734588
-0.000381291
-0.00160708
0.00207847
-0.000270415
-0.000533816
0.00387307
-0.00306884
-0.043485
0.0439989
-0.00245884
-0.0151806
0.0176966
-5.7183e-05
-0.00549221
0.000397792
-0.00197163
-0.00205255
0.00129796
0.00101652
0.000578581
-0.00188228
0.00189578
-0.0111542
0.00741642
-0.0416847
-0.00231219
-0.0558707
-0.0022164
0.000652058
0.00263023
-0.00106589
7.10717e-05
0.00418786
-0.0727007
0.0685128
0.00542585
-0.021376
0.0030778
0.0128723
-0.00133872
0.00429296
-0.00220059
-0.00260334
0.00470821
-0.00150211
-0.000602761
0.0114219
0.00765162
-0.0317752
0.0127017
-0.00065173
0.00177405
-0.00173917
-0.00338553
-0.000756021
0.00229612
0.00184543
-0.00230405
-0.0325037
0.0108397
-0.00629053
-0.00502458
0.00380726
0.00750785
0.00206585
0.00181127
-0.00291103
-0.000966089
-0.000783501
0.00131485
0.00073759
-0.00126894
0.00215845
-0.00248156
-0.00149774
0.00361043
9.90252e-05
-0.00221171
-0.00183612
0.000348221
0.00148214
-0.00477958
-9.05274e-07
-0.0457291
0.00602102
0.039709
-0.00345338
0.0082767
-0.00356851
-0.00125481
0.00464304
-0.0157549
0.0691582
0.00690482
-0.0482071
-0.000248749
0.000894918
0.00183554
-0.00248171
-0.00178897
0.00430572
0.0053529
-0.00786965
-0.000304281
-0.000188544
0.00130539
0.00106484
-0.000739998
8.9141e-05
-0.000413981
0.0010192
-0.000500565
-0.00172666
0.00120803
-0.0118443
0.00888359
0.00291881
4.18633e-05
-0.049434
0.0579387
-0.00404593
-0.00445877
-0.00467208
0.00958876
-0.00801672
0.00310004
0.019304
-0.00418264
0.0105536
0.00143543
-0.0131825
0.00119351
-0.0146625
-0.00164038
0.00248307
-0.000380922
0.03897
0.00882701
-0.0006586
-0.0471384
0.00146841
-0.00220062
0.00108218
-0.000349969
0.000757051
0.00113883
0.000834361
-0.00273025
-0.00836722
-0.000839289
0.00217304
5.67186e-05
-0.00217074
0.00170151
0.000412504
0.000676071
-0.0056706
0.00305742
0.00193711
-0.000487906
0.00107469
-0.000499428
-8.73571e-05
0.00824448
-0.0107381
-0.043288
0.0457816
0.00800596
-0.000784412
-0.00859934
0.00137779
-0.00346557
0.00110807
-0.00141776
0.00377525
-0.00430562
-0.00121925
-0.00198207
0.046558
-0.0324056
0.000437731
-0.0145901
0.0120364
0.0163304
0.00677521
-0.0351419
0.00112371
-0.00119571
0.0022121
-0.00214009
0.000129836
0.00041001
0.00270377
-0.00324361
0.0657716
-0.0304048
-0.0575809
-0.00463519
0.00395685
0.000808172
0.00379456
0.00064871
-0.00403326
-0.00163851
-0.0386014
0.0381252
0.00211465
0.00228327
0.00125228
-0.00101079
-0.00252476
-0.0153825
0.00814051
-0.00118535
-0.000267025
0.000966004
0.000486368
-0.0110473
0.00221908
0.00548321
-0.0151573
0.00689734
-0.00358429
-0.0194
-0.0112337
-0.00545504
-0.00460493
0.00156987
-0.00845565
-0.00157561
-0.00664819
0.0029301
0.0052937
-0.00207275
0.00292157
-0.000439792
-0.000409028
-0.000723843
0.000210461
0.000142882
0.000370499
-0.00262865
-0.000705044
0.00543934
9.50775e-05
-0.007949
0.00635538
0.00149854
0.00901448
0.00219872
-0.0111181
0.0247422
0.0314192
-0.0321987
-0.0239627
-0.00238534
0.00741404
-0.0200393
0.0150106
-0.0109911
-0.00213928
0.0107814
0.0110576
0.00358312
-0.0155769
0.000936184
-0.0468412
0.0455507
0.00129044
0.00484235
-0.0342766
-0.00327863
0.0327129
-0.0009449
0.00153267
-0.00200934
0.00142157
0.00298206
0.000743114
0.00138825
0.0156303
-0.000855768
-0.0161628
0.00741695
-0.00135683
-0.0106973
0.00463721
-0.0463807
0.0429867
-0.00826578
-0.00495137
-0.00710898
0.0203261
-0.000481797
0.0032644
0.000758173
-0.00354077
0.00775931
0.00664094
-0.0244087
-0.000534469
0.00368454
-0.000665635
-0.00248444
0.00307699
-0.000353231
0.000245885
-0.00296964
-0.00283022
0.0059312
0.00431598
-0.00446606
-0.00186119
0.00333971
0.00298754
-0.00633114
0.0147807
-0.0278496
-0.0127293
0.000530512
0.0123629
-0.0102656
-0.00909656
0.0114131
-0.00837798
0.00237378
0.00717337
-0.00443921
0.00658799
-0.00304876
0.00889249
-0.0131545
0.00596248
-0.00170042
0.00225698
0.00167618
-0.0033571
0.0123654
0.00345071
-0.00727963
0.0411484
-0.0126472
-0.0302587
-0.00447537
-0.0372039
0.0419739
-0.00143525
0.000516827
3.33264e-05
0.000885099
-0.000490929
0.00150078
0.000750553
-0.00176041
0.000187441
-0.00116259
0.000251309
-0.0594957
0.0576083
-0.00779709
0.00968444
-0.00896472
-0.00154702
0.00534934
0.00460885
-0.00705942
-0.00651415
0.00527053
-0.00073764
0.00378506
-0.00831795
0.00189932
-0.000757141
-0.00894819
0.00780601
-0.00558998
0.0127227
-0.00530409
-0.00182863
-0.0022315
0.00100798
0.00309112
0.00658285
0.00115472
-0.0147547
0.00701718
0.0122408
-0.0112363
0.00557835
-0.00538699
-0.0435398
-0.010166
-0.000649207
0.00753574
0.0154957
0.0120814
0.022215
-0.0497921
0.0245282
-0.0521227
0.00160003
0.0259944
0.00370897
0.00905105
0.00260721
-0.0153672
0.000992658
-0.00323433
0.011723
-0.00948132
0.0175439
-0.0143334
0.0137123
0.00190906
-0.00128804
-0.0308384
-0.00418763
0.00917311
0.0223292
-0.00357998
-0.0279223
0.0389376
-0.000752137
-0.0399138
0.00172839
-0.00118431
-0.0581754
0.0593597
-0.0100607
0.00396052
0.0482294
-0.0421292
-0.0443828
-0.00173142
0.0449299
-0.00295069
0.0205184
-0.00155224
-0.0160154
0.00355342
-0.01878
-0.0156118
-0.00301674
0.020225
-0.020159
0.00347374
-0.00226249
-0.000615482
0.00520932
-0.00534755
0.011076
-0.0109378
-0.00306835
0.00301743
-0.00173019
0.00881924
-0.000339798
-0.00674925
-0.000973297
0.00179003
0.000415884
-0.00123262
-0.0369671
0.00513674
0.0976019
-0.0113013
0.00565386
0.00538385
0.000263584
-0.0009839
-0.00318143
0.00217656
0.00198877
-0.012225
0.0012342
0.000967513
0.0100233
-0.00157989
-0.0017331
0.00817771
0.00580056
-0.00438994
-0.00958834
0.00129029
0.00102273
0.00540007
-0.0051623
0.00338421
-0.00362198
-0.000562307
0.0014376
-0.000875289
-0.00238581
-0.000413378
0.000502925
0.00229626
-0.00751449
0.00185217
-0.00771742
-0.00156886
0.00230144
0.0184086
-0.00026991
0.000745581
-0.00207345
0.0106151
-0.000835389
-0.0061617
-0.00361797
0.0126666
-0.016537
0.00961688
0.00514083
-0.00802978
-0.00260326
0.00251019
0.0029078
-0.00447116
-0.000946832
0.034678
-0.0486551
-0.0279315
0.0419085
-0.00451115
-0.0190415
0.00589085
0.0176618
-0.00109422
-0.000115944
-0.00133496
0.00254512
-0.0123239
0.0103649
-0.000974899
0.00443919
-0.00653734
-0.00114814
0.00324629
-0.010395
-0.00076852
-0.00306886
0.0142324
-0.00289744
0.00258665
0.000471991
0.00998673
-0.0106778
-0.0033328
0.000681518
-0.00965356
0.00412048
0.00485156
-0.0525456
0.0929648
-0.000181098
0.000403696
0.000514456
-0.000737055
-0.0155796
-0.00358095
0.0165753
-0.0085691
0.000689376
-0.00434531
0.0108469
-0.00766943
-0.00322872
5.12625e-05
-0.0169205
0.00358157
3.76018e-05
0.0133013
-0.00174506
0.00698345
-0.00991046
-0.00163182
0.00395968
0.0013376
0.003123
-0.00842028
0.0332932
-0.0136621
-0.0333981
0.0137669
-0.0103827
-0.0141946
-0.00500478
-0.00399915
0.0027335
0.0101492
0.000624672
-0.000769591
-0.0024736
0.00261852
-0.0026173
0.000853257
-0.013062
0.014826
0.00258171
-0.00101593
-0.000848303
-0.00208977
0.00340211
-0.0102333
-0.00173791
-0.0211259
-0.030233
-0.0580462
0.00304338
0.0550028
0.010919
-0.0113928
-0.00444019
0.0330034
0.00271944
0.00592343
-0.0416463
-0.00500412
0.00298522
-0.00351577
-0.00100423
0.00100762
0.0043324
-0.00433579
0.0417461
0.00991485
-0.00499206
-0.0466688
0.0567613
-0.0973296
0.0147059
0.0280197
-0.0237978
-0.0642542
0.0600323
0.00245084
-0.00461094
0.00895587
-0.00679577
0.0363653
0.0446131
-0.054202
-0.0267764
-0.0305017
0.0292334
0.0257966
-0.00541376
-0.00253147
0.00642759
0.00875288
-0.0111373
-0.00404317
0.00595037
0.00421105
-0.0094799
-0.00177392
-0.00491764
0.00128498
-0.0214288
0.00538275
0.00231506
0.013731
0.0186148
-0.0490548
0.00931409
-0.00480774
0.0113661
-0.0200574
-0.00827749
-0.00253516
0.00259172
0.000263938
-0.00414852
-0.00331041
0.00556732
-0.00463689
-0.00448227
0.000963346
0.000897237
-0.00802113
0.00620932
-0.000524771
0.00584563
-0.0668876
0.0029362
-1.37769e-05
-0.000338418
0.000386414
-3.42188e-05
-0.00171022
0.00159063
0.000176311
0.00323363
-0.000964231
-0.000110953
-0.00551245
0.00185624
0.00542299
-0.00185042
0.0012499
0.000359018
0.000241504
-0.000928306
-0.00121873
-0.000801357
0.00294839
0.0113065
-0.0181824
0.00640756
0.000468365
-0.000210436
-0.000248508
-0.00532144
0.00557366
-0.00273233
0.00147045
-0.00431178
0.000467148
0.00211797
-0.00121162
-0.0013735
-0.00592342
0.0112451
-0.00687546
0.00155379
0.0125813
-0.00798964
-0.00374289
-0.0214092
0.0218871
-0.0135016
0.0130237
0.00390019
-0.00551624
0.00321218
-0.00159613
-0.000442579
-0.0577328
0.00612719
0.00372863
-0.00463155
-0.00522428
0.00172536
-0.00256794
-0.000340677
0.00118325
0.00299034
-0.00485094
-0.00277459
-0.0113688
-0.00197187
-0.000295683
-0.00151417
0.0012194
0.000590454
-0.00363996
0.00239478
0.0028065
-0.00156131
0.000856164
-0.000282837
-0.000593318
1.99909e-05
-0.0129485
0.00762675
0.00508828
0.00023348
-0.00188898
-0.00861671
-0.00244281
0.00329619
-0.00109301
-0.00110241
-0.0020255
-0.00103014
-0.0021111
-0.00114908
-0.00204588
0.00089659
-0.000961807
-0.0027929
6.39311e-05
-0.0333624
0.00731346
-0.0258635
0.0519124
-0.0870239
0.0426774
-0.0380462
0.0823928
-0.00272312
-0.000760476
-0.000156361
-0.0862515
-0.000587165
-0.00586459
0.00267731
-0.0164074
0.0195947
0.00290577
-0.0485122
0.0397418
-0.0554043
0.0503038
0.00800626
-0.00300567
0.00192934
-0.000996417
-0.00350294
0.000262479
0.00139358
0.00184688
-0.000126063
-0.000888276
0.00154019
-0.00159061
0.00189779
0.000431833
-0.000739007
-0.00178625
0.0018999
0.00162843
0.042587
-0.0126124
-0.115692
0.0857174
-0.0824955
-0.0565353
0.0652361
0.0737947
-0.0843759
0.00591349
0.00671259
0.0717498
0.00917766
-0.0509665
-0.00033568
7.23468e-05
-0.00152292
0.013985
-0.000895122
0.0258801
-0.000492515
-0.00263545
-0.00599107
-0.00133988
0.000261037
-0.00264904
-1.32646e-05
0.00160854
0.00105376
-0.00442997
0.00710221
-0.00971707
0.00704483
0.00302032
-0.00923927
0.00518347
0.00898065
-0.00551536
-0.00864875
-0.00192096
2.08832e-05
0.00708354
-0.00221036
0.00202041
0.00346531
-0.00327536
0.0108088
-0.0873908
-0.00490253
0.00259242
-0.00225775
0.00456786
-0.00294883
0.00305565
-0.00233652
0.00107998
-0.00179911
-0.00740595
-8.57998e-05
0.00933727
-0.0114411
0.00903016
-0.0069263
-0.00295357
-0.018171
0.0170664
0.00405813
0.00151229
-0.00352842
0.00189787
0.00152051
0.00136588
-0.0013741
0.00250765
0.00068401
-0.00202053
0.00252458
0.00294056
0.00897896
0.0312306
0.00277747
-0.0429871
0.00169532
-0.00623127
0.00107038
0.000392495
-0.00173416
0.00177919
0.00088975
0.0109833
-0.0148267
-0.000629541
0.00755424
-0.00682457
0.000670252
0.00265457
0.000425003
-0.000625595
0.00200134
-0.00180075
0.000356945
-0.00894905
-7.28643e-05
-0.00032593
-0.00232421
-0.00157504
0.0103948
0.00179532
0.00127715
-0.00470973
0.00301603
0.000416552
-0.00295819
0.0028801
0.00305078
0.00891508
0.00856369
0.00865548
-0.0134048
-0.00381436
0.00559547
0.00741944
-0.00445122
0.00659737
-0.00576455
0.00782267
0.0126927
-0.000499813
-0.0022413
0.00387976
0.00591579
0.00121156
0.0523236
-0.00266888
-0.0496547
-0.0130789
-0.00877183
-0.0038125
0.0256632
-0.0104605
0.0129936
-0.0156119
0.00185443
-1.40738e-05
-0.00181674
-2.36186e-05
-0.00794082
-0.00122027
0.0582468
-0.0642166
-0.0148607
0.0208305
-0.017249
0.0178374
-0.0107339
0.0101455
-0.0131986
0.00116305
-0.00897769
-0.00650625
0.000327197
-0.000111477
0.0047453
-0.00799796
-5.77369e-05
-0.00609273
0.0111306
-0.0140156
-0.00950064
0.00486906
-0.00421005
0.00884163
-0.0112688
0.0160979
-0.00777848
0.00294945
-0.00445254
-0.000426853
0.00263706
0.00224233
0.0125157
0.0265547
-0.0274236
-0.0116468
0.00643759
-0.0033103
0.000419654
-0.00354694
0.0040684
-0.00324065
0.00361144
0.00556016
-0.00812972
0.00691009
0.00361041
-0.0120961
-5.29172e-05
0.00223934
-0.00461246
0.00922947
0.00269806
-0.00731507
-0.00261125
0.0022324
-0.00142365
-0.00268167
0.00106466
0.00196666
-0.0113987
-0.00996503
0.0102128
8.3497e-05
0.000942648
-0.000884687
-0.000141458
0.00507445
0.00685974
-0.0059011
-0.0060331
0.00412448
0.00116734
0.00508392
-0.000525276
0.000807298
7.39694e-05
-0.000355992
-0.0142926
0.014921
0.0106781
-0.00182267
-0.00945956
0.0082907
0.00299153
-0.00790564
-0.00316255
0.00407691
0.00699128
-0.0554626
0.0302332
-0.0549003
0.0801298
0.00472511
-0.0025584
-0.0103952
0.00822849
0.00878959
-0.0126697
-0.00489207
0.0087722
-0.00210666
-0.0101277
0.00900001
0.0129457
-0.0117482
0.00935616
0.00131701
0.0113192
0.000309422
0.00257029
-0.00796214
-0.00349485
0.0088867
0.0113371
-0.00305856
0.00397345
2.60531e-05
-0.0123281
0.00529701
-0.0130435
-0.00917578
-0.00321495
0.00966023
0.00273051
-0.00494584
0.00888794
-0.0131179
-0.00906854
-0.00380186
0.00160155
-0.0153909
0.00776018
0.00429732
0.00333337
0.00152609
-0.00289499
0.000395608
-0.00228328
0.00263586
-0.000887045
-0.00379933
0.00228323
0.000337289
0.00117881
0.00285242
0.000437705
-0.00034533
0.00116939
-0.00129103
0.000466963
0.00225082
0.000185249
-0.00139476
0.0321254
-0.00190079
-0.0288298
0.0394399
-0.0359923
0.00816923
-0.00941152
0.00318695
-0.00194465
-0.0144014
0.0130331
-0.0152014
0.0165697
0.00507408
-0.00570784
0.00175182
-0.0311618
-0.00604801
0.00233736
0.0896517
-0.0377243
0.000875216
-5.79083e-05
0.00025767
-0.00107498
-0.00134572
-9.95166e-05
0.000529859
-0.000447873
0.000313428
0.00131407
0.00951332
-0.00734685
-0.0069633
0.00479683
-0.000606042
0.00435415
-0.0196177
0.002217
-0.00259379
0.010756
-0.000697767
0.00637756
-0.00778645
-0.00275973
0.00310263
0.00224882
0.016504
0.0285959
-0.0345871
-0.0105128
-0.0503538
6.99672e-05
0.0502838
0.0228826
-0.0660893
-0.00714708
-0.0353765
-0.00123651
-0.0626934
0.0768255
0.0286892
0.0134624
-0.0686766
-0.00747926
0.0454757
-0.00187824
0.0717795
-0.0707626
0.0124455
-0.000724686
-0.00167496
0.00279214
0.00172022
0.0031027
5.67081e-05
-0.00248916
0.00408457
0.0275717
-0.0272007
0.00796414
0.0175787
-0.0372614
0.0122916
-0.0233769
0.0133764
-0.00229108
-0.0184691
-0.00111067
0.0100791
0.0129949
-0.0105689
-0.00360004
0.00117406
-0.00836544
0.0146875
-0.00354837
-0.0027737
-0.00911906
-0.0207002
-0.00477257
0.0415453
-0.0160726
0.00285804
-0.00466824
-0.00264234
0.000477255
-0.00231764
-0.000605553
0.00262839
-0.00455235
0.000879044
0.00644103
-0.00684816
0.019957
-0.0195499
-0.00507519
0.0053217
-0.0116158
0.0113693
0.0155318
-0.00126703
0.00909978
-0.00107807
0.000753158
0.001851
0.000122537
-0.00303611
0.00183551
0.00343892
0.00712257
-0.0087651
0.000326571
0.00862685
-0.0104357
0.00148227
-0.000926064
-0.00295908
0.00144617
0.000708315
-0.00313431
0.00222455
0.000201444
0.00125628
-0.00111339
-0.00118784
0.00104495
-0.0032515
-1.40624e-06
0.00222606
0.000265068
-0.00135212
-0.00113902
-0.00282105
0.00286545
-0.000955541
0.000911136
0.00319615
-0.00544567
-0.00187239
-0.00177309
0.000823068
-0.00330034
0.000410671
-0.00453368
0.00135221
0.00438745
-0.00108155
0.00211637
0.00676556
-0.00780039
-0.00115296
0.00125066
0.0063399
-0.00162113
-0.00566147
0.0017055
0.00557711
0.000366695
0.000920324
-0.0058207
-2.68032e-05
-0.00192832
0.000104698
-0.00148485
0.00153788
-7.98307e-05
0.000884404
-0.00219298
-0.000619742
-0.00294344
0.0252471
-0.0437129
-2.18684e-05
0.00453683
0.0457427
-0.0475961
-0.00268342
-0.00305306
0.00633533
-0.00671743
0.00343517
0.000447921
-0.00041365
0.0053658
4.27935e-05
-0.00443268
-0.0036808
0.00807069
0.00505029
-0.000656325
-0.00112779
0.0042915
-0.000251367
-0.00359221
0.0360781
-0.0479718
0.0129236
-0.00102996
0.00726051
-0.0231334
0.00606382
0.00980906
0.00856188
-0.0071756
0.00587423
-0.00127291
0.001594
-0.00765152
0.00733042
0.000161756
-0.0072916
0.00585693
0.00376115
-0.012296
-0.00993429
0.0157654
-0.0034424
0.0021438
0.000683792
-0.000783915
-0.0560042
0.0631894
-0.0443256
0.0371404
0.0038087
-0.00216293
0.00049803
-0.000552558
0.00159443
-0.00194311
0.000901239
-0.00122853
0.00226272
0.000772424
-0.00416583
0.00294488
-0.00103354
-0.00317369
4.14017e-05
-0.0117255
-0.00101627
-0.000663048
0.00411967
0.0438671
-0.00714468
0.00226874
-0.00684955
-0.00799325
0.00707844
0.0033652
-0.00245039
0.00488525
-0.0517438
0.0468585
-0.0363173
0.0412025
0.00193284
0.000901875
-0.000420219
-0.0024145
-0.0562782
0.0662958
-0.0463349
-0.0405216
0.0471507
0.00973045
0.026332
-0.0416051
-0.00840339
0.00333436
-0.00142894
0.00280279
-0.0169768
0.0102338
0.0274185
0.0157582
-0.0512357
0.00673463
0.0287429
0.00558498
-0.0479531
0.0253913
-0.00621069
-0.0200135
0.00214288
-0.0824989
0.0790918
0.0747009
0.00413405
0.00236411
-0.034914
0.003863
-0.00674801
-0.0124997
0.0153847
-0.072038
-0.0618618
0.0716872
0.0622126
-0.0516621
0.0407538
0.016046
-0.0051377
0.00036561
0.00276303
-0.0520545
-0.0044808
0.018754
-0.0301582
-0.0113765
0.0294131
-0.00406999
0.0085059
0.0365738
-0.16104
0.0382145
0.0015998
0.0045355
-0.00909328
0.00295798
0.00674294
-0.0204845
0.00504109
0.00870045
0.0147488
-0.0104719
0.00483056
-0.00910747
0.0282224
0.0726066
-0.0738827
-0.0269463
-8.65703e-06
4.57585e-06
0.00091464
-0.0466304
0.0118628
-0.00243635
-0.00113046
-0.0348069
0.063957
-0.0775143
0.044929
-0.0228774
0.0334462
-0.0581348
-0.0203696
0.0450582
0.0195776
-0.0200728
-0.0461351
0.00233028
0.0555851
0.0242099
-0.00729777
0.0207016
-0.0376137
0.0412467
-0.0262439
-0.0482423
0.0332395
-0.0234363
0.0148011
-0.0369222
-0.0558684
0.0487799
-0.00140712
0.0161488
-0.0137125
-0.00102916
0.00328843
-0.0046509
0.000590318
0.000772153
-0.0376034
0.0490778
-0.0114743
0.0136585
-0.0129686
-0.0017061
0.01201
-0.027223
0.00713974
0.00841062
0.0126592
-0.0282095
0.00934794
0.0100802
-0.0122884
-0.0161756
0.00959111
0.0149951
0.0349944
-0.0181666
0.0719004
-0.0786325
-0.0286444
0.0115954
0.0923394
-0.0320345
-0.0369681
0.0200399
0.00927673
0.00765144
-0.0220258
-0.00277656
0.0363978
0.0579629
0.0238733
0.0209719
-0.0196687
-0.0251765
0.00426756
-0.0381674
0.0381752
-0.00427537
-0.00901181
0.00818149
0.0112384
-0.0104081
0.00713197
-0.00644949
-0.00315128
-0.00239514
0.00964153
-0.00303762
-0.00420877
0.00586999
-0.0522997
0.0464298
0.00137187
-0.0346656
-0.0294086
0.0585607
0.00551355
0.00898654
-0.000382589
-0.0120573
0.103057
-0.163758
0.0420705
-0.00677307
-0.00976877
-0.0271276
0.0379377
0.010949
0.0413618
-0.0434837
0.0399009
0.0275611
-0.0945897
-0.00214712
0.00183613
-0.00314665
0.00171151
-0.00232675
-0.115678
0.107106
0.00332274
-0.00675696
0.000214154
-0.0020296
-0.00345877
-0.000365055
-0.00193256
0.00197349
0.000324123
0.000774523
0.000124179
0.00120057
-0.00158508
0.000260332
-0.0037822
0.00172477
-0.00124291
0.00308533
-0.00519343
0.00278417
0.00205176
-0.00119014
-0.00607702
0.00956741
0.00365156
-0.0136632
0.000444242
-0.00366626
0.000681404
-0.00203972
-0.00164732
0.0516544
0.0105058
-0.00840208
-0.00174675
-0.02899
0.0392544
-0.00201995
0.000886831
0.00191908
0.0483759
-0.0383028
0.0011935
-0.0112666
0.0129123
-0.000914763
-0.00121456
-0.010783
-0.0286896
0.00245956
0.0285501
-0.0023201
0.0496394
-0.0497674
-0.0552762
-0.00423844
0.00287986
0.0565093
-0.0446912
-0.0732
0.075407
-0.00220704
-0.00200839
0.0426412
-0.0493273
-0.0033074
0.000607631
0.000373246
0.00232653
0.00214792
-0.0332912
0.00646736
0.024676
-0.023302
-0.0543779
-0.00659092
0.00229581
-0.0138759
0.002728
-0.00584611
-0.00654263
-0.00130606
0.00310038
0.00109348
0.00393843
-0.00242258
-0.0013017
0.00904585
-0.0675537
0.0510985
-0.00333799
0.000774584
0.00147031
0.00109309
-0.00694655
-0.0052331
0.0109655
0.00121413
-0.0118592
0.0048283
0.010152
-0.0290343
-0.0036745
0.0225568
0.00324155
-0.00160078
0.0615681
0.00384102
-0.0654092
0.0265759
-0.017175
0.000751155
0.0272937
0.00568327
0.00310112
-0.0105058
0.00273237
-0.0032133
-0.00447787
-0.0394678
0.0034336
-0.00292151
-0.000951877
0.00807501
0.0177325
0.0222274
-0.0480349
0.0404494
-0.0415103
-0.000577529
0.0100882
0.0321163
0.0174406
-0.0414819
0.012498
-0.0391482
-0.032472
-0.00899782
0.0242948
0.0074677
0.00443504
-0.0319162
0.0185769
0.00266938
-0.0542066
0.0329604
-0.000191526
-8.31234e-05
0.00137203
-0.00146525
0.00266691
0.000694353
0.00116238
-0.00248258
-0.012133
-0.0451339
0.0282768
-0.0105602
0.00924456
-0.000735402
-0.0398128
0.0464851
0.0553896
-0.0448972
0.00296878
-0.0291977
-0.00265665
0.0102626
-0.0135294
-0.00757726
-1.26973e-05
-0.0153722
-0.0040844
-0.0672483
0.0157183
0.014017
0.0365586
-0.0315599
-0.0106324
0.00226354
0.00241946
0.00130085
0.00435475
-0.00559953
-5.6068e-05
-0.00502803
-0.00581211
-0.00223223
0.00195902
0.0205996
-0.0376318
-0.00306111
0.00810552
0.00429286
-0.00245502
0.0017904
-0.0111116
0.012212
-0.00509357
-0.00125967
0.00526683
0.00108641
-0.000324195
0.00163518
0.00203581
-0.00334679
0.00543389
-0.00146771
-0.0057175
0.000137419
-0.000150692
0.00573077
0.000411086
0.00767847
-0.00812704
3.7491e-05
-0.000628572
0.01026
-0.00536334
-0.0221457
-0.0233641
0.0202526
-0.000991124
0.0214776
-0.0349351
0.0144486
0.00361972
0.00187857
0.00122921
0.0010907
-0.00447814
0.0300927
0.00196947
-0.00111625
0.0021631
-0.00301632
0.00256637
0.000586025
-0.000926332
0.00111763
0.000930408
-3.88459e-05
0.000698434
-0.000329392
-0.00916618
-0.00354972
0.0151955
-0.00247961
0.00412745
-0.00607035
-0.00722328
-0.00399444
0.0457486
0.00583467
0.00281217
0.0031795
0.043226
0.000707779
-0.000497318
0.000793189
-0.00265035
-0.0077964
0.00108864
-0.00536044
2.59911e-05
0.00220405
0.000665296
0.00262519
-0.00325609
-0.00454293
0.00267633
0.00348737
-0.00162078
0.00388256
0.0247673
0.00854761
-0.00313451
-0.00151291
-0.0193687
-0.0391904
-0.0234479
0.082007
0.0195376
0.0318126
-0.0134125
-0.00152407
0.000154705
0.000218197
0.00243303
-0.00236394
-0.000287285
0.00090846
-0.000765578
-0.000603281
-0.00863651
0.0117243
-0.00248453
-0.00265509
0.00989369
-0.00784188
0.0183248
-0.0242134
-0.00775036
0.00758036
0.000852868
-0.000682866
0.00319416
-0.00159529
0.00266534
-0.00426421
-0.00247265
0.0104777
-0.0164809
0.00847592
0.0041053
-0.00298201
0.00354425
-0.00552775
-0.0100374
-0.00348813
-0.00527285
0.00179413
0.00696685
-0.00240548
0.000525242
0.00313652
0.00877664
0.000259653
-0.000614622
0.00398024
0.00220804
-0.00687527
0.000416744
0.00552125
0.00093728
-0.000602885
-0.00214359
0.00105521
0.00157833
-0.00192523
0.00326134
0.0155949
0.0201418
-0.0389981
-0.00010757
0.00107942
-0.000121549
-0.000850305
0.0175437
-0.00155461
-0.0133118
-0.0392281
-0.0885023
0.058406
0.0693244
0.0466214
0.0106473
0.045788
-0.053321
0.13907
0.0251152
-0.110864
0.00320343
-0.00206793
-0.00206381
-0.0547372
0.0537279
0.00100924
0.000593376
0.00242782
-0.104964
0.101943
-0.0522094
0.0545396
-0.00339377
0.00034812
-0.00244541
-0.0241712
0.0321446
-0.0181382
0.0101648
-0.0556029
0.0564549
-0.0109127
-0.0425611
-0.00810316
-0.0101385
0.0501978
0.0124983
-0.0537171
-0.0805367
0.051339
0.0672166
-0.0676723
0.00704103
-0.00658531
-0.0668204
0.100655
-0.0312866
0.0775476
0.00165763
0.000303609
0.00409742
-0.00350002
-0.000901008
-0.000104088
-0.00209908
3.24323e-05
-0.0014491
-0.000274283
0.00284101
0.000343263
-0.000949305
-0.00722695
-0.0444886
-0.00247719
0.00376956
0.0175769
0.04041
-0.0357595
0.0284999
-0.00358675
-0.00733629
0.0321387
0.0416389
-0.0333676
0.00503576
-0.00230283
-0.0228518
-0.00049284
0.0256475
0.0235364
-0.0444452
-0.00899063
0.0298994
0.0157773
0.00227518
-0.0226522
0.00459972
-0.0222576
-0.0253577
-0.00404682
-0.0567494
0.0571552
-0.000405722
0.00558406
0.010296
-0.00771082
0.0333266
-0.0209251
-0.0206673
0.00243684
0.000195525
0.0042355
0.0466271
-0.0128235
0.00486369
-0.00155885
-0.00393988
0.00063504
0.00223337
-0.0136503
-0.0119874
0.0265198
-0.0122991
0.00223819
0.00301246
-0.00349956
0.00961003
0.00534917
-0.00124685
-0.0383583
-0.0285292
-0.0369858
-0.00668127
0.0194959
-0.0392389
-0.0252638
0.045134
-0.00793528
0.00178677
-0.00706001
0.00365211
-0.0334484
0.0202749
-0.0147173
0.0278909
-0.0188144
-0.002555
0.000906988
0.010997
-0.00909945
0.0121378
0.00289225
-0.00464066
-0.0103894
0.000388432
0.000658988
-0.00149529
-0.0016972
0.00490392
-0.000664044
-0.000185119
0.0062345
-0.000401104
0.00683317
0.0419515
-0.0198913
0.011386
-0.0194964
-0.00413744
0.0599809
-0.036347
-0.00820631
0.00343599
-0.00228911
-0.00238264
0.00592613
-0.00156034
-0.00949766
1.06502e-05
-0.00391653
-0.0520877
-0.00900835
0.0243669
-0.0267245
-0.00902408
-0.000131964
0.00340036
0.000115266
-0.0200526
0.00317618
-0.0481757
0.0642582
-0.0192587
0.000394823
5.45214e-05
0.00108854
-0.00167088
0.000549009
-0.000251823
-0.0240192
0.0291536
-0.0395797
0.0344453
0.00227072
0.0494649
0.0604273
-0.0590507
4.6805e-05
-0.000471343
0.0314938
-0.0310692
0.00592338
0.00499467
0.00207681
-0.00437181
-0.0058007
0.00675498
0.00337928
-0.00112033
0.0232084
-0.0296025
0.00139943
0.00622584
-0.00355687
-0.0550035
-0.0307346
0.0570294
0.0287087
-0.0021991
-0.00115857
-0.000184784
-0.00174999
0.00167298
-0.0537456
0.00243588
-0.00105326
4.20399e-06
-0.00138681
0.00879243
-0.0063715
0.0139094
-0.0110393
-0.00108114
0.0787546
-0.00431456
-0.0617517
0.0136887
0.048063
0.0049234
0.00975739
-0.0196266
-0.00219174
-0.000226323
0.00377966
0.00117777
0.0577314
-0.0589092
0.0044201
-0.00827446
-0.00156679
0.00143789
-0.00154605
0.0018252
8.12023e-05
-0.000183874
2.60606e-05
0.00241777
0.018921
-0.0115974
-0.000182612
0.00363539
-0.00056645
-0.000905746
0.00131162
0.000160579
-0.00138397
-0.0026785
0.0035246
0.000537866
0.000939669
0.00293125
-0.0015748
-0.00560518
-0.0246068
-0.0079733
0.0381853
-0.00135913
-0.00171245
0.00174448
0.0013271
0.00117563
0.00662841
-0.00851498
0.00071094
-0.0176102
-0.0182617
-0.072322
0.108194
0.000375552
0.00107512
-0.00223417
-0.00255727
0.00185241
0.00622347
-0.0113848
0.00694452
0.000549235
-0.0185084
0.014834
-0.000967215
0.000758086
0.00416378
0.050515
0.000610307
-0.0510553
-0.0025913
-0.0118652
0.00984403
0.0566384
0.00573944
-0.000803616
-0.000537309
0.00134093
-0.00503916
0.00170811
-0.000619727
2.61376e-05
0.00130137
-0.000586332
-0.000117625
0.000760167
-5.62099e-05
0.000202656
-0.000536387
0.000473543
-0.0037775
0.0013045
-0.000814882
0.00138203
0.000386415
-0.000953559
-0.00921444
-0.0019936
0.00200347
0.000103399
-0.00136249
-0.000602768
0.0706067
-0.070785
-0.00903619
0.00189553
-0.00372041
-0.000169141
-0.00853534
0.00901924
-0.000314766
0.00105497
-0.000660701
-0.00466227
0.004268
-0.00169455
0.000865073
0.00105539
-0.00253172
0.00238142
-0.00045376
0.0613354
-0.00962917
0.0137161
-0.00540034
-0.00153905
-0.000759324
0.00253938
-0.000241011
6.92831e-06
0.000851894
0.00645417
0.000295758
-0.0016091
0.0110368
0.00992592
-0.00700325
-0.0139595
0.0121355
0.0038693
-0.00199487
-0.0140099
-0.00321957
0.000770618
0.000688064
0.00139298
-0.00144798
0.00144442
0.00450423
-0.0190119
-0.0193763
0.000590348
-0.000955403
0.00138403
0.0012172
-0.00173616
0.000824997
-0.0018431
0.00136622
0.000108489
-0.00126685
-2.69855e-05
-0.0285463
0.0329865
-8.61368e-05
0.00309487
-0.000745453
-0.000962689
-0.00138673
-0.000588977
0.00422948
-0.0141118
0.000440803
0.0148716
-0.00120067
-0.026556
0.0182271
-0.00578286
-0.00073456
-0.00309184
-0.0529786
0.0512472
0.0451291
-0.0465388
-0.00715388
0.00830739
-0.000303106
-0.000850403
0.0055623
-0.00727614
0.0146262
0.00495946
-0.00805517
-0.0148157
-0.00940837
0.0179982
-0.0127274
0.0231206
0.00123082
-0.0352477
0.0108963
-0.00779627
-0.019748
0.0140189
0.000406393
-0.0559653
0.0500962
-0.0426431
0.0348947
-0.043901
0.00278656
-0.00640832
-0.00340392
0.00702568
0.00437793
0.00760218
-0.00654964
-0.00543048
0.000289257
-0.00395047
0.00526966
-0.0172052
0.00902895
-0.00911083
0.01505
0.00304297
0.00759048
0.000779417
-0.0103041
0.00193417
-0.0107842
0.0099587
-0.00249201
0.00683632
-0.0143833
-0.00129499
0.0161191
-0.0123975
0.000554313
0.0110587
-0.00525335
-0.0116886
-0.00518545
0.00848714
-0.0152768
0.0187144
-0.0375746
0.00408084
0.00642503
0.0159731
-0.0172413
0.0027036
0.00281871
-0.00888738
0.00738475
0.00125195
-0.00933447
-0.00175645
0.0024536
0.0086596
-0.020125
0.0322323
0.00617622
0.00732082
-0.00751584
-0.00546645
-0.00738028
-0.00261257
-0.0134945
-0.00737297
-0.00133955
0.022207
0.00300477
0.00501166
-0.00591935
0.000304032
0.00503453
0.0314742
0.00498667
0.059925
-0.0963859
-0.00966501
0.0533064
-0.07907
0.0354286
-0.0719262
0.0444476
0.0172243
-0.0515863
0.00272948
0.0418836
-0.0575896
0.0587824
0.0302814
0.00758435
-0.035265
-0.00479134
0.00594985
0.0106498
-0.0227209
0.00612128
0.00286928
0.00678044
-0.00654093
-0.00310879
0.00647357
-0.000914606
-0.00298867
-0.00962159
0.000117036
0.00777988
0.00172468
0.0139769
-0.00829083
0.00190445
-0.00389274
0.00980902
-0.00153835
0.0249145
-0.0719055
-0.0110552
0.00173666
-0.00079807
0.0429755
0.0730973
-0.111086
0.00319212
-0.0131742
0.00398877
0.00599331
-0.00479461
-0.00123218
-0.00343276
-0.000814049
-0.00243827
-0.00441257
0.00766489
-0.00794357
0.00575436
0.0058226
-0.00363339
-0.00194035
-0.00325374
-0.00433816
0.00953225
0.0025232
-0.000562472
-0.00102106
0.00899124
-0.00710873
0.00424468
0.00475904
0.00191436
0.00134413
-0.000757224
-0.00450953
0.00412063
-0.0159369
0.0163258
-0.0324056
0.0174216
-0.00516531
0.000583859
0.00609208
-0.00151063
0.00233407
0.000451262
-0.00795064
0.00396682
-0.00344507
0.00181232
0.00493767
-0.00385663
-0.000288237
0.00326294
0.000881929
0.00139119
0.00386161
-0.00182718
-0.00325478
0.00194515
0.00432657
0.00385885
-0.0176144
0.00942896
-0.032292
-0.00317739
0.0289273
0.0300218
0.000698512
-0.000235422
-0.0243783
0.0732154
-0.0568368
0.00799974
0.0419677
-0.0462354
0.0342895
-0.0408687
0.00990856
0.0356506
-0.00469047
-0.0089356
0.0144693
-0.014766
0.00923227
0.000169275
0.00466314
-0.00524606
-0.0101981
-0.00254453
0.00388557
0.00885706
-0.00245102
0.0011699
-0.0041772
0.00673582
0.00606823
0.000168975
0.00117205
0.000568499
-0.00727232
0.00187218
0.00509838
-0.00433443
0.000291032
-0.00131823
0.00345528
-0.00293485
-0.00146417
0.00162395
0.0016798
0.00237546
-0.00155214
0.0047617
-0.00558501
0.00273389
0.0095146
0.00316221
-0.0154107
-0.0135665
0.0453278
0.0166147
-0.0103744
-8.23748e-06
-0.00227307
0.0126557
-0.00786874
0.00567494
-0.00589185
-0.00817472
0.00487609
-0.00135998
0.00465862
0.00848102
0.000108985
-0.00755505
-0.0023538
-0.0206628
0.0196058
0.000259352
0.0018896
0.00686553
-0.015424
-0.00178229
-0.00142177
-0.0176959
0.00178139
0.00198476
-0.00119978
0.00850864
-0.0116798
-0.000783444
0.000662097
0.00148433
-0.00147276
0.00127798
-0.00099461
0.00279362
0.0152671
-0.000336012
-0.0149495
1.8463e-05
-0.00195151
0.00123546
-0.00615923
-0.000410773
0.000289919
-0.00811243
0.0435726
-0.0088762
0.00725512
-0.00167281
0.0115835
-0.00745989
0.00405053
-0.00211983
0.00644944
-0.0140474
0.00748946
-0.0536487
0.0117006
0.0575868
-0.0156387
0.00321028
-0.00377477
-0.0111227
0.0093239
0.000607767
-0.000217656
-0.000715623
-0.00107397
0.0147832
-0.0021045
-0.000370833
0.000177638
0.00229769
0.0110916
0.00578696
-0.00648378
0.000534075
-0.000128379
-0.00502167
-0.00215553
0.00842371
-0.00124652
0.000388615
-0.00438022
0.00409988
-0.0059289
-0.0043879
0.00599363
0.00292558
0.00200717
-0.00137713
-6.00662e-05
0.013086
-0.0151226
0.00209668
0.0940031
-0.0945903
-0.0199491
0.00560468
0.00983491
-0.0253373
0.0736868
-0.0229397
-0.0254099
-0.00355445
0.00803631
-0.000431324
-0.00267898
0.0697608
-0.0715985
-0.000125402
-0.000215882
0.0040077
-0.00110935
0.00528814
0.0445091
0.0483229
0.00646171
-0.0124658
0.0068261
-0.000822039
0.000218037
-0.00202973
-8.11735e-05
0.01014
-0.00786016
0.046937
-0.00341292
0.0152907
0.000436253
-0.0187437
-0.00273565
-0.00194869
-4.91983e-05
0.000428677
-0.000717897
0.000785587
-0.000598146
-0.000559206
-2.76057e-05
-0.00388435
0.00122661
0.00103186
-0.00369109
-0.00354718
-0.00217704
-0.00018547
-0.0019603
0.000762805
0.00420226
0.00299478
-0.00146655
-0.000496374
-7.82182e-05
0.00797787
-0.002613
0.00369317
0.0025247
-0.00360488
-0.0122792
0.0173408
-0.0141302
-0.0042795
0.00255059
-0.00178536
0.00351428
0.00237697
-0.000805326
-0.00418464
0.0129079
-0.00877469
-0.00124095
0.000885809
0.0112483
0.00922918
-0.00462324
-0.00325316
0.00252933
-0.00137146
0.00259199
-0.00243641
0.00121587
-0.000678416
-0.00164871
0.000547064
-0.000119928
0.000327839
0.00486356
-0.0125906
0.00912403
-0.00139702
-0.00274853
0.00163712
0.000957975
0.000153435
0.00190285
-0.00257787
-0.000289209
0.000949178
-0.00344944
0.00339518
0.000110534
-0.0125197
0.0264694
-0.0140603
0.0347106
0.0340535
-0.0295096
-0.0402798
0.00325398
-0.00196368
0.000276438
-0.00348239
0.0045669
-0.00294919
-0.0128958
-0.000749793
0.00381033
-0.00618624
-0.000337345
0.0012387
0.000573756
-0.00112228
-0.0382473
-0.0113329
0.0126122
-0.000780094
0.0435049
-0.0255904
-0.0171344
-0.00286223
0.00441887
0.00409624
-0.00565289
0.00685024
-0.00590759
0.00673582
0.00192533
0.00203516
-0.000400872
0.00119411
0.000376158
-8.2533e-05
0.0040068
-0.00697733
0.00218996
0.00716798
0.00439965
0.00851184
-0.00666382
0.00049422
-0.00877568
-0.0467807
0.00143498
0.00506588
-0.00128086
0.00268744
-0.00942771
-0.00786933
-0.00216864
0.0109874
-0.0114168
-0.00743992
0.00215174
-0.00701316
0.00911392
-0.00525669
0.000840056
0.00685343
0.01133
-0.00298212
-0.012621
0.0042732
0.0101495
-0.00933148
-0.00489886
0.00190642
-0.0116529
0.00664801
0.0297975
-0.0073521
-0.0235364
0.00208643
0.0170908
-0.0350421
-0.0365895
0.0057658
0.0208614
0.0199858
-0.0264335
-0.000400858
-0.0122486
-0.000666209
0.00352573
0.00832468
0.00182903
-0.0016214
0.000326443
0.00524461
-0.0165128
-0.0075462
0.0447469
-0.0501883
0.0144053
-0.0163912
0.0246226
0.005575
0.00636094
0.0179612
-0.00813017
-0.0400053
0.0301743
-0.0146611
0.0391989
0.0101727
0.0594496
-0.0561957
-0.0405724
0.000849596
0.00112145
0.0720285
-0.0131263
-0.0216942
-0.037208
-0.00881334
0.000577312
-0.0101324
0.021319
-0.0437584
0.0325717
-0.0407324
0.055945
0.00274861
-0.00294721
-0.00282604
-0.0259054
0.0316786
-0.0315726
0.0355575
-0.00693212
-0.00700152
0.00130907
0.037922
-0.0322296
-0.0339818
0.0314799
0.000708718
0.0338955
0.0261085
-0.00456758
0.0394659
-0.00104831
0.0065324
-0.00921367
-0.00258525
0.00163288
0.00672751
-0.00843716
0.000952508
0.00433818
0.00335149
0.00095896
0.00604436
-0.000275805
-0.00357997
-0.006481
0.00392207
0.00147391
-0.00702734
0.00197346
0.00559886
0.00713943
-0.0046018
-0.0081365
-0.00561357
0.00455886
0.00252862
0.00609926
0.00178458
0.00382846
-0.00112824
-0.0300717
-0.00920609
0.042454
-0.0018829
-0.00108142
0.00498473
-0.00125209
0.00297567
-0.00758837
0.0105116
-0.00124003
-0.00163319
0.000805329
0.048047
-0.0378427
-0.0294017
0.0191975
-0.00253073
-0.00533913
-9.22733e-05
0.00386469
-0.00111344
0.0325395
-0.0139545
0.0115016
-0.00368025
0.000696398
-0.0014068
0.00321805
0.00356611
-0.000503152
0.00182505
0.00121402
-0.00210867
0.0236965
0.0284781
0.00927746
-0.04241
-0.0362747
-0.0488457
-0.00615778
-0.0380903
0.00855598
-0.0521054
0.0340283
0.00994697
0.0807555
0.0324322
0.0873857
-0.00307227
-0.0843134
0.0170638
0.0640218
-0.0440344
-0.0370511
0.0364284
0.00818934
-0.00445524
-0.0401625
-0.00043347
0.0342618
0.00260013
0.0255427
0.00392587
-0.0212792
0.000586749
0.0245225
0.00239513
0.00727696
-0.0579676
-0.0121689
0.00125352
-0.0370723
0.0479876
0.0208993
-0.0231645
-0.0232987
0.0255639
0.0396141
-0.00944821
-0.00926658
0.118866
-0.0796578
0.0453333
-0.0845413
0.0287117
-0.00701513
-0.0138186
-0.000246667
-0.000858517
-0.00909292
-0.0143299
0.0456261
0.0190322
-0.0267435
0.0126347
0.0582079
-0.0277611
-0.0133746
0.0465765
-0.00559188
0.0032129
0.0194454
0.000697693
0.000839152
0.0296938
0.0113044
-0.0141624
0.00224063
-0.00934324
0.0544511
0.0115586
0.0030685
-0.00181374
0.000517477
-0.00177224
0.0565511
-0.111805
0.0455894
-0.000784902
0.0986448
0.000578041
0.00325594
0.0417168
-0.00746456
-0.0117267
0.0156429
0.0249758
-0.0468211
0.0194336
-0.00201635
0.0425077
0.00210351
0.0159045
0.0337388
-0.0597757
-0.00653459
0.0300879
0.0318362
-0.053489
0.000943371
0.0380951
0.0074854
-0.0993431
-0.0559437
0.103317
0.0787046
0.0457631
-0.0457131
-0.0254169
0.101871
0.0212432
0.00471853
-0.0147265
-0.0156176
-0.0299792
0.0650283
0.0449973
0.0147297
-0.00162407
-0.00222373
0.00283637
0.00128474
0.000501953
-0.00148675
-0.00029994
-0.000679619
0.00136222
-0.00248782
0.00190987
-0.00200901
0.00119856
-0.00109943
0.0029675
-0.000792565
-0.0573076
0.0264554
0.0651617
-0.00102754
0.0146143
0.00732163
0.00296209
0.000424032
-0.00284164
0.0379002
0.0865833
0.00163248
-0.00176786
0.00142012
0.000760014
0.00492845
0.00730871
-0.0180017
0.00140983
-0.00653384
-0.0564351
0.0561412
0.054284
0.0188133
-0.165432
0.0803273
0.0483101
0.0367948
-0.0220891
-0.0663714
0.0759361
-0.0108229
-0.0227759
0.0201047
0.0113787
-0.0439466
-0.0418676
0.0451075
0.0464338
-0.0752006
-0.0632855
0.00984023
0.0115777
-0.00570157
0.00644859
0.00075669
-0.0537112
0.00149361
0.00604875
0.0089749
-0.102162
0.0725941
-0.00147596
-0.0632118
-0.00287747
-0.00482249
-0.00235467
-0.00316938
-0.00381194
0.00215882
0.0487838
-0.0444185
-0.00365659
-0.00233603
-0.00229079
-0.00102301
0.00564984
-6.85771e-05
-0.0558967
0.00290295
-0.00372129
-0.00151769
-0.00809673
-0.00100154
0.00186096
-0.00757539
-0.00238231
-0.00270473
0.000376949
-0.000542169
0.00711441
0.0106335
-0.0081379
0.00415868
-0.00653883
0.00462216
0.00607535
0.000784381
-0.00103172
-0.00245255
0.010869
-0.000348758
-0.00192807
0.000213981
0.00189678
0.00716136
-0.00281508
0.00113144
0.000567388
-0.00766862
0.00133266
0.0104604
-0.000672369
0.00079717
-4.13045e-05
-0.0107437
0.0236367
0.043052
-0.00034112
-0.000594221
0.000935341
0.000774196
-0.0003705
0.0469372
-0.0332616
-0.010927
0.00120237
0.00221077
0.0172198
0.000427106
0.000385882
0.00232323
2.92161e-05
-0.00122843
-0.00112401
-4.35687e-05
0.000618049
0.000561347
-0.000116795
-0.000161418
-0.0168808
-0.0312949
-0.000799899
9.71133e-05
0.000116454
-0.000579655
-0.000733265
0.00022186
0.0003635
-0.0216974
0.101922
-6.83435e-05
0.000369559
-0.00110111
0.0622975
-0.0776705
0.102759
-0.0563952
0.00311969
-0.00480453
-0.0119656
0.0269938
0.0574591
-0.00528174
-0.0031025
-0.00237309
-0.0015964
-0.000943197
0.000830646
-8.99795e-06
-0.000664079
-0.000728409
-0.000808132
-0.0637124
0.0249514
-0.00801966
0.0125654
-0.0453718
0.000252309
-0.00100011
0.000765776
-1.79738e-05
0.00192276
0.000185828
-0.000392867
-0.0747874
0.00164768
0.0178895
-0.0267297
0.0121015
-0.000622476
-0.00228084
-0.0151617
-0.0111941
0.0584415
-0.0364863
0.00760575
0.00574718
0.0101179
-0.0016822
0.00323075
-0.0116664
-0.00572743
0.00533948
-0.00424083
0.012888
-0.020016
0.0014818
-0.0105296
-0.00107985
0.00815127
0.00146165
-0.0112951
-0.010753
-0.00132411
0.00105709
-0.0424933
0.0456649
-0.00222087
0.00164643
0.00136018
-0.00078574
-0.00139735
-0.00113206
0.000693292
0.000161395
-0.00568333
0.00072845
0.00147249
-0.00805572
-0.000112832
0.00624759
0.0214369
0.0111721
0.00297045
-0.00628593
-0.0095599
0.0130721
0.0167466
-0.0397025
0.00223106
-0.0842014
-0.0108061
0.00379871
0.0331113
0.00288923
0.0104758
-0.0464763
0.000247441
-0.0618628
0.0382467
-0.0722113
0.02743
0.00504286
0.0101085
-0.00831823
0.00869406
-0.00818184
3.57817e-05
0.0360675
0.0113393
-0.0036246
-0.0178315
-0.00331482
0.0242095
-0.00306322
-0.0145217
0.00720705
0.012243
0.0181854
-0.000681307
-0.0199629
-0.0137139
0.027105
0.0120696
0.0340408
0.00244273
-0.00413909
-0.00980147
0.00169467
-0.00735658
0.00763133
-0.0120521
-0.00348489
-0.00912693
-0.00241893
0.0437673
0.00379282
0.00542413
-0.00547664
-0.00374031
6.24682e-05
-0.00668584
-0.0241289
0.0366562
0.00253645
-0.00227026
-0.000800003
-0.000154967
0.00166163
0.00250236
0.0078648
-0.000700229
-0.000816173
-0.00302792
0.00138708
0.000175593
0.00149948
-0.00648776
0.00717824
0.00624983
-0.0603887
-0.00941199
0.0107056
0.000923418
-0.00193008
0.00051572
0.00269234
-0.00401672
0.000826029
0.00921231
0.000667236
-0.0016277
-0.00955097
0.0121021
-0.00860481
0.00391777
0.00111449
0.00951316
0.0221393
-0.0539038
0.00622538
0.0586274
-0.0736729
-0.0178666
0.0211216
0.0186321
0.0138678
0.00142054
-0.0118862
0.0104845
-0.00231408
-0.00979811
0.00133049
-0.00144729
-0.000976971
-0.00465141
-0.0342793
-0.00996372
0.0556217
0.00580251
-0.00293408
0.000361546
-0.0026008
0.00378413
-0.00807008
-0.0145683
0.00264788
0.00932912
0.00161611
0.00988363
-0.00343483
-0.0080649
0.000331113
0.000880556
-0.00095936
-0.00962956
0.0379619
-0.00681941
-0.0170784
0.00855175
0.00808428
-0.00161547
-0.00139436
-0.000396619
-0.00218955
0.00280437
-0.00534407
-0.000196662
-0.00187371
0.0017046
-0.00195008
-0.000161414
0.00117558
-0.00402319
-0.00333361
0.00314474
0.00302715
0.000593677
7.67956e-05
-0.000122405
0.00103307
-0.00240409
-0.00221875
-0.000762487
7.0204e-05
-0.0101367
-0.0210958
0.000640425
-0.0338078
-0.00413445
0.000569447
-0.0127814
0.0163464
0.00111611
-0.00127753
-0.0065427
-0.0065122
0.0109493
-0.0448029
-0.017548
0.062351
-0.0341204
0.0247818
0.0402955
-0.042533
0.0135483
-0.0113108
0.0153794
0.0249161
-0.0795776
0.0533265
0.0136388
0.0771498
0.00155484
-0.00694281
-0.0460358
-0.0288348
0.0541988
-0.000621761
-0.0310968
-0.00468083
0.0426303
0.0253269
0.00264954
0.00678371
0.0413906
-0.0449601
-0.00820237
0.0117833
0.00284667
0.00155046
-0.0141098
0.00885022
0.00833658
-0.00382143
0.00225147
0.00770719
0.0457228
0.00231842
0.00756566
-0.00615545
0.0137799
0.000586433
-0.0124573
-0.00420685
-0.0144881
0.00484727
0.00743355
-0.008187
-0.00409382
-0.0163985
0.00795084
-0.00987142
-0.00716651
0.00950712
-0.00509393
0.00399653
0.018082
-0.0345401
0.035035
0.0566862
-0.0302062
-0.007511
-0.018969
-0.0208607
-0.0363824
0.0531056
-0.0376972
0.0289179
0.0374039
0.0728014
-0.0319975
0.0153374
-0.0023992
-0.0800427
0.0504885
-0.0808276
0.00462698
-0.0241737
0.00604509
0.0339885
0.0393361
-0.0188735
0.0385034
-0.0198324
0.0484891
-0.0907563
0.0714589
-0.0593352
0.0349417
-0.0470758
0.0557798
0.0119578
-0.000774753
-0.000900888
0.0371184
-0.000182667
0.00147343
-0.00022593
-5.47887e-06
-0.000143563
-0.00427417
0.0021751
-0.000288939
-0.00246708
-0.067267
0.0287675
-0.0141656
0.00927142
0.0475893
0.0764329
0.00162318
-0.0780561
-0.0690827
0.0160062
-0.00550206
-0.0314216
-0.00763055
0.0629656
-0.0634082
-0.00152404
0.00109802
-0.0037543
-0.0504477
0.00158837
-0.0076838
0.00344096
0.00247548
-0.0569751
-9.51023e-05
0.0570702
0.000644616
-0.000731142
-0.0018672
0.00281638
2.91591e-05
-0.000138599
-0.0011306
0.00322835
-0.00509416
0.000854892
-0.00070262
0.00110216
6.39576e-05
0.000701371
0.000603059
-0.00110318
-0.000223582
0.000374441
-0.0030976
0.00320771
0.00907434
0.037338
-0.0372392
0.00968464
-0.00322271
-0.00359798
-0.00286395
0.0160495
0.00769825
-0.00432847
-0.0007094
-0.00144175
0.00555847
-0.00409584
-0.00366811
0.0132142
-0.00457465
-0.0049714
-0.00126469
0.000656377
-0.00433683
0.00494514
-0.0530029
-0.00131966
-0.00127583
0.000376747
-0.0566809
0.00200807
0.000813258
0.00608315
-0.0019636
-0.000978177
-0.00819691
0.00466759
0.0029147
-0.000994244
0.0037055
-0.0245163
-0.0181778
0.00053568
0.0032488
-0.0016695
0.000514345
-0.000665736
0.034172
-0.00764022
-0.0258661
0.037519
-0.0282762
-0.00138459
-0.0270926
-0.0261277
-0.00291925
0.0561396
0.060964
0.00222542
-0.0202567
0.0140627
0.0179594
-0.00966737
-0.0506744
-0.00431508
0.00494073
-0.00475652
0.00782162
-0.000161983
-0.0475253
0.0651629
-0.0174756
-0.0062898
0.00226904
-0.021748
-0.00149228
-0.00194594
0.0251862
0.0151032
-0.00890525
-0.00151966
0.0356992
-0.0024271
0.00327354
0.0101409
-0.000286789
0.00210307
-0.0030985
0.00061221
-0.00163913
0.003325
-0.0107792
0.000335669
0.00102229
-0.000618099
0.000187251
-0.000796927
-0.00152261
0.00565668
-0.00446953
0.0178451
-0.0190594
-0.0486129
0.0685994
-0.0683558
0.0615625
-0.0618062
0.0176181
-0.00147897
0.00176753
-0.00147805
0.0436277
-0.00608213
-0.00643652
0.00465207
0.0485433
-0.00228267
0.0495401
-0.00274424
-0.0213847
-0.0022983
0.0193499
-0.0269245
0.0148833
-0.00979035
0.00744714
0.00238507
-0.00675104
0.0115542
0.00347358
-0.000754016
-0.00250436
0.0354211
-0.0321628
0.0117312
0.00264712
0.00614007
-0.00178814
0.00314674
-0.0592059
1.2343e-05
0.0395157
0.0196779
-0.0107382
0.0384052
0.0233671
0.0596062
0.0251103
-0.0054483
-0.0292837
0.0192036
-0.00400089
-0.0177577
-0.00273105
-0.000759435
0.00146996
0.00360555
-0.00256976
0.00207531
-0.0696948
0.00325117
0.000135594
-0.0021844
0.00090583
0.000127217
-0.00068285
-0.00450544
-0.00407808
0.00338043
-0.0215926
-0.0067798
-0.000904741
-0.00397259
0.00911219
-0.0132501
0.00308525
-0.00478724
0.0034852
-0.00510629
0.00326765
-0.00150111
-0.00399239
0.00120328
0.00477351
-0.000383342
-0.00344099
-0.00259953
-0.00159117
-0.0100765
-0.0370147
0.0243153
-0.00273868
0.000122199
-0.00256941
0.007798
0.00501754
0.0494351
-0.000357343
-0.0069864
0.0566354
-0.000213854
0.0353398
-0.0344067
-0.00316039
0.0315138
-0.0521407
0.00854985
0.0557996
-0.0122088
0.00487507
0.000968146
-0.0531088
0.0565533
-0.00759757
0.040069
-0.00691509
-0.0397988
-0.00264372
0.00166864
-0.0596633
0.00228406
-0.00765067
0.00622805
-0.000861443
-0.00919753
-0.0186172
-0.0149147
0.01402
0.0195118
0.00178484
0.00709439
-0.0057554
-0.00312383
-0.0278243
-0.006838
-0.011084
0.00755644
-0.0292788
0.000180155
-0.00956106
0.0136705
-0.0227266
0.00221113
0.00203384
0.0108899
0.00968228
-0.00562423
-0.00424796
-0.00806348
-0.00289518
-0.00415543
0.00166043
-0.0191361
-0.014729
0.0109525
0.0188395
-0.0150631
-0.00611758
-0.00756551
-0.00370663
-0.00667563
0.00700849
-0.000270396
0.000877596
0.00558086
-0.011687
-0.0119538
0.0283689
-0.0401117
7.16716e-05
0.000657048
0.00230598
-0.00112168
-0.00317573
0.00444322
0.000605575
0.00397454
-0.00178163
-0.00267476
-0.00811655
-0.00148427
0.00317408
0.00256169
-0.00631487
-0.00134197
0.00509514
0.00478781
-0.0021534
0.000804514
0.00437897
-0.00497333
-0.000175228
-0.00154146
0.00113851
0.0596284
0.0157746
0.0314421
0.090988
-0.0877529
-0.07293
0.026142
0.0338988
-0.0134482
-0.0158076
0.00754284
-0.0148075
0.00612657
0.0011381
-0.0368626
-0.0287384
0.0216826
0.0226002
0.020751
0.00675172
0.00582383
0.0355144
-0.0304491
0.00785841
0.00125623
-0.0157045
-0.000815671
0.0077664
-0.0158989
-0.00654831
-0.0025377
0.00168006
0.0123159
-0.0129558
0.0252617
-0.0274447
-7.79065e-05
0.0131518
0.0158804
-0.0480737
0.0102769
-0.0253653
-0.00192881
0.0194644
0.00782973
-0.0010027
-0.00241622
0.000597867
-0.00607772
0.00114195
0.0205307
0.00193006
-0.0109007
-0.00204217
0.00560579
0.00406313
0.0317637
-0.0405574
0.00563334
0.00641263
-0.00179538
-0.0043543
0.0432404
0.013395
-0.00269261
-0.0490719
0.0243409
-0.00525085
-0.010452
-0.00195475
-0.00518833
0.00970478
-0.00171706
-0.0202489
0.0142271
-0.0219868
0.00407063
0.00368906
0.0124323
0.00944642
0.0339433
-0.000248722
0.00333588
0.0109693
0.0358801
-0.00881383
-0.0380356
0.000310672
-0.00265872
-0.0052408
0.0155117
-0.0180096
-0.00291478
0.00315316
0.00247293
-0.0102327
0.00210272
-0.00647247
0.00294437
-0.00328987
0.00557562
-0.0103271
0.00352176
-0.00723067
0.00438995
-0.000681038
-0.00587799
0.00708289
0.00713613
-0.00834104
-0.0362649
0.00653043
0.0407038
-0.0105171
-0.00138916
0.00275893
-0.0117196
-0.00199415
0.00494192
-0.00272734
-0.00022043
-0.0450256
0.0245178
-0.054153
0.0746607
0.0467152
-0.000791942
-0.00018059
0.0230654
-0.00953837
0.0115631
-0.0250901
-0.0121852
-0.0237456
0.0056697
-0.0311101
0.0255468
0.0194927
-0.0216439
0.00383826
-0.00168707
0.0108855
0.0088579
0.00609943
-0.00465434
-0.010303
-0.0167103
-0.013967
0.035947
-0.00167947
-0.0045227
0.00192267
0.00669198
0.0533674
-0.0597756
0.00550626
0.000901904
0.017511
0.045363
0.0452913
-0.0411142
0.00305358
0.00649783
0.00727554
-0.00377038
-0.00118674
-0.00162119
-0.00287249
0.00159623
-0.0100776
-0.00481378
0.000332495
0.01553
0.00251609
-0.00726198
-0.000535854
-0.00472288
0.00522098
-0.0087756
0.00312032
-0.00601632
0.000304483
-0.000281998
-0.00406339
0.0040409
0.00336179
-0.000391966
-0.00188233
-0.00080876
0.00103597
0.00889061
-0.00960551
0.0071766
0.00030911
0.00104552
0.00200716
0.00101835
-2.70434e-05
0.0302489
-0.0258886
0.0540717
-0.0464036
-0.000706672
-0.000194397
-0.00108801
0.000312991
-0.00124222
0.000129298
0.00121762
0.0921843
0.049144
-0.0199293
0.0629696
-0.00377032
-0.00302805
0.0271054
-0.020307
0.0158147
-0.0256589
0.00212676
0.00513351
0.00207763
-0.0213062
0.0260921
-0.00248437
-0.0408819
0.00492714
0.00375188
-0.00768913
-0.00386383
0.00366324
-0.00347851
0.00376463
0.00484738
-0.00444865
0.00454376
-0.00243765
0.00234254
-0.00412145
-0.00011544
0.0029998
-0.00323759
0.000363046
-0.0026545
0.000185403
0.000460093
0.00418894
0.00347259
-0.0046579
-0.00393309
0.000339443
0.00193508
-0.0104699
0.0011114
-0.000875917
-0.00232341
0.00281598
0.00252884
-0.00193553
-0.000784263
-9.52856e-05
-0.00103285
0.00240198
0.00126084
-0.0188891
0.0105638
0.0150131
-0.008463
0.00259044
0.00296168
-0.0139996
-0.00529947
-0.0293506
0.0407205
-0.00607041
0.004117
-0.0489797
-0.019545
0.0204263
-0.00318415
-0.00163577
-1.18274e-06
-2.73681e-05
-0.0011336
0.00191412
-0.000626891
-0.00823588
-0.00098758
-0.00418768
-0.00480419
0.0355991
0.0519966
-0.0372724
-0.0503233
0.000353178
0.00274103
0.00529968
-0.000777553
-0.00298086
0.00254925
0.000817629
0.0011814
-0.00230513
-0.0113948
-0.00146635
0.000303797
0.0538165
0.0305015
-0.0267392
0.132858
0.00206956
-0.00462774
-0.00233577
0.0124628
0.000490131
-0.0109463
-0.00285859
0.00805536
-0.0099902
0.00648793
0.00287693
0.051329
-0.0381727
0.0484118
-0.000591941
0.0279324
0.014022
0.00707099
-0.00936174
0.0582779
-0.0320365
0.00186473
-0.000521228
0.00489919
0.00374976
0.00487226
0.00438389
0.0277936
0.0262
0.0164317
-0.00872217
0.000567625
0.00422145
-0.0152511
-0.0135672
0.0266955
0.00212279
-0.0177962
-0.0722286
0.00418373
-0.0041664
0.00173991
-0.00945836
9.00216e-05
-0.00262797
-0.00843669
0.0843186
-0.0776066
0.000641342
0.0517109
-5.64049e-05
0.0484943
-0.0142048
0.0735155
-0.0735774
0.00157876
0.0272131
0.00920902
0.0395591
-0.0383598
0.0262317
0.029853
-0.00642762
0.134442
-0.00590796
0.00484428
-0.0594965
0.0359029
-0.000780814
-0.0028743
0.0016753
-0.00499211
0.0533758
0.0916116
-0.0193263
-0.00154481
0.0661385
0.0487447
-0.0640541
0.00485314
-0.0338884
0.0352588
-0.0209846
-0.0317915
0.0305185
0.0199553
-0.0119898
-0.0425056
-0.00206389
-0.0494767
0.0844315
0.0801306
0.00418612
-0.0284298
0.000449969
-0.0282984
0.00246793
0.000576807
0.000348911
-0.0069062
0.00263623
0.0347499
-0.0248207
-0.00174009
-0.000977359
-0.00084084
0.000193344
-0.00203688
-0.00462784
-0.000590115
2.00093e-05
-0.000273461
0.00116043
0.0018867
-0.000164586
-0.00959177
-0.00422251
0.00319732
-0.0007949
-8.21949e-05
0.00586114
-0.0106721
-0.0230924
0.00404715
0.0415387
-0.0485401
0.0029543
-0.00813932
-0.0368054
-0.00571708
0.0506618
-0.0225006
-0.00934454
-1.61058e-05
0.00266718
-0.00467987
0.00259982
0.00113322
-0.00201582
0.0013281
-0.00244232
0.00313004
-0.00386608
0.00106635
-0.00120546
0.00303158
-0.00224137
-0.00284133
-0.00326613
0.00193481
-0.00246426
-0.0010096
-0.0014434
0.000223279
0.00102608
0.00448516
0.000723192
-0.00221495
0.00363167
0.00203044
0.000689264
-0.00139054
-0.00224142
0.00203831
-0.000415229
0.00111435
0.000530043
0.000484315
0.000507344
-0.000231492
0.000177115
-0.00167125
0.00151885
0.00248886
-0.00221908
0.00044648
-0.000506378
-0.00178138
0.000996731
0.00173013
-0.000948511
0.00104742
0.000981174
-0.00272977
-0.000330567
0.000954271
-0.000937318
-0.00104388
-0.00294877
-0.0103769
0.0321529
-0.0188273
-0.0344275
0.00960916
-0.0195437
0.0226353
0.00837152
-0.0133102
0.0220718
0.00538901
-0.0048255
-0.00336115
0.00823397
-0.00740356
-0.00460249
-0.000914188
-0.00780654
0.00625449
0.00551963
-0.00399195
-0.000590924
-0.000212271
-0.00195653
-0.0018728
0.00330772
-0.00924145
0.00279922
0.000292395
-0.00859445
-0.000279535
-0.00104084
0.00116766
0.000152713
-0.000938892
0.00117661
-0.0180105
-0.0346349
0.0170649
-0.00580703
-0.00198847
0.000668445
-0.00361952
-0.00344633
0.0516828
-0.0878636
0.0396272
-0.00197138
0.0106857
-0.0200582
0.0113439
0.0138907
-0.0560693
-0.0127776
0.0111432
0.0155251
0.0142897
-0.0300107
-0.0483823
0.00627322
0.0657458
0.0158265
0.00203111
-0.00191242
0.00263251
0.0739658
-0.00464792
-0.0519806
-0.113199
0.0525477
-0.0946661
0.0327069
-0.0562402
0.0460012
-0.0322387
0.0507506
0.000921773
-0.0114207
0.0332259
-0.0271047
0.0290214
0.00307045
-0.000272438
-0.00943026
0.00756342
0.0442477
0.0594115
0.00217641
0.0096882
-0.012137
0.0216114
-0.000666476
0.0225599
-0.00226262
-0.0493165
0.0127223
-9.14728e-05
0.0246379
-0.0124071
-0.0173047
0.00507384
0.071938
-0.119958
0.00299461
0.00614931
-0.00478492
0.0439634
-0.0464525
-0.010978
0.00412563
0.00515232
-0.0133829
0.0059255
0.0227287
-0.0220922
-0.000330703
-0.000305766
-0.0264204
0.0389567
-0.0109013
-0.0150285
0.0149266
-0.0367035
-0.010915
0.0146921
0.00293971
0.00512425
0.00868413
-0.0111769
0.0203823
0.0209517
-0.0171693
0.00490173
-0.0145237
-0.00620791
0.00414907
-0.0118202
0.013879
-0.00341808
0.00264131
0.00322933
-0.0249729
9.55108e-05
0.0017646
0.00234474
-0.00294697
0.000334268
0.00263485
0.00026519
0.00108068
-0.0186373
0.0016997
-0.014635
-0.0229664
-0.0690798
-0.00525721
0.00116932
0.0109942
-0.000162213
-0.00814457
7.57261e-06
0.00230242
0.00543811
0.00220477
-0.0136073
0.00050845
-0.0114621
0.00889767
-0.00672851
0.000751029
0.00801848
0.00320472
0.0327279
0.0155261
-0.066305
-0.0169465
0.0180537
-0.0592436
0.0279604
0.186406
-0.155122
-0.105284
0.0490697
0.0512227
-0.0183167
-0.0237812
0.0389687
0.0126061
0.0126633
-0.0805973
0.0200748
-0.0226545
0.050926
-0.0586535
-0.0713445
-0.060688
0.039329
-0.0162347
0.080759
0.00165385
-0.0824129
0.0124981
0.00176128
-0.0158514
-0.0991297
0.0316427
0.0305648
-0.0273884
6.67499e-05
-0.0170485
-0.00234129
0.001539
0.0083922
0.0384239
0.0326852
-0.0393455
0.00179829
0.0278118
-0.0350707
0.00227994
-0.00347419
0.0351894
-0.00813344
0.0474786
-0.0128381
0.0034649
0.00899065
-0.00538313
0.0122102
-0.00171893
-0.00587963
0.00152876
-0.00162939
0.0545516
-0.0416082
-0.00641296
-0.00761451
-0.00265993
0.00608675
0.0101839
-0.000427809
0.0124077
0.00451962
0.0197491
-0.00456391
-0.0197048
-0.000870877
-0.0101643
0.00746766
0.00752493
0.00562757
-0.00602772
-0.0015546
0.0213517
-0.00265781
0.0135677
-0.00207069
-0.0014321
-0.00340887
-0.00757193
-0.00925374
0.00692101
-0.00590691
-0.0337577
-0.0275837
0.000143793
-0.064398
-0.00319941
0.000418012
-0.0076054
0.00243109
0.00864814
-0.00347383
-0.00349488
0.00231957
-0.00752775
0.000499659
-0.00218512
0.00966776
0.00503779
-0.001904
-0.00489925
0.00176546
-0.0043732
0.0381258
-0.00933761
0.022391
-0.0324544
0.00247454
0.000785946
-0.00140949
-0.00102411
0.00183205
-0.00405156
0.0141756
0.00291294
0.00162695
0.0394572
-0.0423763
0.00177295
-0.00169111
-0.0015686
-0.0100518
-0.00317197
-0.00883848
0.0132284
0.0171472
-0.0121271
-0.00291215
-0.00210799
0.00807724
0.0133124
-0.0187426
-0.0247463
-0.0146484
-0.0404104
-0.00142985
0.0015719
0.000133518
0.00154813
-0.00185213
-0.00247581
0.00245996
-0.0294213
0.0259333
-0.00326002
-0.00201013
-0.00176574
0.0101694
-0.0125819
0.00516069
-0.0016462
-0.0159803
0.0141063
0.0220783
0.0246183
-0.00312403
0.0207519
0.00014885
0.00100181
-0.00289075
-0.00125456
-0.00543003
-0.00643911
0.0036873
0.00957669
-0.0335512
-0.0150202
0.0389947
0.000184076
0.000672089
-0.000817685
-0.00569961
-0.000844314
-0.000248007
0.0401443
0.0580484
-0.0136686
0.00966931
0.00215932
0.000209917
0.00173798
0.000598456
0.000509234
-0.00172877
0.0101632
0.000184237
0.0213312
0.0304044
-0.0296923
0.00115756
0.00108965
0.00153662
-0.0132234
0.00229191
-0.0235349
0.00264903
-0.00280053
-0.000610323
0.00225174
-0.00295616
-0.000764572
-0.00752404
-0.0100744
0.000981979
0.00203196
-0.00997891
-0.0278886
0.0115207
0.00257318
0.0020237
0.000889402
0.00348947
0.00274869
-0.00714966
-0.0393882
0.0687503
0.00445511
-0.0203408
0.00871013
-0.00145305
0.0107609
0.0486764
-0.0419502
0.0195056
-0.0251926
0.00812183
0.015407
-0.00131201
-0.0628884
0.0635297
0.0218735
-0.0260925
-0.0546361
0.0523735
-0.0198756
-0.0903948
0.0227325
-0.0234992
0.00104983
-0.0120698
0.00335039
-0.00496912
-0.0108081
0.00220238
-0.00148415
0.00121997
-0.0134161
0.0010863
0.000835249
-0.00375567
0.00224745
0.00051361
0.0492492
-0.0403768
-0.0194013
0.0232509
-0.0133347
-0.00976374
-0.000302872
-0.00107667
-0.029625
0.000890694
-0.0020109
0.000512016
0.000608186
0.00988823
0.0370234
0.00903319
-0.0289451
-0.00312094
0.00635057
0.0333094
0.00505203
0.00670422
-0.00978096
0.014375
-0.000777102
0.00289518
-0.00174133
-0.002673
0.0111735
0.00521556
0.00563053
-0.00873402
-0.0228171
-0.00152542
0.00574185
-0.0024223
-0.00525531
0.0155306
-0.0130025
0.0124859
-0.00619493
0.0105509
-0.00111257
-0.00148125
0.00129993
-0.00330324
7.32348e-05
-0.0115414
0.00445089
-0.00791311
-0.00759575
-0.0109629
-0.000649524
0.00409655
0.00219666
0.00773106
0.000718264
-0.00262938
0.00225749
-0.00151229
0.00192495
-0.0010654
0.00045482
0.000237708
0.000521106
0.0093157
-0.00444205
0.00363429
0.0123379
-0.000908865
0.000857611
-0.000300734
0.00441741
0.0479179
0.00200453
-0.0230525
-0.0255704
0.0016083
0.00781571
0.00108757
0.0028773
-0.0101832
0.0255045
-0.0181986
0.032789
-0.0339343
0.0386643
-0.00348705
0.000131252
-0.00170773
-0.00178047
0.00146269
-0.00268535
0.00314841
-0.00650811
0.00908614
-0.00867429
0.0124932
-0.00667154
0.00369155
-0.0049123
-0.00507145
0.0075886
0.010558
-0.00213106
-0.00687077
0.00997314
-0.0017903
-0.003133
-0.00292973
0.0084805
-0.000762183
-0.0177525
0.0073304
-0.0022482
0.00453046
0.0123318
0.0116189
0.00868362
-0.0326343
-0.00790135
0.00711158
-0.0117299
-0.0267194
-0.00474683
0.0235648
-0.00650167
-0.00237727
-0.00337258
0.00569445
0.0129364
-0.000639613
-0.00173875
-0.0109093
0.0113493
0.00314315
-0.00259324
-0.00059442
0.00688317
0.00407017
-0.00987039
0.0117506
-0.00994767
0.00170426
0.0191045
-0.0164401
0.00915531
-0.0103189
0.000547668
-0.00123854
0.00660549
0.00180525
-0.0103196
0.00506024
0.00228963
-0.011058
-0.00711758
0.00446731
0.000625305
4.56502e-05
0.000985615
-0.000501013
0.0108053
-0.0184949
-0.027518
0.0463639
-0.0137091
0.00239358
-0.00300652
-0.00175847
0.000835431
-0.00797297
-0.00312097
0.00198101
-0.0217738
0.0522618
0.00540551
0.000470855
0.00163675
-0.0237515
0.0148404
-0.00439287
0.000410883
-0.000811921
-0.0377664
-0.00376637
0.00560755
-0.00271132
-0.00114933
0.0405009
-0.0412271
0.00311337
-0.00915189
-0.00180654
0.00876128
0.00514546
-0.0170693
0.0143224
-0.0173181
0.00685455
-0.0163926
0.00314756
-0.0284396
0.00064502
0.00631897
-0.00489763
0.00471815
-0.00163953
-0.00181594
-0.0110682
-0.000793404
-0.00143992
-0.0177655
0.0199988
0.00411923
-0.000293038
0.00747808
-0.0190886
0.00755282
0.000700372
0.00764776
0.0037034
0.0143301
-0.00401567
0.000686977
0.000128844
0.0022888
0.00447898
0.000585419
0.00651487
-0.0171936
0.00849358
0.0101385
-0.000628991
-0.000925613
0.00292128
0.00659889
0.00244258
-0.0102463
0.00973375
0.00321273
-0.00239732
-0.00842371
3.69947e-05
-0.00869195
0.0322474
-0.00339695
-0.0201585
-0.00870475
-0.0193303
0.0158288
0.0122063
0.0188507
-0.0104268
-0.00216653
-0.014126
0.00162696
-0.00127833
-0.00146923
-0.0346246
0.0345641
-0.00128643
0.00100161
0.00883827
-0.00753754
-0.00595367
0.000334095
0.00176411
-0.000347151
-0.000440065
-0.000679137
-0.00485398
-0.00546439
0.0133308
0.00133853
-0.00156087
0.000401131
0.00124732
0.00050005
-0.00369481
-0.0459734
0.0409762
0.00758092
0.00127714
-4.45989e-05
0.00657407
-0.00759487
0.0488828
-0.0341765
0.00598435
-0.0081025
0.00734501
-0.00919971
0.00120447
-0.0223281
0.016096
-0.0453529
-0.0507853
0.00074202
0.000798823
0.0115967
-0.0131376
0.00751426
-0.00814394
-0.00116383
-0.000162185
-0.00199116
0.00429631
-0.00127864
0.000584576
-0.000393939
0.00117416
-0.000516355
-0.000311549
0.00195874
0.000135619
-0.00276231
-0.00558719
0.006072
-0.00683869
0.00287825
0.00312569
-0.00528582
-0.00289521
-0.0101146
-0.00736895
0.000234548
-0.00644572
-0.00401414
0.00786032
-0.00894612
0.026533
-0.0298214
-0.00286329
-0.0085772
0.00355488
0.000353643
0.0138237
0.00106162
0.00130502
0.000288345
-0.00265498
0.00199723
0.00207065
-0.00300626
-0.00196233
0.00372635
0.00214171
-0.000549691
0.000448612
0.00209318
-0.000723026
0.0252535
-0.0341093
0.0103956
-0.00153975
0.00792652
-0.00276113
-0.0114513
0.0376404
-0.0539766
-0.0299032
0.00535419
0.00113242
-0.00242016
-1.7277e-05
-8.9315e-05
-0.000671687
0.000106717
-0.00371262
-0.000923527
-0.00593919
0.0124017
0.00410134
0.00168781
-0.00314825
-0.00208256
0.00460312
-0.00218161
0.00798522
-0.00689781
-0.00325043
0.00185945
-0.0018425
-0.0012518
0.00165361
-0.00409236
0.00100981
-0.00172829
-0.000878749
0.00043853
0.000485538
-0.00146721
0.00115495
-0.000432149
8.7146e-05
0.000572147
0.000297077
0.000396972
-0.00191718
-0.00130083
0.0570656
0.00641806
0.00167106
-0.00379288
-0.00608239
0.000187906
-0.00111366
0.00105375
-0.000127993
0.00263121
0.000639756
-0.00248622
-0.00534755
-0.00511929
0.0265596
-0.0221045
0.000417143
-0.00257466
0.039831
-0.0397607
-0.00340918
0.00214766
-0.00273411
-0.00449261
-0.00125245
0.000996172
0.001682
-0.00144498
-0.0378316
-0.00205648
0.0398881
0.00296587
0.00267105
-0.0034154
-0.00324918
-0.000953853
-0.00012282
0.00290898
-0.00267622
0.000739457
-0.00097222
-2.30826e-05
0.00102522
-0.00199653
-0.000349959
0.00145604
-0.00297188
0.00256636
-0.0025027
-0.000342647
-0.000416303
0.00862246
0.00265124
0.000785125
-0.00060063
0.00501304
-0.00906123
0.000156311
0.00105825
0.00185783
-0.0039289
-8.51281e-05
-0.00265613
0.000944318
0.00149693
0.00285308
-0.00246815
-0.00339246
0.00202409
-0.00109141
0.00166893
0.00142411
-0.0013691
0.0011736
0.00923772
-0.00247389
-0.00407365
0.00100931
0.000576595
-0.00794363
0.0016637
-0.00184978
0.00107826
-0.000666521
0.00218807
0.00968924
-0.000521333
-0.000507243
0.000728429
-0.000404187
-9.28132e-05
0.00103229
0.00191845
0.000690341
-0.0343317
-0.0628579
-0.0173064
0.0470835
-0.000472623
-0.065881
-0.000770381
0.00592664
-0.000242053
0.0048359
0.00572453
-0.00712162
0.075277
0.00228227
0.0278628
-0.028511
-0.0026532
-0.00578293
-0.0146577
0.00327891
0.0260195
0.010822
0.00391228
0.0014165
-0.00433914
-0.013826
-0.0191802
0.0446776
0.0510369
-0.0350694
0.0229975
0.00382307
0.00553215
-0.0986601
0.0928724
-0.0249272
0.023263
0.00213506
-0.0419175
0.0191582
0.00750819
0.00866934
-0.00121365
-0.00972876
0.00340799
0.00123676
-0.00350069
0.0975038
0.0211689
0.00114715
0.00240962
0.0372627
0.00911143
0.0247652
-0.0480148
-0.0394915
-0.00574329
-0.00196601
0.00200691
-0.0414984
0.0116765
0.0410278
0.0971856
0.0256498
0.0637908
-0.00565936
0.143528
-0.102712
0.00188456
0.0208697
-0.125466
-0.0123543
-0.0348469
-0.0982325
0.00779341
0.0573794
0.00038113
-0.0472022
0.00482161
0.00501378
0.0537147
-0.06355
0.00646239
-0.0597113
0.0441451
-0.0619481
0.00322834
-0.0629396
0.00429284
-0.0769496
-0.0859294
0.0301913
-0.0532106
-0.0518896
0.0333186
-0.0126198
-0.0345737
0.0192475
0.0469114
-0.0359143
0.0137682
0.0238333
-0.00431581
-0.013456
0.00351437
-0.0254219
0.0744808
0.0772445
0.125241
0.0157139
0.0606077
-0.106156
0.0121763
-0.0113052
-0.0736486
-0.0219668
0.0106229
-0.00171717
0.0313472
-0.0129787
0.00564996
-0.0258996
0.0115449
-0.0136566
0.0443362
-0.00572824
0.0021093
-0.0292512
-0.0278825
-0.00428481
0.00184986
-0.032917
0.0336673
-0.0341197
-0.0297551
0.00117959
0.00321332
-0.00374027
-0.0216283
0.00130388
-0.00142354
-0.000522314
-0.000769202
-0.0196103
0.00219416
0.0167349
0.0203299
-0.00356119
-0.0199009
0.0430332
-0.00582649
0.0215979
-0.0578518
0.000301665
0.0393211
-0.00136184
0.0354256
-0.0167169
0.000807067
-0.000634372
-0.00121354
0.0126053
0.0072181
0.0097265
-0.0641712
0.0213303
0.0376228
0.0230752
0.0197746
-0.0282721
0.0211028
-0.00266562
-0.00248698
-0.0193242
0.0194839
-0.00282524
0.0103618
-0.00486411
-0.0309173
0.0129839
-0.00276184
-0.00351891
-0.00651032
-0.0149436
0.000221757
-0.00651583
0.00318096
0.0176572
-0.0187795
0.00798628
-0.0068338
-0.0956738
0.0525759
-0.00115608
-0.000202026
-0.00160994
0.00134769
0.000800488
-0.0387967
0.0516283
-0.0149639
0.000399209
-0.00198033
0.000170469
4.62214e-05
0.000469601
-0.00176566
0.00607239
-0.00464215
0.00605922
-0.000135133
0.000660724
0.0408944
-0.0411818
0.0175075
-0.01722
0.00729638
-0.00139362
-0.0300764
-0.00142563
0.000734964
0.00620114
0.00873555
0.027443
0.0180764
0.0142054
0.0185427
-0.0112143
-0.0112404
-0.025308
0.0276295
-0.0108689
0.0498394
0.0262214
8.58203e-05
-0.0761466
0.0427499
0.0179749
-0.0200481
0.014963
0.0206602
0.012752
0.0377266
0.0408124
-0.0178316
0.00541163
0.0304737
-0.0174568
-0.0176113
-0.0347927
-0.00404656
-0.0180301
0.00357034
0.0165745
0.00724623
0.0365306
-0.0454068
-0.0038262
-0.00790172
-0.0100969
0.000116545
-0.0355256
-0.00894554
-0.0137372
-0.03454
0.00584852
-0.00690945
-0.0572223
-0.0785305
0.0801023
-0.0587306
-0.0373627
0.0169937
0.00664216
-0.00378406
-0.00275245
0.0138238
-0.00714047
0.00722315
0.00394421
-0.0181067
0.00999728
0.00010111
0.00644607
-0.00721123
0.00545559
0.000370961
-0.00216224
-0.00366431
-8.87951e-05
-0.00913274
0.00294663
0.00597337
-0.00606025
0.0070925
0.00100083
-0.00075624
-0.002552
0.000978735
0.0176335
0.0234437
-0.00358045
0.0276054
-0.00960245
0.0170444
0.0109768
-0.0212695
0.0303947
0.013585
0.00789409
0.00297404
0.042514
0.00549125
0.0226164
-0.0129848
0.000768726
-0.00149523
0.00886783
0.000758616
-0.000938659
0.00774709
-0.0359276
0.0266493
-0.00856461
0.000993074
-0.0151849
-0.0335839
0.0415951
-0.00321955
-0.0072686
0.0158532
-0.0207101
-0.00141601
0.00584313
0.00492082
-0.030155
0.00971445
0.00523914
-0.00539876
0.00138978
-0.00479573
-0.0328462
0.00368889
0.00978829
0.00115614
0.00572109
-0.0121884
0.00121681
0.00795306
0.00648392
0.00386435
-0.0127529
0.00281935
-0.00248586
0.00194263
-0.00568089
-0.00403488
-0.00654961
5.31069e-05
0.000350187
-0.00202657
-0.00512865
-0.00722017
0.000243357
-0.000418965
0.00146395
-0.00265233
-0.00355015
-0.000413798
-0.0141877
-0.018554
0.00793984
0.000112532
-0.019891
-0.0218717
-0.0910561
0.0234892
-0.0391375
-0.00736737
0.00951908
0.0335319
-0.000880669
-0.00134003
-0.00165477
-0.0184894
-0.00365237
0.000207357
-0.000613363
-0.000983322
-0.00396548
-0.0151941
0.00910888
0.00122352
-0.0171213
0.0100866
-0.00819855
0.0285331
0.0194808
0.00155565
-0.00168465
-0.00586074
-0.000834158
0.000668582
-0.000115497
-0.00020517
0.00177807
-0.00059034
-0.0013497
0.00315406
-0.000811277
0.0125987
0.00421381
-0.00321916
-0.00433084
0.0282896
-0.0660093
-0.0657077
0.0155085
-0.0191846
0.00899289
-0.00306425
-0.024869
-0.0221358
-0.00116079
0.0284575
-0.00616299
-0.0191135
-0.00169057
0.0319793
-0.00486025
-0.00922993
-0.024843
-0.0403058
-0.00233643
-0.00489645
0.010413
-0.00348941
0.00769229
0.00590448
-0.0161563
-0.0112667
0.0078676
0.0666881
-0.0338203
0.00631431
0.00151665
0.0105182
-0.0193452
-0.00154993
0.0651422
-0.0224635
-0.0563353
-0.00193217
0.0361982
0.0127863
0.0196807
-0.000974071
0.00111343
-0.017845
-0.0438576
-0.00102216
0.0157581
0.000507191
-0.000770171
-0.000925007
0.0197351
-0.000711354
-0.0364711
0.0711451
-0.00245744
0.0255025
-0.0469561
-0.0452662
0.0442862
0.00314729
-0.00419569
0.00623091
-0.00369846
-0.000156989
-0.00104061
-0.00417026
0.00384646
-0.00340912
-0.00200633
-0.0073286
0.000135226
0.00263104
-0.00915719
-0.000294482
-0.00629367
-0.0108185
0.0110107
-0.0194074
-0.0118042
0.0160036
-0.00598292
0.00977773
0.000950235
1.29287e-05
0.000884007
-0.000688395
-0.000242133
-0.000336951
0.000595297
0.00583537
-0.0128996
-0.0105571
0.000452603
0.00428352
-0.00270351
-0.00242394
0.0100302
0.0133538
0.00510707
0.00492704
-0.000766149
9.72179e-05
0.00238052
-0.00289202
-0.00700606
0.00352043
0.000986789
-0.00157984
-0.00124502
-0.00190696
-0.00195506
-0.000320189
-0.00699622
0.00404533
-0.00434077
-0.00699325
0.00406241
-0.00552276
0.000972346
-0.00162889
-0.000938238
0.000600713
-0.00322791
0.000255234
0.00215753
-0.0022716
-0.00246637
-0.0109182
0.0349964
0.0208338
-0.0158376
0.00211353
-0.0240809
-0.00862451
-0.00144432
-0.0182991
-0.016439
0.0125442
0.0207974
-0.0228154
-0.0123809
-0.024206
-0.00234261
0.000121647
0.026427
-0.00632183
-0.0100746
-0.00194015
-0.0862358
0.0171082
-0.00663092
-0.00690356
-0.0076698
-0.00326146
0.00161411
0.0157452
0.000385007
-0.00816509
0.00249957
0.0322978
-0.0709557
0.0211592
0.00768196
0.0386128
-0.00805924
-0.000892383
0.00198832
-0.0194112
0.0068045
0.0227845
0.00243795
0.00322414
0.00397503
-0.00606029
0.000821292
-0.0413153
-6.3349e-05
0.0034408
0.00295618
-0.0151177
-0.00136208
-0.00631215
0.00323856
0.0343234
-0.00911066
-0.00946151
0.00468779
0.00167917
0.00918409
-0.00816202
0.00560402
-0.000527092
-0.00715033
0.00140302
0.00188019
0.00514244
-0.00060994
-0.044695
0.0372958
-0.00643002
0.00327981
0.000507323
-0.00079909
-0.0124137
-6.61696e-05
-0.0104549
-0.00499933
0.00209505
-0.000892282
-0.0105801
0.0137868
-0.0125846
-0.019956
0.00729249
-0.00669869
0.000880981
-0.0147272
-0.00451257
-0.00539928
-0.0061337
-0.0103593
-0.00446891
-0.0013157
-0.0104474
-0.0199443
-0.000521768
0.00210402
-0.0033596
0.0388117
0.0394667
-0.0316626
0.0329164
0.0117269
0.0120703
-0.00191302
0.0230141
0.00277673
-0.00939157
0.00266174
-0.0252275
-0.0084634
0.016847
-0.00547128
0.0078058
-0.00324757
0.000266628
0.0019001
0.00319558
-0.00185828
0.00137926
0.00223747
-0.0089015
-0.000434377
0.00157002
0.00133334
0.00422487
-0.00622246
0.0105672
0.0293417
-0.00334515
0.0304159
-0.0170077
0.00539948
0.00384024
-0.00407847
-0.000170455
-0.00574597
0.00274922
0.00106911
0.00165178
0.000896967
-5.12678e-05
-0.00852052
-0.000995157
0.000118617
0.000859263
0.00145308
-0.00184668
8.68315e-05
-0.000999505
6.80803e-05
0.0029083
-0.00230925
-0.00153422
0.00356919
0.000867461
-0.00406481
0.0040574
0.0117017
-0.00714177
0.000505366
0.00684868
-0.00885914
0.00878875
0.00130761
-0.00642427
-0.000101707
0.00783358
-0.000911082
0.00185459
-0.00270922
-0.00351272
0.00055598
0.000747688
0.000173594
0.00129317
0.0399684
-0.00509064
-0.0601416
-0.0167207
-0.00164242
-0.0075247
-0.0195656
0.024475
-0.0320966
0.00704195
0.0185251
-0.0582271
0.0463677
-0.00610092
0.0379851
-0.000200165
0.00932238
0.000328124
-0.00195821
-0.00320848
-0.00029005
0.0255901
0.000300983
-0.0030885
-0.00131279
-0.00373965
-0.00669864
-0.00450015
-0.00399003
0.00313171
-0.0310846
0.0342719
0.0221517
0.00525326
-0.0019004
0.000391006
-0.00158303
0.00247571
-0.0137433
0.00952967
0.0156478
0.134276
-0.00106659
0.00712203
-0.0012214
0.00142948
-0.000757771
0.00136937
0.000798375
-0.000502393
0.0260879
0.00413375
-0.00665307
0.000355944
0.0270358
0.0234914
-0.00693441
0.00936336
0.00325772
0.0316118
-0.00117303
-0.00189754
0.00209447
0.0214868
0.00662621
0.00766745
0.00852338
0.00976399
-0.0176808
-0.032234
0.00889555
-0.00917199
0.0310813
0.00889757
0.00422154
-0.0190186
-0.0155672
-0.00675976
0.000652127
0.0122736
-0.0331205
-0.0361951
0.00224865
-0.0221827
0.0471249
-0.00941384
-0.0106551
0.00546834
0.008649
0.0412878
-0.00407812
0.053052
-0.0586541
0.0021002
0.0063308
-0.0226923
0.0022166
-0.059301
0.0198853
0.00782233
0.000546553
-0.0173063
0.01215
-0.00288346
-0.0398453
0.0192645
0.0017375
0.187389
0.0362598
-0.0431596
-0.0280097
0.0242542
0.0115289
0.0322596
0.00306736
0.00307843
-0.00586242
0.0226693
0.0263139
-0.0326468
0.0270996
0.0124893
-0.000924692
0.00536297
-0.0372024
0.0422127
0.00927283
-0.0564729
0.0438032
0.0219633
0.0295811
0.00192549
0.00529387
0.0012847
0.000929984
0.000985729
-0.00861305
0.0208158
0.0145011
0.0404716
-0.0338567
-8.10245e-05
0.0845252
-0.00427526
-0.000282413
-0.0450051
-0.0640366
-0.0205673
-0.0100229
0.00226764
-7.64429e-05
-0.0016293
-0.0324556
0.00238021
0.00108705
-0.0470783
0.00668638
0.0624522
-0.0392997
0.0731968
-0.0836236
0.0312448
-0.00146149
0.0436544
0.00684133
-0.00569238
-0.00188579
0.00280276
-0.00390811
0.00158251
-0.000318123
-0.000834525
0.00130625
-0.0032466
0.00666268
0.0051744
-0.0180214
0.0467777
-0.0361928
0.0596245
0.00681725
-0.0315593
0.00166036
0.0198518
-0.0215992
0.000559686
-0.00230127
0.0301402
-0.0523805
-0.011911
-0.046963
0.0176008
-0.0384171
0.0368796
-0.0034609
-0.0231124
-0.0287912
-0.00145841
0.0284161
-0.0173311
-0.00945925
0.00179968
0.00513168
-0.00352959
-0.0022903
0.00152281
-0.00784129
-0.005766
0.00154596
0.000704267
-0.0053013
-0.00539464
0.00231015
-0.00173133
0.0250929
-0.0133221
-0.0147219
0.0022281
-0.000716267
-0.00890951
0.00161482
0.00169729
0.00318223
-0.00943457
0.00161851
-0.00366355
-0.00382512
0.00277015
0.0118696
-0.00716129
0.00141091
0.0185689
-0.0108185
-0.0100631
0.0300252
0.001667
-0.035289
0.00112913
0.00569495
-0.0375363
-0.0487288
0.00631919
-0.0162783
0.0465633
0.000103061
-0.000870643
-0.00362645
-0.00287605
0.00809877
0.00360058
-0.000792363
-0.00328306
0.000936477
-0.00285494
0.00476671
-0.00329812
0.0298266
-0.00628591
-0.00642207
-0.00313718
0.0282471
-0.0180619
0.0122699
-0.00502644
0.00192528
0.00174221
-0.0272388
-0.000880362
-0.00634843
-0.000969833
-9.19207e-05
-0.00343488
0.00268078
0.00162288
0.00144849
-0.00188227
-0.000441792
-0.0177191
-0.00134994
-0.0016813
-0.00646252
-0.00257775
-0.0141772
-0.0055939
-0.0189023
-0.00929009
-0.0181882
-0.0313744
-0.0399342
0.0209132
-0.00574061
-0.000372417
0.000616631
0.00997268
-0.114624
0.00194021
0.00166702
-0.00627275
-0.0275866
-0.00118376
0.00218803
-0.00606696
0.0310132
-0.0262264
0.0125445
-0.000487446
-0.0445804
0.000348612
-0.0307394
0.0338857
-0.0423308
0.0391161
-0.00419855
0.0183648
-0.0512052
0.00360981
0.0820491
-0.0589135
-0.0247334
-0.0263153
-0.0694791
-0.00982469
0.00528074
-0.00349818
-0.0201402
0.00379246
-0.000122433
0.0115033
0.00522004
0.0222427
0.0167697
0.00626574
-0.00100121
0.000619148
0.000696712
0.00199028
-0.00179644
0.0330823
0.0114872
0.000770201
-0.0628904
0.0247359
-0.00943483
0.00375627
0.0195184
0.0138735
0.00251399
-0.00346182
0.0443652
0.0107225
0.00481925
-0.00611115
-0.00811086
-0.0110447
0.00320119
-0.0012927
0.000695561
0.00196727
0.000616091
-0.0131984
-0.0472379
-0.00140618
0.000838273
-0.0384533
0.00287714
-0.0012094
-0.000337246
0.000967385
0.00272106
-0.00362697
0.000855766
-0.00249036
0.00229119
-0.00205169
0.025279
0.00425014
-0.0555484
0.0313536
-0.000161856
0.00176731
-0.005405
0.00398225
0.00333523
0.00117079
-0.0040935
-0.00896346
0.0146811
0.00457756
0.00521942
-0.00172325
-0.00182752
0.000275403
0.000548256
0.000188136
-0.0326293
-0.0655616
0.0409474
0.00104148
0.0028056
-0.0544065
0.0030861
0.000397958
0.00218398
0.0834162
0.000987816
0.0207847
0.0425109
-0.00986714
-0.0127777
0.0228364
0.00164088
-0.013492
-0.00763901
0.0051345
-0.0268133
-0.063052
0.000601991
0.0072673
-0.00604153
0.0039338
0.000502502
0.0102568
-0.0263567
0.0371964
0.0456702
-0.0491254
-0.00365901
0.0140586
0.012851
4.93406e-05
-0.0266524
-0.00535573
0.000883732
0.00727267
0.0086912
0.0100104
-0.0309675
-0.00158582
0.000691526
-0.029506
0.003712
0.010943
-0.00323976
0.00410988
0.000113933
-0.00968659
-0.00480226
0.0253406
0.0286889
-0.0467209
-0.00267456
-0.00100849
0.00319547
7.80849e-05
-0.0012039
-0.00141126
0.000601945
0.000865233
-0.00257132
-0.00113314
-0.0144116
0.0234032
-0.00964858
0.0586082
0.0030683
-0.00365568
)
;

boundaryField
{
    outlet
    {
        type            calculated;
        value           nonuniform List<scalar> 0();
    }
    walls
    {
        type            calculated;
        value           uniform 0;
    }
    inlet
    {
        type            calculated;
        value           nonuniform List<scalar> 0();
    }
    model
    {
        type            calculated;
        value           uniform 0;
    }
    procBoundary4to1
    {
        type            processor;
        value           nonuniform List<scalar> 
43
(
0.0431579
0.035458
0.0471614
0.0454225
0.0581829
0.0560218
0.0239681
0.0308271
0.0360888
0.0445502
0.0439549
0.0542861
0.0190111
0.0327591
0.0309505
0.0542765
0.0470862
0.046518
0.0608028
0.0179114
0.0446165
0.034137
0.0389895
0.0698136
0.0968338
0.0794637
0.0565977
0.0194326
0.0478548
0.0445542
0.0660378
0.0545692
0.0482162
0.0341966
0.00226091
0.0245148
0.0262616
0.00386693
0.035167
0.0329066
0.0562806
0.0482737
0.0433387
)
;
    }
    procBoundary4to2
    {
        type            processor;
        value           nonuniform List<scalar> 
118
(
0.0186275
0.00377845
0.00411489
0.00873575
-0.000275543
-0.000465206
0.00492786
0.00519699
0.00139473
0.00244594
0.00750693
0.0192784
0.0114907
0.00108518
0.000210114
0.0121458
0.00387451
0.0049719
0.0196435
0.00792834
0.00178466
0.010421
0.00402384
-0.0123896
0.0295821
0.00785597
0.0409762
0.000293881
0.00545416
0.000973908
0.00230988
0.002175
-0.021293
0.0036276
0.00706992
0.00479675
0.00832865
0.0117199
0.0284158
0.0024688
0.00424581
0.00966074
0.00862812
0.0169535
0.00372669
0.000668932
0.00249761
0.0013737
0.00231761
0.00436357
0.00744612
0.0152333
0.017287
0.00625138
0.00161763
0.00838689
0.00609472
0.00736076
0.00538529
0.00268637
0.00590969
0.00314415
0.00642674
0.0035739
0.000176315
0.0031468
0.00206285
0.00226809
0.00485556
0.00279909
0.00166494
0.0190593
0.00186153
0.00813935
0.0109794
0.000760035
0.0144305
0.00556657
0.00944627
0.00523639
0.00400984
0.00574948
0.00159289
0.00788101
0.00699659
0.0129795
0.00878125
0.000519516
0.0137791
0.0032471
0.00746211
0.00266406
0.00786726
0.00809159
0.00764641
0.00610892
0.00465097
0.00319524
0.00135091
0.0035501
0.00326049
0.00398273
0.00102469
0.00812389
0.000654774
0.00132203
0.00682505
0.032101
0.00639033
0.00249787
0.00810642
0.00352516
0.000849983
0.00225158
0.00241007
0.014154
8.14061e-05
0.00344988
)
;
    }
    procBoundary4to3
    {
        type            processor;
        value           nonuniform List<scalar> 
176
(
-0.0979346
0.0206999
-0.00635328
0.00879942
0.00966434
-0.0826562
-0.130515
0.000201189
-0.10465
-0.0483398
0.00268438
0.00344633
0.00418736
0.00456502
0.015404
-0.0447489
-0.0888617
-0.000280591
-0.0804398
-0.00293281
-0.000620016
0.00448811
7.21002e-05
-0.00219528
-0.000222913
-0.000261927
-0.000753651
-0.000803099
0.00672328
0.00225142
0.00703347
0.00551934
0.0580605
0.00323827
0.0100085
-0.00116917
-0.0105261
-0.000188456
0.00244201
-0.000212231
0.00338973
-0.000142524
-0.000437532
-0.000161636
-0.000152273
0.00370606
-0.00174541
0.00135524
0.00417221
-0.00470423
0.0111509
0.0036668
1.94419e-05
-0.000357005
0.00851293
0.0114385
0.0202046
-0.0712938
-0.0643788
-0.183537
0.00251561
0.0014854
-0.000564598
-2.85129e-05
-0.00206291
0.00124295
-0.000682135
-0.0835103
-0.0792052
0.0126511
0.000383219
0.00363194
-0.00146638
-0.000402799
0.00199946
0.000611257
0.00182078
0.000748422
-0.00010827
0.0020639
-0.000386985
-0.0641342
-0.000108164
0.00341079
0.00642582
-0.00496347
-0.00136839
-0.000889239
0.00428827
-0.00449964
-0.00700643
0.00118676
-0.134674
0.00514628
0.0288564
-0.0826402
0.0213399
-0.0646276
-0.0908795
0.0234788
-0.000604916
0.00389137
-0.000853832
-0.000536149
0.00566113
0.00217835
-0.0769388
-0.0771383
0.0462394
0.0342588
-0.000601123
-0.00124322
0.0283108
0.0200728
0.0018025
0.00198957
0.00021919
0.00605385
-0.000961404
0.0175086
0.0038265
0.00495963
0.00315947
0.00400069
0.000454473
-0.0546219
-0.122107
-0.100188
-0.116073
0.0144745
0.0169418
0.00334176
0.0136273
0.0212245
-0.000557631
0.0101806
0.0046679
-0.000364418
0.00241672
0.0020105
-0.00160939
-4.00514e-05
0.0150274
0.000570074
0.000872311
-0.00229452
-0.090326
-0.0740777
-0.0993379
-0.0982201
0.000516373
0.00856171
0.00869257
0.0232119
-0.000346246
0.000811844
-0.00051662
0.00490115
-0.000149043
-0.0649887
-0.00292462
-0.0644164
0.0044836
0.00108309
-0.000953751
0.0277553
0.0260556
0.0321203
-0.000825415
0.0445589
0.0147761
-0.135833
0.0126444
0.00326225
-0.0544457
0.00931743
)
;
    }
    procBoundary4to5
    {
        type            processor;
        value           nonuniform List<scalar> 
222
(
0.00652038
-0.00748833
0.00571783
0.00104492
0.00289442
0.00760494
-0.00105311
0.00718101
-0.000983406
0.0047275
0.00284802
0.00887873
0.0309271
-0.00980559
0.0155356
-0.000182008
-0.000592086
-0.00110814
0.000916616
-0.00973428
0.0101561
-0.000812564
-0.0012867
0.00703854
0.00619398
0.00422398
0.00019404
0.00186468
0.0130724
0.00293386
-0.000161197
0.00540658
0.013499
0.00876379
0.00129286
0.00237998
0.0080277
0.0581057
0.000320264
0.00578038
-3.08197e-05
0.000465636
0.00552591
0.00727379
0.0150973
0.00031226
0.00232685
0.0117186
0.00191993
0.00243898
0.00282241
0.00101728
0.0240813
-0.000814062
0.0439733
0.00345763
0.000614708
0.0010659
0.0052154
0.00179662
0.0443261
0.0109868
-0.00109738
0.000625854
0.0245051
0.00717953
-0.000369041
0.0117546
-0.000427806
-0.006147
-0.00021261
0.00165512
0.00283572
-0.00290309
4.03371e-05
-0.00160845
-0.00182604
0.00700893
0.00313682
0.000189035
0.0102267
0.00245558
-0.000319521
-0.00171214
0.000500129
-0.000379275
0.000561085
0.000334933
-0.00708994
0.00336258
0.00432316
0.0026879
0.00141505
-0.000441465
0.00914392
0.00264086
0.00182645
0.00146838
0.0102023
0.0165359
0.00132737
0.0020679
0.0025677
-0.00458668
0.000191981
0.00476468
-0.0181884
0.00799236
0.000545
0.0022518
0.00101143
0.00180521
-0.000544484
0.00700788
-3.36245e-05
-0.00057448
0.0128986
0.00468398
0.000609653
0.0114978
0.00466037
-0.0103511
0.0114609
-0.000199631
0.00210557
0.00370914
-0.000387698
-0.00162209
0.0124054
-0.000366831
0.00495694
0.00269052
0.00258609
0.0381161
0.00425259
0.00758885
0.00522908
0.0114338
0.002871
-0.000262943
-0.0043401
0.00914732
0.0071595
0.00436741
0.00824828
0.00355925
0.000894399
0.00125047
-0.00137698
0.000876878
0.00910916
0.000504893
0.00101109
-0.00507826
0.000625343
0.0010342
0.00163657
0.00550283
-0.000517252
0.00533501
0.00112995
0.00298838
-0.000592242
0.00773319
0.0162941
0.00584508
0.00152455
0.00262908
0.00133008
0.0283367
0.0149174
0.000274636
0.000693182
-0.014278
7.03815e-05
-0.000525679
-0.00220605
0.0410193
0.000320665
0.012272
0.0249643
-0.000430353
-0.00343093
0.00110437
-0.0116734
-0.000604837
0.025821
-0.000366316
0.000106269
0.00171161
0.0338523
0.000113696
0.000769013
0.00788311
-0.0364287
0.00410078
-0.000988206
0.000741385
-4.0838e-05
-2.16197e-05
-0.00115485
0.000880072
-0.0031306
0.00300554
-0.00333269
0.00359438
0.00489949
0.00267582
-0.00041946
-0.000297385
0.00270505
-0.000169293
0.00647871
0.0108703
0.0219363
0.0352294
0.000829112
0.00732361
0.00360956
-0.000969071
0.00202813
-0.000335814
)
;
    }
    procBoundary4to6
    {
        type            processor;
        value           nonuniform List<scalar> 
32
(
-0.0158457
-0.0978599
0.00807112
-0.014132
-0.0338548
-0.0163596
0.00850218
-0.0380391
-0.0525373
-0.0592465
-0.0139998
-0.0702122
-0.127833
-0.0567192
-0.043728
-0.0447528
-0.0288792
-0.0206619
-0.0354186
-0.13662
-0.0131207
-0.11418
-0.0236594
0.00785235
-0.108172
-0.0110698
0.0192268
-0.0291395
-0.0805847
-0.0585398
-0.165109
-0.0163993
)
;
    }
    procBoundary4to7
    {
        type            processor;
        value           nonuniform List<scalar> 6(0.0348624 -0.0224244 -0.0415299 0.00861906 -0.021983 0.0287931);
    }
}


// ************************************************************************* //
