/*--------------------------------*- C++ -*----------------------------------*\
| =========                 |                                                 |
| \\      /  F ield         | OpenFOAM: The Open Source CFD Toolbox           |
|  \\    /   O peration     | Version:  2506                                  |
|   \\  /    A nd           | Website:  www.openfoam.com                      |
|    \\/     M anipulation  |                                                 |
\*---------------------------------------------------------------------------*/
FoamFile
{
    version     2.0;
    format      ascii;
    arch        "LSB;label=32;scalar=64";
    class       surfaceScalarField;
    location    "0.0817324";
    object      phi;
}
// * * * * * * * * * * * * * * * * * * * * * * * * * * * * * * * * * * * * * //

dimensions      [0 3 -1 0 0 0 0];

oriented        oriented;

internalField   nonuniform List<scalar> 
7426
(
0.00138459
-0.000553952
-0.00598351
0.00515287
0.00591494
0.000299602
-0.00205423
0.0291152
-0.0190547
-0.00800625
0.000167833
2.61083e-05
-0.000146666
-4.72753e-05
0.000330065
-0.000754855
-0.000491442
0.000916231
0.00085331
-0.000356418
-0.000166827
9.12474e-05
-9.98202e-05
0.00080246
-0.000793887
0.000380075
0.000139917
-0.000296543
-0.00022345
-0.000277914
0.000493439
0.000374004
-0.00058953
-0.000419035
0.000263849
-0.000491004
0.00064619
0.000343133
-0.000219757
-0.000123377
-0.00112974
2.94252e-05
0.000557511
0.000542807
-0.0053961
-0.0448113
0.00375155
0.000686022
-0.000186841
-0.000760682
0.000261501
0.00536532
-0.0533308
0.0309954
0.00269706
-0.0416199
0.00792741
0.00138322
-0.00584489
0.0160404
-0.0115787
0.00810938
-0.00561808
-0.0096164
0.0071251
-0.00481072
0.0156304
-0.00271034
0.000189473
0.0592239
-0.0585831
-0.000830319
-0.00484639
0.00755162
-0.0102661
0.00756082
0.00107954
2.66475e-05
0.000798218
0.0227017
0.0100752
-0.00141534
-0.0313615
-0.00099264
0.000520928
0.00155125
-0.0458191
-0.000179048
0.0459982
-0.000469152
0.000344872
0.00102143
-0.000897153
-0.000210353
-0.00138854
0.00215717
-0.00120848
0.000239181
-0.00118786
0.000534689
0.00194671
0.00207079
-0.00177994
0.00024384
-0.00193583
0.000994328
0.000970929
0.000295658
-0.000284781
0.000262415
0.00210404
0.000294558
-9.56707e-05
0.000654423
0.000187023
-0.000650128
0.000757663
-0.000125133
0.0010037
-0.00114107
-0.00130875
-0.000175832
-0.000534725
0.00201931
-0.000569923
-0.000271002
8.58517e-05
0.000281286
-9.61352e-05
0.00312696
0.000673151
-0.00215532
-0.00164479
-0.000265157
0.000326244
-6.10877e-05
0.00146992
-0.0744092
0.100726
8.63105e-05
-0.000275144
-7.63233e-05
-5.51666e-05
-6.90055e-05
0.000450416
-0.000327748
0.000490883
-0.000218302
-6.49627e-05
-0.000176475
-0.0148934
0.0448743
-0.0220221
0.00176836
0.000108604
-0.00154333
-0.000333632
-0.0750724
-0.0105096
0.0299042
0.0556778
-0.000455538
0.000160521
0.000300748
-5.73168e-06
0.000636817
-0.000390363
0.000273911
-0.000520364
-0.00028559
-0.000758735
0.00108942
-4.50903e-05
-0.0343287
0.000153251
0.034434
0.0239712
-0.0760781
0.0176729
0.000105344
-0.0370114
0.000162902
-0.0231362
0.010096
-0.138402
0.0191048
-0.0109743
-0.000384365
0.0030063
0.00234772
-0.00496966
-0.00129987
0.000448928
-1.81064e-05
0.000869044
0.000688398
0.00327968
-0.00227838
-0.00168969
-0.000663946
-0.000259357
0.000923303
0.0113867
-0.0170816
-0.00126975
0.00696461
0.0054854
0.00340465
-0.00751074
0.0015337
-6.64347e-05
0.0295282
0.00187063
0.0785731
-0.0385021
-0.0419417
-0.00836574
-0.00514019
0.00240611
0.0110998
0.000377717
0.00185616
-0.0027862
0.000552331
9.54806e-05
-0.0032504
-0.00226145
0.00541636
0.00445831
0.000427655
0.129813
0.0363741
-0.145747
-0.02044
-4.00838e-05
0.00130315
-0.00154866
-0.000108504
0.000874926
0.00314123
-0.00390765
0.000979139
-0.000572285
0.000230654
-0.000637508
0.0113517
-0.00639805
-0.000210803
-0.00474284
-0.000647637
-9.79566e-05
0.000838077
-9.24837e-05
0.0397144
0.0184681
-0.000231962
0.00232512
-0.00194887
-0.000144287
-0.000102327
0.000421454
-0.000286233
-3.2894e-05
0.000198985
-0.00185919
0.00144222
0.000217986
-0.000373804
-0.00010228
0.000927783
-0.000451699
0.000121358
0.000673995
-0.000607455
-0.000187898
0.00266621
-9.10887e-05
-8.62557e-05
-0.000852229
-0.00158193
0.00252042
9.97033e-06
-8.03193e-05
-4.80152e-07
7.08291e-05
-0.000103791
-0.000893027
0.000312787
0.00253041
0.00400084
-0.00421544
-0.00164856
-0.00434738
0.00630112
-0.000305172
0.00135177
0.00312552
-0.00107154
-0.00340576
-2.80237e-05
0.000822361
-0.000369651
-0.000424686
0.00172446
0.00643561
-0.00739129
-0.000768785
-0.000773852
0.000613681
0.000376776
-0.000216605
0.0017689
0.000519685
-0.0101321
0.00784351
0.000224414
0.00129115
-0.00147167
-4.38902e-05
0.0125394
0.00291802
-0.00916279
-0.00629467
-0.00479423
0.0111163
0.0163796
0.0552308
-4.83655e-05
0.07653
-0.00108861
-0.00237146
-0.00315237
0.00413187
0.00139195
-0.0011054
0.001615
0.00166164
-0.00217124
0.053577
0.0105788
-0.00545595
0.00104631
0.000437032
-0.00139311
-9.02276e-05
-0.0546658
-0.0963396
0.106194
-0.00237551
0.00173181
-0.0117841
0.0124278
0.000106864
-0.000358063
0.0014195
-0.0011683
-0.00435274
0.00194346
-0.00695564
0.00548345
0.000346333
0.000281058
-0.000287223
-0.000340169
0.000440587
-9.42531e-05
0.000165443
-0.000363945
0.000464425
-0.000436649
0.000353763
-0.0332733
0.0135491
-0.05699
-0.00559101
0.0032683
-0.0410055
0.0433282
-0.000358195
-0.000266267
0.000624462
-0.000492974
0.000309401
-0.000174621
0.000318764
0.000112627
0.000295106
-0.000726497
0.000537437
0.00149328
-0.00268474
0.00065403
8.73314e-05
0.000123584
-0.000324889
0.000113974
-0.000244119
0.000562883
-0.0186489
0.0165285
0.0167953
-0.0146749
-0.000299956
8.10628e-05
0.00228708
0.00203202
-0.0035276
-0.000791493
-0.0104717
-0.00917861
0.00894516
0.0107051
-0.00094693
0.001286
0.000130901
-0.000469969
0.00714206
-0.000259191
0.000331093
0.000488929
-0.00510863
0.00504736
4.56362e-05
0.000137674
-0.000405604
0.000176946
-0.00013131
0.00190183
0.000832829
-0.00219722
0.00361916
-0.000435083
0.000327586
-0.00351166
0.00037885
-0.000546373
0.000795188
-0.000627665
0.000371226
0.000228428
0.000127391
-0.000727044
-0.0383753
0.000268932
0.0055906
0.0325158
-0.0182509
-0.0103405
0.0166313
0.0119602
0.0134899
0.0152163
-0.00984832
-0.0188579
-0.00239961
-0.00136228
0.00223462
0.00152727
0.000420091
-0.000335351
0.000286485
-0.00163818
-0.013293
0.0268396
-0.0119084
0.00153013
0.000905361
-0.00129194
0.00176956
0.00334287
0.00426724
-0.00311241
0.00458116
-0.00573599
0.000286
0.000693716
0.00149206
-0.00247178
-0.0131062
0.0219851
0.00270281
-0.0115816
0.00497872
-0.000640802
0.000269975
-0.00460789
-0.056158
-0.0208042
0.0784321
0.000935782
-9.92241e-05
-0.00117529
-0.000628476
-4.92909e-05
1.60299e-05
0.000661736
0.0577366
-0.0542061
-0.000619493
-0.00291094
0.111608
-0.0496216
-0.0330865
0.0371418
-0.00514926
-0.0086977
-0.0232949
0.000353278
0.000484823
0.00298656
-0.00382466
0.0013859
-0.0020388
-0.000301959
0.000954853
0.00174179
-0.00771946
-0.00108071
0.00705838
-0.00420903
0.0174411
-0.00869911
-0.00453292
-0.000674885
-4.3369e-05
8.22331e-05
0.000636021
0.000451872
-0.00238075
0.0250359
-0.0303538
-0.000468578
0.00280411
-0.00210224
-0.0002333
-0.000363647
0.000458113
-9.44657e-05
0.00261676
-0.003144
0.000467348
0.000360864
-0.000227439
-0.000133425
-0.00102868
0.00253686
-0.00112894
-0.000379234
-0.00184871
0.00233764
2.62391e-05
-0.000340415
0.000244357
6.98194e-05
-0.00705552
-0.000697404
0.0103846
-0.00263163
0.00722158
-0.00438116
-0.000619993
-0.00222042
-0.0156646
-0.0157493
0.0238571
0.00755677
-0.00503336
-0.00787899
0.0216374
-0.00872506
-3.20087e-05
0.000221502
0.00109781
-0.0012873
0.00385977
-0.00309634
0.0034395
0.00788808
-0.0622991
0.0313517
0.0230593
0.00340055
0.000364251
-0.000327789
-0.00343701
-0.000346698
-7.30319e-05
0.00041973
-7.49468e-05
-0.000271751
-0.0339231
-0.00669551
0.0216249
0.0189936
-0.00260259
0.00283709
-0.018929
0.0186945
-0.000288825
6.79705e-05
-0.000199264
0.000420119
0.00317799
0.000892634
-0.00178354
-0.00654702
0.0258093
0.000280416
-0.0195427
-0.00138101
0.000845206
0.00161791
-0.0010821
-8.75969e-05
-0.000285089
0.0165835
-0.0322116
-0.018295
0.000358357
-0.000410713
0.000176107
-0.000123751
0.00185457
0.00171696
-0.000444569
-0.00214072
-0.0020531
0.00469839
-0.000504577
0.0225503
-0.0344435
0.0160065
-0.00411341
-0.00448692
-0.000244576
0.00647328
0.0165356
-0.0173567
0.00320305
-0.00238197
0.00197667
-0.0118309
-0.000617399
0.00147456
0.00108624
-0.000658981
-0.000580236
-0.00225837
0.00487062
-0.0581856
-0.0054135
0.0256036
0.0379955
0.000210521
-0.0460296
-0.00136166
-0.000302469
0.0019443
-0.000280172
-0.000528325
0.000524399
5.25561e-05
-4.86303e-05
0.000363935
2.05901e-05
-0.000263167
1.47797e-05
-0.000208677
-0.000380177
0.000574075
-0.00176935
-0.0013171
0.0033954
-0.00030894
-0.000518225
-0.000579308
0.000266671
0.000830862
-0.000139279
-0.000648401
0.000922405
-0.000134725
0.00661749
8.94847e-05
0.00104921
-0.00065281
-0.00133559
0.000939182
-0.000622683
0.000242447
-0.000403174
0.00078341
-0.00132096
-0.00143334
0.00345597
-0.000701668
0.000625768
9.77135e-05
-0.000718316
-5.1657e-06
-0.00646787
-0.00852023
0.00995474
-0.000286759
-0.000366691
0.000813348
-0.000159898
0.0212105
-0.022166
-0.00109875
0.000432303
-0.00182161
-0.000681812
0.00207112
-0.000525253
0.000310592
0.000332179
-0.000117518
0.00484249
-0.00536516
-0.00024324
0.000765911
-0.00101335
-0.000198074
0.000751756
0.0571246
-0.00365777
-0.00024445
0.00122107
-0.000649614
-0.000327007
0.000441297
-0.000324506
-0.000116791
-0.0118474
-0.00230505
0.126263
-0.11211
-0.0126028
0.0104076
0.0024351
-0.000239891
0.00166125
-0.00236328
-0.00135415
0.00205618
0.000107532
0.00026911
0.000151782
-0.000528423
0.000468396
0.000881318
0.000628517
0.000258524
0.000246694
0.00101648
-0.00125331
-9.86012e-06
-0.000813001
0.000772935
-0.000755275
-0.000908962
0.00073641
0.000927827
0.0090872
0.00451815
-0.00682874
0.0143523
-0.00228541
-0.00484529
0.0481462
0.0146908
-0.0574259
-0.00541105
-0.000164898
0.0537419
-0.00845593
-0.0471098
-0.0510891
0.0515403
-0.00457463
-0.0363868
-0.0542548
-0.00041106
0.0358848
-0.0273794
-0.00305562
-0.00544973
0.00302472
0.000663203
-0.00406104
-0.0119799
0.0207184
-0.0106448
0.00190632
0.00375764
-0.00342575
-0.00560806
0.00541157
0.00215666
0.000651192
0.0048545
0.000210544
0.00292637
-0.00248572
-0.0033277
-0.000450663
-0.0018297
0.00742947
-0.00287465
0.00083151
-5.14886e-06
-0.00103986
0.000213504
-1.77085e-05
0.00550181
-0.00172646
0.00153756
-0.00274528
0.00203923
0.000201707
-0.000467975
-0.000170079
-0.000272042
0.000114313
0.000327808
0.00753625
-0.00571089
0.000331305
0.00680847
0.00272985
-0.00200207
0.000433023
-0.00190234
0.00827779
0.000321926
0.000169838
0.0010458
-0.00145592
0.00218469
0.000556405
-0.00128518
-0.00893555
0.00763805
0.00587359
-0.00457609
0.00337446
-0.00367567
-0.00249664
0.00279784
-0.0010705
0.00442726
-0.00153175
0.00640082
0.000632741
-0.00335007
0.000772684
-0.000167892
0.000154915
0.000480086
-0.000313074
-0.00290248
-0.00399412
0.00274239
-0.000280018
-0.000876202
0.000700975
0.000228683
-0.000159143
-0.000945742
-0.000866081
0.000348389
8.31602e-06
-0.00403237
0.00393982
-0.00146412
0.000971321
-0.0022193
-7.54187e-05
-0.00105536
-0.00286533
0.0034146
0.000223416
-0.00206081
-0.000371775
0.00312098
0.000901813
0.000874013
-0.00427246
0.00559379
-0.00603082
-0.00093832
-0.000682933
-0.000598047
0.0109813
-0.000613353
-0.00570034
0.00994252
-0.00783059
0.00358841
-0.010754
0.00829329
-0.00542732
-0.00443529
0.0157362
-0.0102638
-0.00167544
-0.00125058
-0.000438383
0.0116315
-0.00240127
-0.0034041
-0.00167945
0.0031812
0.000353765
-0.00575993
0.002494
-0.00204681
0.0087586
-0.00171589
0.000496941
-0.00161504
0.00128794
-0.10138
0.0986656
0.00313908
-0.0058853
0.00834001
0.00241537
-0.00296948
0.00168747
-0.103068
-0.000715945
0.00263961
-0.000826693
-0.00574062
-0.000841759
0.0020063
0.00779329
-0.00185637
-0.000680627
-0.0141991
0.00950859
-0.00491019
0.00960069
9.03027e-07
-0.000500525
0.000254352
0.00024527
-0.000651856
7.35777e-05
0.000579181
0.000632825
-0.000431117
0.000337239
0.000415095
0.000641765
-0.00105686
-0.0013522
0.00082898
-3.11729e-05
0.000323829
0.000608195
-0.000649363
0.000353975
0.000700968
-0.000457652
-0.00059729
-0.000718797
-0.000396486
-0.000137908
9.45498e-05
-0.000134374
0.000113935
-0.000315403
0.000527997
0.000786698
-0.000999291
-0.000622334
0.000418184
0.000916125
-0.000711974
-0.000439271
-0.000902422
0.000719358
-0.0011872
0.000432524
-0.000992725
0.00193891
-0.00134806
0.00258314
0.000730129
-0.0019652
0.00281135
-0.00345889
-0.000700518
0.0024213
0.00325179
-0.00286175
0.00519804
-0.000193604
-0.00032308
0.00373303
-0.00436266
0.0014661
-0.000836465
-0.000424086
0.0056452
-0.00148808
-0.000641365
-0.0012422
0.0017973
-0.00133623
-0.000759797
0.00145466
-0.000790891
-0.00119343
0.000742127
0.000154238
-0.00228136
-0.00280431
0.00372129
-0.00199667
0.00107969
7.32973e-05
0.00244056
0.000662612
-0.00317647
0.00310021
0.000560328
-0.000194533
8.69156e-06
0.000502908
-0.000317067
-3.35652e-05
5.00384e-05
2.71892e-06
-1.91922e-05
-0.000545692
0.00204309
-0.000377783
-0.000524184
-0.00132137
0.000192009
0.000858729
-0.00251486
0.00166669
-0.00200986
0.0015287
-0.00118553
0.000819461
-0.00172363
-0.000801785
0.00170596
6.46275e-06
0.0035069
-0.00100267
-0.00251069
0.00277532
-0.0019494
-0.000723787
0.00239262
-6.66128e-05
-0.00160222
0.00245284
-0.00319334
2.48668e-05
0.000715636
0.00174704
0.0011347
-0.000428904
-0.00331898
-0.000740169
0.00399502
6.41292e-05
0.00213097
-0.00160012
-0.00039296
-0.000137893
0.000431839
-0.000279822
-0.00218347
0.00203145
-0.00114402
0.00336564
0.00023253
-0.00245415
-0.000545789
-0.00177577
0.00146933
0.00162353
-0.000515013
-0.00118062
7.21002e-05
0.00359996
-0.0011596
0.00277961
0.00128667
-0.000466323
-0.00583192
-0.000340749
-0.00186321
-0.00299107
0.00187051
0.00298378
0.00227993
-0.000389553
-0.00375359
-0.00121
0.000166893
-0.0019882
0.00303131
-0.00181225
-0.00125767
0.00185991
-0.000849187
0.00189239
0.00123673
-0.00714969
0.00333986
0.000333224
0.00347661
-0.00201245
-0.00127748
0.00306447
-0.00694053
0.00818602
-0.00430996
0.0373116
-0.00044322
-0.0130042
0.0190333
-0.0133015
0.0129454
-0.0274419
0.00737069
0.00712573
-0.000937138
-0.0122517
0.0283302
-0.0151414
0.0184127
-0.0221956
0.0205903
-0.0168073
-0.0153372
-0.0187329
-0.0118557
0.0459258
0.0347978
-0.0244826
-0.0520568
0.0417416
-0.0276955
-0.0258312
0.0883244
-0.0289605
0.0155683
-0.0143033
-0.0310833
0.0353282
-0.0195821
0.0394732
-0.0346397
0.012934
-0.0177675
0.0437649
-0.0281318
0.0214765
-0.0371096
-0.00851441
-0.00713949
0.0594188
0.00109219
0.0395715
-0.0636172
0.0229534
0.0389128
-0.0580839
0.0202633
0.00123497
-0.000255051
0.0022411
-0.00322102
0.00322648
-2.85621e-05
-0.00196295
0.000542149
-0.00271058
0.000356184
0.000551312
-0.000725031
0.00017372
0.000693364
-0.000142052
0.000377865
-0.000220018
0.000535517
0.00210855
0.000264223
-0.000986873
-0.000838612
0.000901281
0.000961424
-0.00102409
0.000398074
0.000871866
0.0011173
-0.000541405
0.000636338
-0.00121223
-0.000801531
-0.000509052
0.00149743
-0.000186843
-0.00106484
0.00188341
-0.0016201
-0.0150169
0.00815267
-0.00879522
0.000692807
-0.00691447
0.0156751
0.0029181
-0.0166905
-0.00190269
-0.0102017
-0.00958728
-0.0131559
-0.0113416
0.0340847
0.016163
-0.038358
0.00278812
0.0194068
0.000603798
0.000744872
0.000445261
-0.00179393
-0.00122293
0.00035047
0.00147626
0.000120059
-0.000681504
1.46873e-05
0.000546758
-0.000781059
-0.00156291
0.00256834
-0.000224372
-0.000706032
-0.00201992
0.00163015
0.000786816
-0.00205655
-0.00107378
0.00202323
0.0011071
0.000537873
-3.42141e-05
-0.00210378
-0.000782701
-0.00119729
-7.65599e-05
-0.000495235
-0.00121021
0.000666634
0.00103881
-0.00264864
-0.00777208
0.0113843
-0.000963563
-0.0096316
-0.00202108
0.00900404
0.000872405
-0.00831629
-0.00218772
-0.000128254
-0.00677142
0.00611014
-0.000674494
0.00594864
0.000621387
0.000325135
0.000727921
-0.00167444
-0.00175918
0.000374505
0.00192255
0.0028479
0.00296261
-0.00442065
-0.00138985
-0.00125325
-0.000729828
0.00122326
0.000759818
0.0015253
0.00203908
-0.00145232
0.00160958
0.00123697
-0.00274259
-0.00010397
0.00309061
0.00113573
-0.000181688
-0.000804406
-0.000388844
0.00137494
0.000806078
-0.000707356
-0.00028041
0.000903344
-0.00015345
5.61841e-05
-0.000272867
-0.000462513
0.000921266
-0.000809803
-0.00038433
-0.000830191
0.000947052
-0.000675629
0.00110081
0.000478161
0.00151077
-0.000354824
0.00131082
0.00065524
-0.00112635
-0.000137002
0.000213217
0.00105013
-0.00139055
0.000986721
0.000197185
-0.000134686
0.00140928
-0.00163548
0.00196151
-0.000826952
0.000500929
-0.00474777
0.00706935
-0.00774889
0.00220376
-0.00178254
-4.51407e-05
0.000104052
-0.000178551
-0.00631072
0.00381478
0.00267449
9.28868e-05
-0.000154024
1.29808e-05
4.81561e-05
-0.00240511
0.0109915
-0.00151707
0.00238508
-0.00174728
0.000195027
-0.000900628
0.00134713
0.00453222
0.00403529
-2.29617e-05
0.000400786
0.00111935
0.00108741
-0.00293658
0.000260576
0.000262625
-0.000523201
-2.72826e-05
0.000650773
-0.000245626
-0.000202521
0.000292236
-7.97448e-05
0.000855954
0.00126459
-0.00178114
-0.000339403
0.00166233
-0.00140264
-0.000718057
0.000458373
0.00226274
-0.000151986
-0.00211076
-0.0556109
-0.0461068
0.0108077
0.0243551
-0.0088383
0.00101874
-0.00107694
-0.000133028
-7.78858e-05
0.00128785
-0.00719696
-0.00374809
-0.0428716
0.0421267
-0.00645201
0.000929349
0.000943996
-0.00297874
-0.000271125
0.000396378
-0.00013765
1.23977e-05
0.00423107
0.00869096
-0.00547578
-0.00744625
0.0019877
-0.00349317
0.000839999
0.000665468
-0.000805294
5.60396e-05
0.000385607
-0.00164164
0.000377312
0.00122425
-0.000770526
-0.000191171
0.000333222
-0.000136455
8.65112e-05
0.000127224
-7.72806e-05
0.000416818
0.000793977
-0.000159434
-0.00105136
0.0323609
-0.0255838
0.000181008
-0.000130073
0.000116898
0.00462072
-0.00264361
0.0196603
0.00417389
0.0346508
-0.0388247
-0.00725841
0.0199819
-0.00931057
-0.000556769
-0.000315575
-0.00118085
0.0020532
-0.00137125
0.00440304
-0.00243046
-0.000601329
0.00239882
-0.0021874
0.00102555
0.000783131
-0.000210116
0.00818558
-3.39106e-05
0.000339775
6.43061e-05
-0.000370171
-0.000441103
0.000727588
-0.000313768
-0.0575266
0.000407523
0.0571191
0.00886781
0.000173348
0.000500576
-0.00954173
-0.000242715
0.00235025
-0.000689542
-0.00141799
-0.00032559
-6.3929e-05
0.00958321
0.00247374
-0.00871709
0.00266629
-0.00186886
0.000118778
-0.000615709
0.00049693
0.00138225
0.000173193
-0.00465178
-0.0039153
0.00692662
-0.000274765
0.000281319
0.000413513
-0.00044687
-0.000247962
0.000287779
-0.000466441
0.000273845
-9.51826e-05
0.00159232
-0.00230137
0.000453995
-0.0855821
-0.00802771
0.0704736
-0.055616
-0.0188386
0.000844106
0.0736105
-0.00122139
0.00191682
-0.00213311
0.00143767
0.000671813
-0.00105065
0.000219698
0.00316729
-0.000147623
-0.00241232
-0.00060734
0.000361424
0.000708529
0.000499965
-0.000600774
0.000164423
0.000884279
-0.000447927
-0.00484908
-0.0181938
-0.016145
0.0247516
0.000191992
0.0140444
-0.0102357
-0.00400069
-0.00160327
-0.0061703
0.00733518
-0.000437289
-0.000704568
0.00102276
0.000119094
1.21063e-05
3.20551e-05
-1.84411e-05
-2.57203e-05
0.000384271
-0.000266915
0.00651466
0.000122156
-0.00901233
4.28354e-05
-0.000117725
-7.17761e-05
-0.00982916
-0.00246972
0.00946625
0.00283263
-0.00646893
-0.00533315
0.00197293
-0.00367953
-0.0065041
0.0117758
-0.00159219
6.50137e-05
-0.000263088
0.00240843
-0.000158734
0.000595439
-0.00284513
-7.31344e-05
7.05102e-05
3.48656e-05
-3.22414e-05
-0.00421018
0.00903679
-0.00850614
0.000287296
0.0604739
-0.039022
-0.0217391
0.00139727
0.000562052
0.00852295
-0.0104823
0.0182188
0.00503524
-0.0121672
-0.0110869
-0.00434626
0.00439881
-0.00614038
0.00608783
0.0654177
0.00900025
-0.0355052
-7.66356e-06
-0.00902954
-0.00502195
0.013732
-0.0576171
0.088136
0.0528941
0.00134213
-0.073561
-0.00482696
-0.00131761
0.00433125
0.00181331
-0.000115042
-0.00323522
-0.00166624
0.0050165
-0.000613647
0.00134116
-5.49089e-05
-0.000672604
0.00315363
-0.0101497
-0.000104069
0.000496988
-0.000632997
0.000240077
0.0658078
0.0066003
-0.0765833
0.00417529
0.0216605
0.033895
0.00751535
-0.0630708
0.000273644
-0.000386685
0.000793368
-0.000680327
-0.00338275
0.00507951
-0.0040805
0.00238374
7.23636e-06
0.000640698
-0.000438741
-0.000209193
0.00672602
-0.00634559
-0.00278554
0.00145866
0.00128033
-0.0010723
0.0016472
0.00147478
-0.00465445
0.00153247
-0.00554447
0.0043605
-0.000419296
-0.000346634
0.0010049
0.000934055
0.00177779
0.00112386
0.000347445
-0.0032491
-0.000792061
-0.000229971
0.000501969
0.000520063
0.000269854
0.000295425
-0.000555012
-5.68599e-05
0.0012268
-0.000614932
0.00131754
0.00149888
-0.00191837
-0.000898055
0.000228749
-0.000521735
0.000554885
-0.000261899
-0.00186992
0.00120673
-0.00163843
0.00110052
-0.000588438
-0.00133461
0.00208727
-0.0012564
0.000503738
0.000899786
-0.00176543
0.000519014
0.00221618
0.00152542
-0.0026958
-0.00830483
-0.000991016
0.0153018
-0.00600595
-7.42411e-05
0.000129988
-0.000181498
0.000125751
-0.000333936
-0.00162475
0.00134504
-0.000180905
0.000327337
-0.000453205
0.000306773
-0.000566486
-0.000355646
9.19402e-05
-0.00030679
0.00045134
-0.000585653
-0.00112465
-0.00107427
9.60341e-06
0.00218932
5.86141e-05
0.00199292
0.000987931
0.000595737
-0.000979144
-0.000604524
0.000225553
-0.00212502
0.00212287
-0.0026267
-0.000655665
0.00115949
0.00728951
-0.00235408
0.000506863
-0.00544229
-0.000405918
0.000584409
0.000279947
-0.000458438
0.000502215
0.000261572
-0.000586895
-0.000176891
0.00285538
-0.00247202
0.00142918
-0.00055944
0.000590005
-0.00102329
0.0003174
8.28198e-05
-0.00050004
-0.00297431
-0.00138398
0.00357723
-0.000990717
0.00205066
-0.00105994
0.00290162
0.000251243
-0.00297854
-0.00017432
-0.000147918
-0.000646426
0.00364224
0.000358662
-0.000210273
-0.000422234
0.000273845
0.00136832
-0.000523648
-0.000681751
-0.000162919
-0.000177297
0.00428903
-0.00184934
-0.0022624
0.000169042
-7.29336e-05
-0.00029634
-0.000178493
0.000407272
-0.000202582
-2.61976e-05
0.000677324
-0.000221331
0.000531938
0.00194988
0.0018594
0.000286594
-0.00409588
0.000974329
0.00177718
4.00146e-05
0.000806154
-0.000487811
0.000358634
1.38816e-05
-0.000684756
0.00031224
0.00742262
-0.00481614
-0.00598924
0.000568114
-0.000163888
-0.00092841
-0.00169398
0.00147654
-7.66798e-06
0.000225103
0.00145166
-0.00202433
0.000435672
-0.0152783
0.00570021
0.00758194
0.00199613
-0.00325855
0.00178728
0.00122979
0.000241482
-0.00207329
0.00349723
-0.00118873
-0.000235209
0.000158643
-2.09526e-05
-0.000704069
0.000566378
-0.00130286
0.00345858
-0.00352696
0.0052186
-0.00319643
0.0112482
-0.00274494
-0.00530687
0.00440756
-0.00475678
0.00831541
-0.0079662
0.00155617
-0.00454938
0.000665304
0.00232791
0.000846362
-0.00145593
0.000671888
-6.23221e-05
-0.00041279
0.00116468
-0.000373037
0.000309858
0.000176328
-0.0007641
-0.000296977
0.00111209
-0.000775101
0.000274594
-0.000374521
6.60158e-05
-0.000275874
-9.99593e-05
-0.000132642
9.46549e-05
0.000137946
-0.000147212
0.000199915
-0.000107647
0.000252852
0.00321724
-0.0312591
0.0517989
0.0365848
-0.00299235
-0.000288394
0.00530916
-0.00202842
-0.00590958
0.00588895
0.000837679
0.0147681
0.00285994
-0.0111134
-0.00408879
0.00880416
-0.00560663
0.000891248
-7.59831e-06
-0.000164117
0.000171715
7.15212e-05
-0.000383532
0.00136578
-0.00105377
-0.00142896
0.000660992
0.000742633
2.53395e-05
0.0128763
-0.0451896
0.0300256
0.00228767
-0.000432558
0.000593787
-0.000161229
-0.00355708
0.000826062
-0.0045821
-0.0304544
0.0284895
0.00607412
-0.00696471
-0.00157913
0.0125396
0.0458574
-0.0583969
0.000840315
0.000643659
-0.000701971
-0.000782004
0.00134143
0.00172626
-0.000565404
-0.00250229
0.00090434
0.000307157
3.77741e-05
-0.00124927
-0.00735465
-0.00806192
0.000961787
0.0144548
-0.00784824
-0.00463421
0.00542693
-0.0105011
0.00772381
-0.00022235
0.00299966
0.0145169
-0.00702041
-0.0106929
-0.0017669
0.00296472
-0.000341863
-0.00104833
0.00121736
-0.00465595
0.00373525
0.000493087
-0.00522851
0.00100017
0.0140478
-0.000672971
-0.00322138
0.000113224
-0.000167203
-0.000259199
0.000313178
0.000161267
0.000411545
0.000118263
-0.000691075
0.000582862
-0.000121878
-9.18434e-05
-0.000268297
0.000524248
-0.000678797
-0.000279512
0.000783546
0.000174763
-0.00150103
0.00114928
-0.000377957
0.000729706
0.000569773
0.000281077
0.00153423
-0.000103798
-0.000304522
1.79565e-05
-0.00105112
-0.000991744
0.00190358
0.00192855
0.000303204
-0.000914206
-0.000310559
0.000164372
-5.48299e-05
-0.0794014
-0.0409072
0.083323
0.0369855
0.0539625
-0.0414229
-0.000355816
-2.14233e-05
3.63772e-05
0.000340862
0.000298936
0.000173519
-0.000363226
-0.000109228
0.000194175
-0.000246682
-0.00071802
-0.0163443
-0.048867
0.00960043
-0.000424515
-0.00110304
0.000580621
0.00502724
0.051288
0.00142136
-0.00448809
-0.00145939
-0.00270867
0.00865615
-0.04257
0.0490126
-0.0364884
0.0300458
-0.000122589
0.000356809
-0.000168501
-6.57195e-05
0.000206454
-0.000255786
0.00028167
-0.000232337
-0.000478164
0.000573975
-0.000450335
0.000354525
0.00416505
0.00216431
-0.0105836
0.00425421
-0.0018247
0.00122024
-0.00108542
2.31144e-06
0.000259242
0.000823869
-0.00390131
0.00208099
-0.000289547
-0.000216621
0.000280957
0.00022521
0.00790457
0.000546515
0.00109799
-6.29781e-05
-0.00103501
0.000210128
-0.0170057
-0.0256262
0.0424217
-0.000866423
0.00211379
0.000136034
-0.0013834
-0.000460001
0.000161304
0.000302392
-3.69444e-06
0.00131115
-0.000965083
0.000189459
-0.000326547
-0.000765334
4.76614e-06
0.0005087
-0.000540727
0.000153597
0.000387129
-0.00046535
0.000503109
0.000149034
-0.000186793
-0.000479556
-0.000368722
0.00026818
0.000258638
0.000236341
8.06647e-05
-0.000575645
-0.000760731
0.000590418
0.00114945
9.05937e-05
8.62105e-05
0.000377015
-0.000553819
-0.000135227
5.99487e-05
0.000255344
-0.000180065
-0.00146759
0.0101132
0.00395125
0.00239291
-0.00222953
-0.00411463
-2.01027e-05
-0.00200091
0.00214066
-0.000119653
-0.000639803
0.000615133
-0.000184007
-0.000846105
-0.00190669
0.00176208
0.00146184
-0.00238571
0.00112286
-0.00104683
-0.00386738
0.00156125
0.00335296
0.00320113
-0.00150682
-0.00159883
-0.000101638
-0.000203662
0.00105723
-0.000751926
-0.048292
-0.000297022
0.048589
0.0409367
-0.081808
0.0144735
0.0263979
0.112528
-0.00199266
0.0186398
-0.0370387
-0.000109495
0.0386819
-0.00512829
-0.0085841
-0.0570053
-0.103884
0.0538517
0.0181672
-0.0514794
-0.00506314
0.00133093
0.0299523
-0.0313497
-0.0341499
-0.023932
0.0465444
0.0115374
0.000749936
0.00067433
-0.0010791
0.00051071
0.00131832
-0.00743022
-0.010424
0.0136452
-0.000971804
0.00144492
0.00131566
-0.00178878
0.0483357
-0.0490921
0.0127143
0.0816234
-0.0452456
0.0515309
-0.0499881
-0.10356
0.102017
-0.00859667
-0.0432365
0.0433187
-0.0618316
-0.0389711
0.10109
-0.00365966
0.000399624
0.00700625
-0.000355907
-0.000951776
0.00132504
-1.73591e-05
0.0253819
0.0382971
-0.0508027
-0.0203539
0.0108377
0.00713402
0.00238225
-0.00242077
-0.0101057
-0.0285584
0.0473495
-0.00332371
-0.0154674
-0.0439387
-0.0701678
0.00543836
-0.00415099
0.0516892
-0.0152831
-0.0322551
0.000461978
0.102833
-0.103295
-0.00419423
-0.00897332
-0.000203825
2.94371e-05
-2.4996e-05
-0.0114931
0.0230954
0.0434201
-0.0356255
0.0293473
-0.010238
-0.0379839
-0.000130674
-0.00378616
-0.00183765
0.00575449
0.000289941
-0.00212256
0.00169079
-0.000225644
-0.00115065
0.00166295
-0.0037939
0.00425382
0.000257867
0.000205847
-0.000576323
0.000112609
-0.000184046
7.00469e-05
0.00136263
-0.00124863
0.000268401
-0.00107369
-9.4329e-05
0.000211677
-0.000319868
6.09262e-05
-5.38226e-05
4.06149e-05
-4.77185e-05
0.000143551
0.000184947
3.54369e-05
0.00125016
-0.00068745
-0.000459694
-0.000103017
-3.07288e-05
-0.000181492
-0.000578253
0.000790474
-0.00871101
-0.0049628
0.0218265
0.000161644
-0.00109969
-0.000706149
-0.00251834
0.00196718
0.00125731
0.000494712
-0.000369973
-0.000247328
0.000327732
0.000138867
-0.000353376
-0.000311516
9.08557e-05
0.000220661
0.000423672
-0.000907508
0.000251874
0.000935605
-6.99722e-05
0.000460848
-0.00132648
-0.00017521
5.61232e-07
-9.04982e-05
0.000259038
0.000326172
-0.000616135
0.000135164
0.00142182
-0.000659433
7.79326e-05
-0.00234278
2.33304e-06
5.13872e-05
-0.000430028
0.000376308
-0.000508669
-0.00087373
0.000193009
0.000669368
0.00116701
0.000515875
-0.000741908
-0.000940981
-0.000127602
0.000260175
-0.000281363
0.00014879
0.000479979
-0.00051167
2.27588e-05
8.93174e-06
-0.00511633
0.0480081
-0.0484828
-0.00871039
0.0109044
-0.0155646
0.0133706
-0.0214342
-0.0402537
0.00463268
-0.0238722
-0.00927585
-0.0419243
-0.00616633
0.00394307
-0.00226483
-0.0721281
-0.000184328
-0.0002534
-0.00036047
0.000798198
0.0569987
0.00143511
-0.0584339
0.00409173
-0.00221835
-0.00392452
0.00205114
-0.0661837
-0.044715
0.0505142
0.0603845
-0.00602354
0.0031218
-0.00118705
0.00361477
-0.0197851
0.0283857
-0.0122153
0.000162641
-0.00101156
0.000848917
0.0795165
-0.0773199
0.0315704
0.00374155
-0.0306132
-0.00469876
0.00142707
-0.00297035
0.000321889
-0.00135529
-0.000241512
-0.000413052
-0.0308091
-0.0503675
0.0738892
0.0072874
0.000347021
-0.00751645
0.0101827
-0.0030133
0.000772481
0.00401342
-0.000632998
-0.00131065
-0.000798936
0.000587524
-1.57646e-05
0.000309559
0.00103297
-0.000575914
-8.48385e-05
-0.00037222
-0.00315069
0.00151625
-0.0191618
0.0145849
0.00219614
-0.0124984
-0.00129282
0.0119256
-0.00311128
0.00156838
0.00247225
-0.0672622
0.0205063
0.0154969
0.00198361
0.000261506
0.00143509
-0.00368021
0.00235696
0.00260867
-0.00345168
-0.000405238
0.000907477
-0.000939527
3.01628e-06
-7.70245e-06
4.68618e-06
0.00305095
0.00337276
-0.000940262
0.00797848
-0.0114901
0.0108862
-0.00737462
0.00411262
-0.00224272
0.000266323
-0.00213623
-0.000115059
-0.00028355
0.000135519
0.00026309
-0.000367088
0.000113217
0.000211896
4.19754e-05
-7.85566e-05
-0.00056745
-0.000185436
0.000831443
-0.000179434
0.00183268
-0.000367249
-0.00494265
-0.00283586
0.00238016
0.00539835
-0.00273433
0.00133435
0.00861178
-0.0072118
0.000599592
-8.57565e-05
-0.000544564
-0.00217022
-0.000247328
-2.1374e-05
-0.000598851
0.000125167
0.000108464
0.00036522
0.000417378
-0.000622561
-0.000443218
-0.000916536
9.95493e-05
0.00188388
-0.0101459
-0.00279443
0.0110564
-0.000277507
0.000249714
-0.000261031
-0.065984
-0.00127302
-0.000267177
0.000570949
5.44889e-05
-0.000358261
0.00054386
-0.000688221
0.000527342
-0.000382981
0.000677461
-6.71154e-05
-0.00141233
0.000801985
-0.00374243
0.00460703
0.00254082
-0.00340542
0.00637053
-0.00510086
-0.00151425
-0.00045443
-7.78935e-05
-0.000172244
-0.000605102
-0.0001627
0.000949188
-0.000181387
-0.000404321
-0.000139819
-9.56631e-05
-0.000771738
0.00979305
-0.000829357
-0.000756883
-0.00522538
0.00681162
-0.0497632
0.0074621
0.000152048
0.000636599
-0.000444054
-0.000344594
0.00752017
-0.000325122
0.01479
-0.0177379
0.0241499
0.0193974
0.00201964
0.00130027
0.00155888
-0.000583017
4.59282e-05
-0.000703633
0.00192229
-0.000163734
0.00288295
-0.00659769
0.0010915
0.00567954
-0.00137615
0.00146832
-0.000647189
-0.00104056
-0.00198719
-0.0131846
0.0162124
-0.00896405
-0.0130281
0.000128625
-0.000396849
0.0383901
-0.0108289
0.00175201
-0.0462373
0.058898
-0.0322055
0.0195448
-0.00245453
0.00301141
0.00384617
0.0404261
-0.0203604
0.0212543
-0.04132
-0.00876478
0.00995831
-0.00532677
0.00413323
-0.00504269
-0.00460504
-0.0848047
-0.0140618
-0.000864015
0.017225
-0.00229921
0.00172548
0.00175254
-0.00337818
-9.98403e-05
0.000308434
-0.000383381
-5.79025e-05
1.37235e-05
-0.000159343
0.000203522
0.00345854
0.000540211
-0.00455271
0.00990077
-0.00171197
-0.000333959
-0.000722901
-0.000942731
-0.00208329
1.77341e-06
-0.000292505
0.00810426
0.00560747
-0.00727613
-0.00664765
0.00816092
0.00470553
-0.00621879
0.000228018
-0.00029355
0.000152863
0.000324677
-0.00071676
0.000124907
-0.000137557
8.79291e-06
0.000128765
0.000918065
0.00222435
-0.00122559
-0.00914016
0.000347172
0.000719195
0.00807379
-0.00156492
-0.000376857
-0.005375
0.00731678
0.00102021
0.00591371
-0.000131977
-0.00680194
0.00512978
-0.00600063
-0.00069407
0.00309209
-0.00146462
0.0064768
0.00889076
0.00663011
-0.00664175
0.00687348
-0.00237245
-7.73525e-05
3.16956e-05
4.51767e-05
-0.00110023
0.00103468
0.00239486
-0.00670606
-0.000777185
0.00508838
-0.00113028
0.00144728
-3.40804e-05
-0.000282927
0.00420308
0.001741
-0.00354921
-0.00203967
0.000537594
-0.000368302
-0.000484766
0.000315474
0.00207686
0.0197104
-0.0131449
0.00463822
0.000102631
-0.000882344
0.00107419
-0.00029448
0.00176366
-0.00438517
0.00114051
0.0104211
0.00226144
-0.000891361
-0.0117912
0.000967884
1.11038e-05
-0.000231614
-0.000747374
-0.0113361
-0.029461
0.0356478
0.000769709
-0.00290801
0.00667793
-0.00453962
-0.00264031
0.00205338
0.00275923
0.00859068
0.00099912
-0.00131504
-0.00147794
0.00357465
-0.000781677
-0.00362334
0.0124497
-0.00947169
-0.0491106
0.0169341
-0.0140608
-0.0277036
-9.32326e-05
0.0232147
-0.0175127
-0.00901494
0.0073659
0.00833416
0.00460954
0.000253796
-0.0011195
-0.000627785
-0.00123135
-0.00109629
0.00644026
0.000241169
-0.000758406
-0.000577417
-0.00109634
-0.00447502
0.00614878
-0.00562377
0.00434568
0.0025461
-0.00126801
-0.0111826
-0.0589308
0.00392962
0.0472407
0.0017719
0.000816023
1.59686e-05
0.000386229
4.75539e-05
-0.000839701
0.00323
0.00744481
0.00337303
0.00156957
0.0189916
-0.00519765
0.00892424
-0.000844727
-0.00523417
-0.00284534
0.0386566
-0.0150897
-0.00575196
-0.007923
-0.00438509
0.00172375
0.0105843
-0.0121237
-0.00476336
0.00055449
0.00149022
-0.00246923
0.0459473
-0.0914481
0.0315686
0.0139322
-0.0871021
0.076605
0.0564444
-0.000475204
0.000422077
0.00106961
-0.000449083
-0.00132383
0.00141274
0.000360167
-0.000162944
-0.000604587
0.000509878
0.000257654
0.000284539
8.07938e-05
-0.000528277
-0.000263048
0.00065131
-0.000388262
-0.000825692
0.00147829
-0.000173775
0.000620247
-0.000200392
-0.000335635
0.00105411
0.000759819
0.000810858
0.00120406
8.77517e-06
-2.40351e-05
-5.78745e-05
-0.00322948
0.00738626
-0.00225074
-0.00190605
-0.00541724
0.00767316
0.00308237
0.00114455
0.00315934
-0.00934724
-0.00029822
9.5643e-05
-0.000166636
0.000369213
-0.000140551
-0.000201365
0.00029519
4.6726e-05
8.39756e-05
7.33561e-05
-0.000259658
0.000202582
1.06136e-05
0.000506629
-0.000419563
-9.76795e-05
2.30408e-05
0.000366799
-0.000379226
0.000268349
0.000191829
-0.000498938
3.87596e-05
0.000156139
-0.000431318
0.000193294
1.17233e-05
-0.000224884
1.98668e-05
-8.78054e-05
0.000144644
-0.000260093
6.65448e-05
0.000884012
-0.00135922
0.000230816
0.000770148
0.000101935
-0.000914936
0.000167238
-0.000374561
-0.00015277
0.000360093
-0.000285549
-0.00152771
-0.0005198
3.46411e-05
0.001947
-0.000633879
0.000494158
-2.65419e-05
0.000166263
-0.0127507
0.0527299
-0.0522308
0.000163996
0.000691635
-0.000586521
-0.00210087
-0.000384064
0.00168315
-0.00109492
0.0012634
0.000617715
-0.000124992
-0.000328727
-0.0491972
0.0148555
0.016486
-0.00488593
-0.00853557
0.0224524
0.000411921
-0.0215333
0.00101673
-0.000710096
-0.00180987
0.00170411
0.00135345
-0.00346059
4.12391e-06
0.00210302
0.0153696
0.00261498
0.00115989
0.0162289
-0.00655901
-0.0062006
-0.00346926
0.000161571
0.00053682
-0.00173614
0.00206239
0.00204637
-0.00225981
-0.000763627
0.000977069
-0.00134185
-0.000462243
0.00324426
0.00133648
-0.00214929
0.0003311
0.000481708
-0.00759641
0.00903993
-0.0006495
-0.00174382
0.00392766
0.00443365
-0.00202034
0.00421758
-0.00193092
0.000115331
0.000793511
-0.00023703
-7.64958e-05
-0.000183017
-0.000495343
-0.00210443
0.00127904
0.00216187
0.00107211
8.81706e-05
-0.000736608
0.000280492
0.000130181
-0.000459964
-1.67262e-05
-8.83434e-05
7.15045e-05
0.000614424
-0.000706181
2.30474e-05
6.871e-05
-0.000459098
0.000485394
0.000117255
0.000390579
-1.24897e-05
0.000165771
-0.000167817
0.00183767
0.000135096
-0.00180495
1.68407e-05
-2.43207e-05
1.04963e-05
-0.000335104
0.000337437
-6.56707e-05
-0.000247591
0.000313262
0.000476751
-0.000879566
0.000458855
-0.00986715
-0.00177752
0.0191648
0.0308907
0.0172475
0.0215614
-0.0696996
0.000608819
-0.00101703
0.000101422
-0.000109419
0.000332819
0.00924318
-0.00447137
-0.00549716
0.000725342
0.000774745
0.00329364
-0.00271661
0.00260014
-0.00111563
-0.00167755
0.00201888
-0.000225466
-6.2379e-05
-3.4715e-05
-0.000106587
6.39501e-05
0.00016365
-0.000371874
0.000331808
-0.000110603
0.00198158
-0.00262745
-0.00599588
0.00329419
0.00350775
-0.00334339
0.00163319
0.000712765
-0.000249317
-0.00209663
-0.00175984
0.000548368
0.00122596
-1.44904e-05
0.00826721
-0.00630015
-8.31899e-05
0.00343243
0.0023264
-0.00373919
-0.000437707
-0.00237724
0.000761452
-0.000443591
-0.000491522
0.000173661
-0.00158105
-0.000120492
0.00165484
4.6702e-05
-0.0020466
0.00112753
0.00124421
-0.000436758
7.98783e-05
0.000515522
0.000883591
0.000840537
-0.00110595
-0.000618179
0.00237937
-0.00265848
-0.000503583
0.000844932
-0.000674439
0.000529297
-0.00069979
0.000898307
-0.00440744
0.00879439
-0.00240537
0.00190462
0.000712698
-0.000757
0.00102078
0.000808329
0.00408047
0.00268324
-0.0123818
-0.0175111
-0.0131308
0.0219013
0.00874063
-0.0109666
0.0100106
0.00235325
-0.00187138
0.000453599
-0.00292848
-0.00753196
0.00658072
0.00387973
0.00785192
0.0596699
-0.00844248
-0.0590794
-0.0014254
0.00128924
-0.00241761
0.00581647
-0.00530491
-0.0769072
0.0187682
0.00424633
0.0538927
-0.000962591
0.000928935
0.00128365
0.00718211
0.000899528
-0.00236456
-0.00571708
-0.0517956
-0.0316015
0.00648988
-0.040417
0.0074252
0.020241
-0.00600372
-0.00368109
0.000352102
-0.00737392
-0.00794725
0.0149691
0.000730413
-0.00129359
-0.000678875
0.00124205
0.0227554
-0.00517876
-0.0816648
-0.00270676
-0.00108471
0.0182787
0.00468197
-0.0296562
0.0449031
-0.0283491
0.0222343
-0.0184776
-0.000677516
0.000785047
-0.000107531
-0.00183222
2.98214e-05
0.000301371
-0.00201723
-0.0151653
0.00847212
0.00762917
0.00185125
-0.0017631
0.0152815
-0.00733448
0.00825745
-0.00178847
0.000865503
0.00360036
-0.00500895
-0.000644514
-0.00322323
0.00115035
0.000905414
-0.00445242
0.0110527
0.0118124
-0.00487933
0.0124457
-0.000154819
-0.00741159
-0.00286737
0.000466262
-0.00226111
0.00466222
-0.00151615
0.00438293
-0.00109722
0.00759623
0.016755
-0.0420892
0.00780318
0.0113479
-0.0105936
-0.00855743
0.00152319
0.00089579
1.36415e-05
-0.00243262
-0.000614083
-0.00107694
0.000335731
-0.00164572
-0.000426201
0.00192143
0.00015049
0.000303359
-0.00208629
-0.00188084
-0.00231056
0.00132404
0.0071536
-0.00557629
0.00189988
0.00473438
0.000368329
-0.00401121
0.000505304
0.000724978
-4.48023e-05
-0.000307564
-4.44485e-05
0.000396814
-0.00115122
8.55766e-05
0.000660664
0.000404978
-0.000709719
0.00132383
-0.00230809
0.00115297
-0.00104717
-0.000419574
0.000107462
0.000450171
0.000280752
0.00208859
0.000490833
-0.00286018
0.00334488
-0.00195977
-0.00282282
0.00143772
0.00705208
-0.00314862
-0.00536285
0.001134
0.000441686
-0.000944309
-4.91676e-05
0.000551791
-0.00101282
-0.000464261
0.000812804
0.000664276
8.07305e-05
-0.00114609
-0.000485459
0.000141274
0.000344185
-0.00121366
-0.00053448
0.000341064
0.00140708
-0.000448805
0.000361829
-2.72194e-05
0.000114195
-0.000382478
0.00214396
0.000319871
-0.00208135
0.0128741
0.00751522
-0.0250319
0.00464263
0.000482619
0.000116973
-2.60768e-05
2.98359e-05
4.62793e-05
0.000619038
0.000306625
-0.00137647
-0.000881878
0.00317642
-0.013677
-0.00494289
0.0102322
0.0044894
0.00677504
-0.01428
-0.00377545
0.019625
-0.00303319
0.000240052
0.000393532
-0.0170065
0.0112957
-0.0041563
0.000975105
0.00507377
0.00112973
0.00446739
0.00140551
-0.00700264
-0.000269603
-0.000427076
-0.000885147
-0.000685777
-0.000710436
6.01876e-05
-0.000777995
-0.000560351
-0.000808514
0.00109926
-0.00030068
0.00023501
-0.000380615
0.000426407
-1.4419e-05
-0.00197539
0.000351376
-0.00407281
0.00363374
0.000429847
9.23289e-06
-0.000223037
-0.000507989
-0.000456173
-0.00168561
-0.000974804
-0.00740941
-0.00644349
0.000247562
0.000163875
-0.000165155
-0.000246282
0.000525756
-0.00042536
0.00172533
-0.000860056
0.000819531
-0.000140966
-0.00142083
-0.0106629
0.00940732
0.00267638
-0.0275567
0.0149509
0.000544564
0.0024592
-0.000458084
-0.000507638
0.00228955
-0.00053063
-0.00436908
0.011373
0.001662
-0.00251518
0.0010924
-0.000221363
-0.000162324
-0.000959982
-0.00238571
-0.000319438
0.00366513
-0.000191268
0.000267827
0.000404803
-0.000481363
8.83877e-05
-0.000745163
-0.00199798
0.00395872
-0.00339408
0.000514794
-0.00107207
0.00033163
0.000209667
-2.27961e-06
-0.000821575
0.000792647
-0.00201767
0.00102746
0.000601864
-0.000261011
-0.000504445
-0.003934
-0.00499762
0.00943606
-0.0066344
0.0153738
-0.000399227
0.00243544
-0.00242918
0.000285784
0.000469142
8.93054e-06
5.63997e-05
-0.000121221
5.58912e-05
0.000814526
0.00225213
1.06729e-06
2.62617e-05
-5.34058e-05
-0.00116446
0.0113222
-0.000914581
-0.000363062
0.00246938
-0.00117909
-0.000927231
2.73382e-05
7.28554e-05
-0.000100194
-0.000565143
-0.000986479
0.000479317
0.0010723
0.00088081
0.0037478
-0.000677365
0.00117376
6.96621e-05
-0.000410725
-0.000832701
-0.000252617
0.000434577
-0.000144256
-9.22037e-06
-0.000312441
0.000465918
-0.00948109
-0.00937965
-0.000705194
0.000321049
-0.000704809
0.00108895
0.000592122
0.000158042
-0.0218016
0.000131144
0.000131247
-0.000169504
0.000648676
-0.00506085
-0.000256441
-9.3394e-05
-1.72528e-05
-0.000552802
0.0104824
-0.0113972
-0.00751121
0.000946295
-0.00291617
-0.0113512
0.00646748
-0.00132666
0.000943615
0.00962162
-0.000824125
0.012651
-0.00220524
3.09645e-05
0.00104448
-0.000733966
0.000858418
0.00271398
-0.0020492
-0.000527944
0.00205951
-0.00114031
-0.0013784
0.000790912
-0.00117431
0.00212558
-0.00174218
-0.00326718
-0.00114841
-0.00253717
0.00695276
-4.85842e-05
0.00368455
-0.00496994
0.00133398
-0.00117637
0.00185528
-0.000839144
0.000160232
0.00449057
-0.000165334
0.000194292
-0.00138393
0.00586335
0.00123824
-0.047764
0.0179026
0.0181925
3.12316e-05
-0.000275351
-0.000430388
-0.000114439
0.00043635
-0.000321911
-0.000544827
-0.000233487
0.000129382
-0.000265787
0.000188438
9.52772e-05
-0.000564101
0.000635282
-3.80297e-06
-6.7378e-05
0.000597423
-0.000211452
-0.000834054
-0.000403027
0.00144853
-0.000135592
-0.000878576
0.000199325
0.000814843
-0.00023572
0.000457975
-0.000323894
0.00277537
-0.00274232
0.000351599
-0.000384646
-0.000353189
-0.000843185
0.000119437
-0.00189338
-0.00103232
-0.000105391
-4.83689e-05
0.000923137
-0.00455589
0.00382486
-0.00019211
-0.000245832
8.04064e-05
0.000479951
-0.000314525
-0.00016361
3.27551e-05
-0.00137936
0.00131795
0.00108888
0.000231496
0.00413359
-0.000890183
-0.0018081
0.00245677
0.00115835
-0.00152565
-0.000194794
-7.54261e-05
0.000319694
-4.94739e-05
-0.000607754
-0.00084456
0.000501637
0.000950676
0.000631534
-9.75989e-05
0.000442959
-0.000976894
2.84816e-05
-0.00111047
0.00349041
-0.000880178
0.00238991
0.000806977
-0.000328796
0.000457424
7.285e-07
-0.00015193
-0.000482677
-0.00441781
0.00389299
0.0116235
-0.0110986
1.88368e-05
0.000295814
-0.00224176
0.00112949
0.000878079
0.000234193
-0.000370249
0.0042498
-0.00661387
-0.00823824
0.00345019
-2.11547e-05
-0.000935063
-0.000909663
0.00186588
-0.00271767
0.00559568
-0.00125686
0.00181265
-0.00249307
0.00222089
-0.000441156
-0.00202244
-0.00711975
0.00850785
0.0066695
-0.000949906
-0.000376427
-0.00337124
2.70977e-05
0.00121106
0.00213309
0.00195194
0.000738562
-0.000427758
-0.00111324
5.90437e-05
0.00103978
-0.000126801
2.08752e-05
0.000345677
-0.000239751
-0.00074886
0.000642067
0.000932855
-0.000138326
-0.000446418
-0.00131937
0.00213869
-0.000170708
0.00119023
-0.00147193
0.00132974
-0.00040797
-0.000942927
0.000928887
0.00499897
-0.00504535
-0.000882508
2.38432e-05
-0.000997503
0.000693608
0.000280052
0.000808349
-0.000556115
0.000133995
0.00100952
-0.000862337
-0.000358849
0.000578493
-0.000185614
0.000507838
-2.3288e-05
-0.00216065
0.000669805
0.00492328
0.00208528
-0.000250867
0.000672943
-0.000226973
0.000748309
-0.000426059
0.000745215
-0.000109961
-0.000434109
0.000254459
-9.78575e-05
-0.00032437
0.000132269
0.000317268
0.000784738
0.0017857
-0.00359913
0.00884723
-0.00111579
-0.0069467
-0.025821
-0.00997375
0.0946927
-0.0912373
0.109544
-0.00136795
-0.0169391
-0.0524073
-0.0152391
-0.0493858
0.0158352
0.0655218
-0.0319713
-0.032628
-0.0765183
0.0193754
0.0897709
-0.00952131
-0.0319797
0.0130222
0.0498482
0.00907662
0.0634129
-0.0658892
-0.0593031
0.0151912
0.10953
-0.0947065
-0.0112306
-0.0324652
0.0390069
-0.0761662
-0.0119328
0.0608064
-0.122298
-0.0595827
0.121074
-0.014323
-0.0524635
-0.0560139
0.1228
0.0548263
-0.00583666
-0.000460347
-0.0485293
0.0378857
-0.00539608
-0.0261941
0.0564901
-0.0625015
0.0453024
-0.0454814
-0.000776424
-0.0968959
0.088151
0.0346964
-0.0325869
-0.00292727
0.0132325
0.000173666
0.0572011
-0.011042
-0.0463328
0.00943296
-0.0023319
-0.0029173
-0.00418376
-0.0118283
0.0136895
0.00943454
0.026784
0.0307357
-0.000411248
-0.000716156
0.0002686
-0.000679848
-0.0298174
-0.000563659
0.000363255
0.0791533
0.0813249
0.0249381
-0.0185358
0.0470134
-0.0537979
0.0253203
8.958e-05
0.000129066
0.000396487
0.000180802
-0.000153464
-0.0381887
-0.0118842
0.0489734
0.00109943
0.0323145
-0.0367027
-0.0123019
0.0300401
-0.00822967
0.000894227
-0.00269208
0.00236763
-0.00110431
-0.000179529
-0.000137697
0.000110785
-0.000537648
0.000497037
0.000849249
-0.000808638
-0.0020585
-0.000774793
0.00151619
-0.00172524
-0.00110878
-8.57949e-05
-0.000180647
0.000162644
7.64516e-05
8.81821e-06
-2.43436e-05
0.00132225
-0.00216835
-5.07411e-05
3.26162e-05
1.51236e-05
-0.000201361
0.000414256
0.000241759
-1.27149e-05
0.000291169
-0.000520213
-0.000250615
0.000290275
-0.000438928
0.000527519
-8.8591e-05
9.65886e-05
-0.000159078
0.000995594
-0.00201288
9.40913e-07
5.53147e-05
-5.62556e-05
0.00121782
0.000239848
-0.000638135
7.29525e-06
-0.000416709
0.000314012
-7.39412e-05
0.000744377
-2.11861e-05
-0.000108913
8.34955e-05
0.00338588
-0.00479849
0.000343869
-0.000691767
0.00304306
8.48774e-06
-0.00176487
8.99666e-06
-0.000161006
0.000117294
-0.000312369
-0.000462732
-0.000680386
-0.00121109
-0.0113407
-0.000110756
0.000379355
-0.000287751
0.000226663
-2.411e-05
-0.000339964
0.000233288
0.000105352
0.000138095
-0.000476735
-0.00610898
0.0048744
0.00299824
-0.0224379
0.032426
0.000529518
0.00830165
-0.00706226
0.00446857
-0.0620727
-0.0376866
0.0329165
-0.000211768
0.000929161
0.00615493
-0.00443379
0.00583047
-0.000100808
0.00232441
0.00028743
0.000234067
0.000152498
-5.10325e-05
6.31388e-05
-0.00257912
-0.0173309
-0.0310918
0.0454644
-0.0141625
0.000316119
0.000919974
0.00147788
-0.0163033
0.0145702
0.000456921
-0.0113365
0.00273579
-0.00113177
0.00359304
-0.000370205
-0.00209107
-6.85098e-05
0.00241336
0.00157849
0.00190592
-4.14975e-05
0.001485
-0.00184005
-0.00214507
0.0174113
-0.0109052
-0.00631417
0.0125615
0.0445969
-0.0571584
-0.000188973
0.00533924
-0.00949653
0.00144012
0.0263876
-0.000589913
0.000122091
0.000207225
0.00111033
0.000440742
-0.000354297
-0.0207047
0.0229102
0.00894765
0.00799284
-0.00195479
-0.00806064
0.0238423
-0.000786994
0.029449
-0.00792646
-0.0105186
0.0179693
0.00312117
-0.00106607
-0.00610491
0.00404981
-0.0166833
0.0177117
-0.0233457
0.0223173
0.00403069
-0.0079888
-0.00507142
-0.00549448
0.0124041
-0.00287893
0.00338591
0.00128432
0.000232988
-0.000433572
0.0159525
-0.00404511
-8.11033e-05
-0.000580344
0.00028127
-0.00111897
0.000328048
0.0130046
-0.000451123
-0.000285541
0.0422693
0.0240895
-0.0491113
-0.0119462
-0.0116071
0.0471356
0.106475
0.000489953
-0.00243821
0.0928606
-0.0904224
-0.000194029
0.000653512
0.0143945
0.0185848
0.00295325
-0.0359325
-0.0506963
0.0169056
0.00930811
-0.0102181
0.00539113
-0.0196428
0.0446942
-0.00155833
-0.0234931
-0.00996491
0.00857738
0.00129108
0.000790099
6.79777e-05
-6.68713e-05
0.00119393
-0.00119504
0.000336747
-0.000106978
0.000354639
-0.00229553
0.00299838
0.001834
-0.00383086
0.00900453
0.000473159
-0.000886493
-0.00182843
-0.0043018
-0.000250215
-5.91367e-05
0.00258841
-0.00789656
0.00208677
-0.000117376
0.000530296
-0.000218745
-0.00936057
-0.0024768
0.0902546
-0.122442
0.0792068
-0.0526267
0.153853
-0.0109718
0.00921216
-0.0143594
0.000990946
0.0471809
-0.00339718
-0.103087
0.00621641
-0.0177643
0.000859968
0.00516722
-0.000149138
0.00148504
-0.00199984
-0.000740772
0.00363621
0.00212867
-0.00220147
0.000766512
0.00128077
-0.00166904
-0.000187495
0.0037312
-0.000453088
-0.000396396
-0.00249188
0.00132537
0.000105686
0.000291239
-0.000428581
-0.000409031
7.44766e-05
-8.20215e-05
-6.66962e-05
-0.000390204
0.00484151
-0.000464639
-0.00398667
0.000449539
-0.000635839
0.00103742
-0.000851116
-0.00564226
0.00199497
-0.000760151
0.0103135
-0.00842433
-0.00459594
0.000285819
0.000262225
-0.00984696
0.0152565
0.000156032
-0.0092576
-0.00454527
-0.0123795
0.00960143
0.00245294
-0.00510504
0.00268186
-0.00169981
0.00368078
-0.00808996
0.00076366
-0.000472971
0.00617074
-0.00492867
0.00760516
0.0602847
0.0847717
-0.0782284
-0.0460534
0.0462639
-0.0559658
0.000190959
0.0567268
-0.0565359
0.0889652
0.0668432
-0.000400302
-0.000518994
0.000639395
-0.000520703
0.000167739
-0.000306229
0.000315418
-0.000323006
-0.000613805
0.000621393
-0.000232527
-0.000462898
0.00101084
0.00021118
-0.000253065
0.000139875
0.00018582
0.0336523
0.0129177
0.000167314
-0.000265324
9.04115e-05
-0.000522068
-0.000297721
-0.000141695
0.00032036
-0.000178665
-0.000225126
0.000391272
-0.000120038
0.000277695
-8.35343e-05
4.57954e-05
-6.35344e-05
0.000155209
-0.000284309
0.000141905
7.88695e-05
-0.000587249
0.00126168
-0.00024524
-0.000695393
-0.000346428
-0.0011444
0.000786023
-2.85501e-06
0.000956217
0.00160457
-0.00204693
9.59332e-05
0.0360711
0.0157345
0.000649204
-0.00349119
-0.00854127
-0.00110184
0.0011352
0.0244139
-0.00353764
-0.00747773
-0.0133985
-0.000639322
0.000379312
-0.000539532
0.00755523
-0.00824031
0.000215064
0.000461721
-0.0036511
0.000768111
-0.00623187
0.00304299
-0.00154767
0.00658027
-0.00784547
0.0411026
0.00876701
-0.00499535
-0.00182564
-0.00154915
0.00206855
-0.000724029
-0.00113355
0.000634643
-0.000103119
-0.000236963
4.65325e-05
0.00184006
-0.00426232
0.00383659
0.00223001
0.00060989
-0.00797215
0.00152545
0.00361085
2.06504e-05
0.000241143
0.000144347
-0.000406141
-0.000524409
0.000797549
-0.00251443
-0.00487894
0.00175112
-0.000116904
0.000190481
0.00244568
0.00231939
-0.00778221
0.00301714
3.93137e-05
-9.47776e-06
-0.000279314
0.00109454
0.000100901
-0.000728153
0.000642001
0.00142731
0.000211685
0.000217184
-0.000101489
-0.00032738
-0.000367419
0.000441128
0.000324484
-0.000398192
0.000350131
-0.000364816
0.000464688
-0.000450003
0.000277524
-0.000373531
0.000548874
-0.000419434
-0.00116173
0.00103229
-0.00314576
-0.00060645
0.000935726
0.000112719
-0.000927415
0.000661374
0.0507101
-0.110925
-0.0179294
-0.00261867
-0.00350731
0.00479178
-0.000919698
-0.00409344
-1.60754e-05
0.000577892
0.00185268
0.00183103
-0.000364371
0.00160919
-0.00909306
-0.0097667
0.00126416
-0.000210781
0.000699572
0.000565318
-0.000103564
2.56186e-05
8.69417e-05
0.000296704
8.861e-05
-7.53173e-05
0.000110183
0.000102287
-0.000721499
-0.000993274
-0.000260614
0.000192157
0.00083795
-0.000558009
-0.000472099
0.0018744
-0.000619198
0.000787894
0.00135603
0.0341015
0.0060039
0.0219556
-0.0231465
0.0173344
-0.0161434
-0.00189552
0.00619594
0.00439659
-0.00156158
-0.00376484
0.000929822
0.0146751
-0.00528498
-0.0437225
0.0343324
0.0122389
-0.0163033
0.00355507
-0.00221749
-0.00145262
-0.000513142
-0.00118749
0.000313362
-0.0104969
-0.000979572
0.000583062
0.0139147
0.00981372
0.0496422
0.0193128
-0.00177721
1.02882e-05
-0.00752803
-0.00199417
-0.00685823
0.00220447
0.00400924
-0.00314374
-0.00780603
-0.00145942
-9.04818e-05
-0.000154979
0.00345708
-0.00466276
0.0033536
-0.00169512
-0.000389383
0.00504711
0.000257182
0.00221663
-0.0018665
0.00148507
0.00140322
0.00173597
0.00192094
-0.00198404
-0.000768125
0.00276822
-0.000294137
0.00299931
0.0048362
0.00421162
0.00438751
-0.000451767
-0.00164148
0.00263357
-0.00310187
0.00187921
0.00173593
-1.66112e-05
-0.00359853
0.0050429
0.00129594
-0.00144252
-0.00489633
-0.000283386
0.000180266
-0.000332173
0.0025435
0.000160921
0.000379036
9.60136e-05
0.000617682
-0.000653508
0.00516321
-0.00520662
-0.00375041
0.00379382
-0.00102259
0.000194524
0.000405309
0.000422761
0.000724036
0.00068961
-0.000856135
-0.00119106
0.00109178
0.000891826
-0.000792551
0.000143592
-0.000235797
-4.30212e-05
0.000289027
0.000223295
-0.000629173
1.50164e-05
7.13884e-05
0.000984339
0.00291509
0.000293885
-8.48925e-05
-0.000119412
9.9352e-05
-0.00132171
0.000829682
0.000392673
0.00392683
-0.00338162
0.0020432
-0.000244584
0.000400847
-0.000647705
3.69259e-06
3.27917e-05
-9.2096e-05
5.56117e-05
1.52488e-05
2.40649e-05
-0.000637987
0.000888035
-0.000412748
0.000897681
-0.000106782
0.000229882
-0.032921
0.0531193
-0.00127766
3.15348e-05
-0.0022733
0.00155612
-0.000862856
-6.20415e-05
-0.000921614
-0.000413751
-0.00165755
0.00299291
0.00064943
-0.000359737
-0.00041971
0.000257818
0.000521629
-0.000342854
0.000158784
-0.000835252
0.0035841
-0.0002544
-0.00207723
0.00175965
-0.000450548
0.00169123
-0.00836898
-0.0101336
-0.00825739
0.0135802
-0.00297783
0.00134014
0.000129276
-0.000319737
-7.88857e-05
-0.00023768
-4.31712e-05
0.00016683
0.000305547
0.0091573
0.000711
-0.000763357
0.00115796
0.000282724
0.000585297
-0.000323439
-0.000721552
0.00154266
-0.00057153
0.000331153
0.00105123
0.000497635
-0.000970543
0.000425566
-0.00091095
0.000348468
0.000179051
0.00179196
-0.00087187
0.000538572
0.000745994
-5.76066e-05
-0.00261816
-0.00238018
-0.00033139
0.000163769
-0.00358383
0.00503582
-0.00538599
0.000408785
-0.000926056
-0.000105413
0.00206232
1.47862e-05
-0.000578232
-0.00242307
0.00109692
0.00190438
0.00118869
4.37624e-05
-0.000546427
-0.00081319
0.000336207
-0.000303273
0.000780256
0.000689321
-0.00223343
-0.00141751
-0.000384409
0.0035232
-0.00286881
-0.000121427
5.6648e-05
-4.70613e-05
0.00011184
-0.000334666
-0.000333769
0.000346024
-0.00030438
0.000292125
0.00544376
-0.00479281
-0.000285635
-0.000419472
7.14634e-06
-0.000185303
4.27589e-05
1.25558e-05
0.125052
-0.000809739
0.00061099
5.15369e-05
0.001162
-0.000813314
-0.000125385
0.109872
0.000280782
-0.000206562
-0.000735804
0.00018719
0.110633
-0.00029914
-0.000845301
-0.0010658
0.000859987
0.000169551
0.00011983
-0.000240869
0.000430897
0.00112326
0.00115722
-0.000833196
0.00103422
0.00117154
0.000453426
0.000165653
0.000592725
-0.000559378
0.000975963
-0.000826037
-0.000428808
-0.00229866
-0.000526347
0.000204483
8.09999e-05
0.00486218
-0.000716687
0.00357832
0.00184053
-0.000608299
-0.00210115
0.000868918
-0.000514495
0.00046187
0.000487202
-0.00107764
0.00218299
0.00789868
-0.0857297
0.041344
-0.000751335
-0.00353545
-0.00811149
-0.0110447
0.0168708
-0.00812779
0.00202339
0.00548546
0.000618936
0.000976843
-0.000410801
0.00338862
3.13644e-05
-0.000294452
-0.000102844
0.000134208
0.00127009
-0.000994524
0.000705397
-0.00119835
-0.000246638
7.97585e-05
0.000811002
0.00134733
9.04765e-05
-0.000247581
-0.00106686
-3.79666e-05
-0.000409939
-0.000565351
0.000601486
0.00471121
0.000946261
-0.00808157
0.00654022
0.000460637
-0.0111218
0.00246788
0.00940716
0.00555579
-0.00387156
0.00086941
0.00392529
0.00110016
-0.000922709
-0.000334231
0.000155065
0.000485552
-0.001508
-0.000147943
-9.34514e-05
-0.000469642
8.65467e-05
0.000331912
-0.000473805
-2.53106e-05
-0.000363196
-0.000154003
0.000252995
0.000316912
-0.000582621
0.000629126
-0.00055211
0.000175979
0.000668957
0.000592974
-0.00210723
0.000611976
-0.000612422
-9.751e-05
0.00064316
-0.000209677
0.000387477
-0.000335196
0.00478911
4.43107e-05
-0.00044104
0.000625157
0.00264719
-0.000409924
0.00422239
-0.00141956
0.000516243
-5.462e-05
-0.000186311
2.77103e-05
0.00176264
7.83448e-05
-0.00222346
-0.00132225
0.00195665
-0.00159438
0.000514357
-0.000915556
-0.000357536
4.43003e-05
-0.000630354
0.000204751
-0.000334891
0.00231454
-0.0205676
-0.0269365
0.0218464
0.00699931
0.0259806
-0.0410255
0.0279123
-1.31014e-05
-0.000638518
-0.000672205
-0.00187216
0.000757306
0.00092083
0.00234653
-0.00318473
0.00150716
-0.000736216
0.000909616
-0.000877033
-2.08951e-06
-0.000977039
0.00332566
-0.000540858
0.000812559
-0.00049232
0.000220446
0.000532755
-0.00026088
0.000875392
-0.00114055
-0.000526899
-0.000628474
-0.000189749
-0.000780977
-1.76165e-05
0.000863036
4.103e-05
7.49605e-05
-0.000150278
0.000986792
0.000701674
0.000585065
-0.000252517
-0.000659443
-0.000614525
-0.00495471
-0.00121969
-0.00465809
0.0104202
-0.000728184
0.00032607
0.000402114
0.000269305
-0.000154672
0.000944025
-0.00105866
-0.0187681
0.0154448
-0.00385469
0.00810047
-0.00482601
-0.00275626
-0.00314426
0.00173239
-0.00218841
-0.00236756
0.00116408
0.00331671
0.000717256
-0.000709221
0.00156853
-0.00328213
-0.000581166
0.00254826
-1.796e-05
-0.000372176
0.00674359
-0.00256301
-0.00169724
-0.000100446
-0.000475748
0.000325409
-0.000206079
0.000700847
-0.000156974
-0.000395957
-0.000156287
-0.00361111
0.00395059
-1.18913e-05
0.00264542
-0.00492929
-0.00361695
-0.0512715
0.00283163
-0.00447548
-0.00237547
0.00198138
0.000254449
-0.00377872
-0.00825978
0.000306695
-7.43178e-05
0.000294964
-0.0202008
-0.0403893
0.0564391
-0.0276498
-0.0461047
0.052042
-0.0443348
-0.00634451
0.0153418
0.0254442
-0.0162261
-0.0245598
-0.0560201
0.0839665
-0.0423788
-0.0038837
0.00523695
0.00209091
0.0019276
0.00062416
0.00250809
-0.0549154
5.21942e-05
0.00160624
-0.00118528
-0.00156334
0.00190293
-0.00250024
-0.000931937
-0.000484657
0.00180263
0.0116205
-0.0143367
-0.119582
0.117866
-0.127831
-0.0475621
-0.0457544
0.0435482
0.0697946
-0.0675883
0.0306464
-0.0506515
0.0145916
-0.0309879
0.0031151
-0.0658785
-0.00817828
-0.0528003
0.0852661
-0.0564172
0.0122516
0.0206027
-0.00116108
0.000784908
-0.00609208
0.00738395
-0.0744938
-0.0188839
0.0291244
-0.0826672
-0.0107935
0.0182931
0.0751676
0.0562206
-0.0577375
-0.0340856
0.0435311
0.0805124
-0.0820924
0.00157999
-0.081147
0.0496451
0.000418684
-0.0542447
0.0549821
0.000581023
0.00170017
0.00831891
0.00202517
-0.0008878
6.10862e-05
-0.000207879
-7.80914e-05
-0.000802785
0.000948839
0.000226658
-0.000520283
0.000561975
-0.000223637
-5.07527e-05
-0.00186077
-0.00133232
0.00259504
-0.00064126
0.000422709
0.00264113
0.000110159
0.000537818
-0.000246159
0.000848432
-0.000450511
0.00104308
-0.00175773
0.00464148
-5.64493e-05
0.000272126
-0.000215677
9.46873e-05
-4.21019e-05
0.000267098
-0.000251264
-0.000137261
-4.97196e-05
0.000183148
0.000450794
-0.000584222
0.00041583
-0.000327885
0.00014237
-4.08805e-05
-0.00016919
0.000134865
7.30724e-05
0.000162267
-0.000370204
0.000428293
0.000151814
0.000609648
-0.000160081
0.000842917
0.00270394
0.00311929
-0.00366201
-0.00216122
0.000432851
-0.00133595
-0.00431678
0.00101118
0.00218982
7.31597e-05
-0.000632541
0.000115638
0.000443743
0.000836669
0.000193099
-0.000374806
-5.37214e-05
0.000114062
-0.000629503
0.00078893
-0.000657113
-0.000807958
0.00103877
0.00108001
-0.000739353
-0.000761412
-0.00159183
0.0669793
0.00680034
-0.00681086
0.00412975
6.02243e-05
0.0138447
-0.005924
0.0103131
-0.0788246
0.0499693
-0.046907
-0.0269607
-0.013276
0.0310215
-0.0300061
-0.00774644
-0.0126675
0.0167654
-0.0128097
0.0108343
-0.0200042
0.0189775
0.00190919
-1.53496e-05
0.00702984
-0.0025297
-0.00954282
-0.00600969
0.00900323
0.006536
-0.00852439
-0.0114664
0.00565156
-0.000307569
-0.00732803
0.000376973
0.00223318
-0.00300937
-0.00463191
-0.000957393
0.000378323
0.000549297
-0.00349169
-0.00423836
0.0117683
-0.00403823
0.00977903
0.00161579
-0.00526547
-0.0437344
0.0473841
0.000781385
-0.006905
0.0160376
-0.00991401
0.0107512
0.00494898
-0.0227897
-0.0201184
0.0237931
0.019115
0.0202266
-0.0326226
0.0317176
0.0533198
-0.0473221
-0.0786276
0.00407672
0.000195095
-6.55631e-05
-0.000381267
-8.69722e-05
-0.000769599
-0.00119717
0.00196677
-0.00629765
0.00413881
0.000107115
-3.90362e-05
0.00106571
0.00073596
-0.00168073
0.000955699
-0.00134826
0.00151928
-0.000467112
-0.000466867
-0.000956323
-0.00112582
0.00171908
0.000403348
0.000514195
-0.000201001
6.85843e-05
-0.000443497
-0.00267747
-0.000768642
-8.84158e-05
0.000656057
0.000132102
-0.000454669
-0.00103128
-0.000340911
0.000647021
-0.000237525
0.000538017
-0.00127992
-0.000333864
-0.00132686
-0.00267526
0.0128874
-0.0102714
-0.000170377
-0.000215833
0.000338696
0.0002358
-0.000268258
-0.000684712
0.000374551
0.00128063
-0.00192344
0.00140389
-0.00128274
-0.00103464
0.000655037
-0.000481321
0.000353278
4.73472e-05
0.00123882
-0.000836629
0.00120311
0.000937168
-0.0014655
-0.000225627
-0.00255275
-0.000367383
0.000913605
0.000726536
-0.00905547
0.000886555
0.00445465
0.00371427
0.000477978
0.0104536
0.00538737
-0.0044893
0.0039313
0.0007273
-0.000623313
-0.000319352
0.000191588
0.00426195
-0.00347268
0.00225573
-0.00229915
-0.00580879
-0.0019957
0.0241367
-0.000773204
-0.00176387
-0.00110212
0.00353579
0.00605993
-0.00870153
-0.0054699
0.00328021
-0.000335701
0.00042826
-0.000989884
-0.000527557
-0.000211845
-0.000167786
0.00795266
-0.00272364
-0.00240303
0.00815771
0.00083872
-0.000705106
-0.00122048
-0.00012134
-0.000280669
9.63969e-05
0.000184272
0.000618284
0.000349174
-0.00121387
0.000246416
-0.00123668
-0.000511941
-4.94055e-05
0.000549478
-0.000500072
0.0624198
0.00588074
-0.0635379
0.0646913
-0.00115347
0.0593633
-0.0272227
0.0394575
-0.0626022
0.0233796
0.0382293
-0.000982787
0.00266159
0.00130468
0.00422822
-0.00171559
0.057894
-0.000137706
0.000221239
0.000499329
-0.000526338
-0.000185259
0.00199063
-0.000413181
-9.81785e-05
0.0374274
0.0111294
0.00111256
-0.00522479
-0.0076735
0.00086329
-0.00105908
-0.00115915
-0.00147864
-0.00137264
-0.00486094
-0.0310835
0.0253914
0.0105531
-0.0100444
0.0153157
-0.000130876
-7.03218e-06
0.00317995
-0.000746147
-0.0392419
0.0486251
0.0162204
0.000593596
-0.00125927
-0.00168942
-0.000187218
-8.26078e-05
-0.000354299
0.000549183
-0.000501533
-0.00106435
0.00138063
-0.00419389
0.00578654
-0.0038918
-0.000325518
0.000688479
-0.000183131
-0.000273564
0.000189991
0.00115946
-0.00051702
-8.64364e-05
-0.000556008
-0.00117268
0.000238754
0.00105311
-0.000119183
-0.000576091
0.000447842
0.000941053
-0.0015945
0.000693726
-0.000155192
-0.000477484
-0.00233768
-0.000738803
0.00884502
0.000319232
-0.00109283
0.00119041
-0.000781359
0.000218429
0.000971715
0.0017729
0.00221321
0.0559727
-0.000642866
-0.00130078
0.00195214
7.6412e-05
0.00027083
0.000811007
0.0010423
7.08527e-05
0.000167182
-0.032282
-0.020869
0.0316044
-0.0440121
-0.0644361
0.0451539
-0.0134484
-0.00997095
-0.0477164
0.0112684
-0.0621392
-0.00334931
0.00180523
-0.00440754
-0.00239779
0.00380683
9.77659e-05
-6.15722e-08
-8.89291e-05
-4.16174e-05
-0.00137693
0.00269918
0.000593744
-0.00182907
0.000627024
-0.00039554
4.80728e-05
-0.000128594
-0.00123529
0.000151222
0.000328797
-0.000300375
0.000692833
0.0015587
-0.00159102
0.00032915
-0.00038798
-0.00079512
0.00384994
-0.000249251
-0.00292034
9.55597e-05
0.000875382
0.00307884
-0.000916637
-0.00305137
-0.000672318
0.00208267
0.00164102
-0.00148351
0.00184718
-0.000589293
0.00286383
0.000735853
0.000131517
0.000685631
-0.000387122
-9.85936e-05
0.000624771
0.000143093
0.000295855
9.89453e-05
-0.00128062
0.000619191
-0.000225662
-0.00117357
0.000455715
0.0183672
0.00125244
0.0545345
-0.00388426
0.00126385
-0.00745344
0.00231913
0.00011855
-0.000953543
-0.000230812
0.00291598
-0.0105087
0.00872241
0.00252088
-0.00122988
-0.00159994
-0.00187037
-3.79415e-05
0.00213273
0.00424289
0.0214712
0.0290038
0.0314429
-0.0104149
-0.000561795
-0.000838045
0.000610696
0.00164685
0.00769814
0.00585856
-0.0155178
-0.00960506
-0.0182742
0.0142063
-0.0368973
-0.027421
-0.00347473
0.0219962
0.00889956
-0.067505
0.0570708
-0.0526889
0.0452632
-0.0242486
0.0253599
-0.0571314
-0.0510318
-0.0167183
-0.0624453
-0.000355156
-0.0594302
0.0528169
-0.0608917
0.0249844
-0.026852
0.0428043
9.92748e-07
-6.20754e-05
0.000727344
-3.34351e-05
1.53166e-05
1.81185e-05
-6.38817e-05
7.32055e-05
-0.000519324
0.000330372
0.000653996
0.00115106
0.00145563
-0.00111314
0.000311503
0.00179167
-0.000377848
0.00132034
0.0373251
0.0159424
-0.00116014
0.00289493
-0.0026564
0.0011299
-0.0058017
0.000579784
-0.000869552
7.02875e-05
-0.00209265
0.0011134
-0.000457711
0.000307891
0.00014982
0.0480386
0.000679815
-0.000316495
0.00157767
-0.00227752
0.00114702
0.000381485
-0.00309185
0.00129915
0.0025447
0.00162257
-0.00153348
-0.000543519
0.000206625
0.00157926
0.00157345
-0.00506284
-0.000207703
0.000352657
0.00194364
0.00162895
-0.00211283
-0.0030525
-0.00716895
-0.00208027
-0.00184634
-0.00319569
0.00151442
-0.00118803
-0.000815747
0.000894184
0.00110959
0.0013588
-0.0026508
-0.000885676
-0.00132183
0.00275207
-0.00227972
0.00347301
-0.00226918
0.00239998
-0.00221995
0.000690117
0.00084523
0.00390965
0.000458633
-0.0198936
0.0143377
0.160519
0.0689553
-0.0523487
0.0325869
-0.00040255
-0.000653308
0.000652831
-0.000271027
0.00035228
-0.000208054
-0.000659695
0.00108186
1.34863e-05
-0.000542914
-0.000147746
0.000581242
-0.000156388
-0.000797251
-0.000226515
7.85372e-06
-0.000364712
0.000583374
-0.00149696
0.0016408
0.000264813
0.000192309
-0.000551749
0.000205292
0.000154149
-0.000890119
0.000400923
0.000260222
-0.000468103
-0.000128289
0.000335182
-0.000401687
0.000943782
-0.000416889
0.00109562
-0.0010892
-8.21174e-05
-0.000219404
-0.000871155
0.00184217
-0.000427317
-0.00379117
-0.0314332
0.0384275
-0.000323177
0.000209783
-0.000773511
0.00136222
0.00100816
0.000237211
-0.000544401
-0.0020693
0.000672078
-0.000988494
-0.00386041
-0.00173993
0.00127045
0.000128037
-0.00386678
0.00055328
0.00369182
-0.000676136
0.00406633
-0.00952534
-0.0178358
6.81252e-05
0.00194753
-0.00067569
0.000428185
-0.000745769
0.000832793
0.0019732
-0.00713771
-0.00890017
0.000471206
0.00313343
-0.00164555
-0.0028092
-0.000180604
0.000192255
-0.000111223
-0.00146039
-0.000331932
-0.000401967
-0.00228371
0.00155442
-0.0106836
0.00635915
-0.00533164
-0.00117301
-0.0122606
0.0103647
-0.00617245
-0.0585882
-0.0118227
-0.0104114
-0.0208935
0.0422093
-0.00861017
0.0122039
-0.00511079
-0.0037139
0.000995304
-0.00154917
-0.000927615
0.000439027
-0.0003491
0.00397964
-0.00956355
-0.0082548
0.000378404
0.00138456
0.000884218
0.00452784
-0.00487799
0.00468141
-0.000230944
0.000258919
0.000733477
-0.000629089
-0.000505365
0.00194278
0.000112505
0.000217867
0.00636699
-5.41883e-05
-0.00124143
0.00142108
0.000909166
-0.00108882
0.000235319
-0.00090402
0.0029118
-0.000296687
0.000170271
0.000133563
-0.000428009
0.000289395
0.00102665
0.000951101
3.53398e-05
0.000130859
0.000132902
-0.000530536
-0.00398445
0.00380567
-0.00354935
0.00585622
-0.0267755
-0.00177661
0.000732776
-0.0103992
-0.00346239
0.00402936
-0.0128423
0.0373716
0.000718755
0.00849622
-0.0202703
0.0403176
-0.0040807
-0.0107907
-0.00247819
-0.00935698
-0.000667387
-0.000552362
0.0105767
-0.00202346
-0.00683775
0.00615071
-0.000864112
0.0223986
-1.85441e-05
-0.0248198
0.00243971
-0.00703141
-0.0113598
-0.00210418
-0.0211791
-0.0247671
0.0355348
0.00163444
0.00112946
-0.00284417
-0.000391655
-0.00187647
0.000530733
-0.00186953
-0.00103976
0.0147915
-0.00202392
-0.0181026
0.00533502
0.00116464
-0.00300592
0.0100273
0.000244064
0.00334622
0.0148222
-0.00725668
0.0013448
-0.00233947
-0.000764506
-0.00147827
0.0105243
-0.000856619
-0.00106909
0.0025356
-0.00128814
0.00328899
0.000380142
-0.00238099
0.000603961
0.00757225
-0.00488842
0.000901939
0.000122154
0.00492093
5.0507e-05
0.00060109
0.00199818
0.0383303
-0.0001255
-0.000140604
0.000197196
-0.00022644
0.000102584
0.000169214
0.00114342
0.00144675
0.00233935
0.000272332
-0.00447245
-0.00107487
0.000636032
-0.00106053
0.000864869
-0.000412793
5.82508e-05
-0.000510327
-0.00109034
0.000899762
-0.000450319
0.000567992
0.00197185
0.0022012
-0.00115274
-0.00270208
0.000646101
-0.00103981
-0.000729221
-0.000645383
0.000979064
0.100549
-0.000301308
-1.46494e-05
-0.000197577
0.000513534
0.0017241
-0.00244028
0.00192822
-0.000758337
0.000554216
-0.000422152
-0.000219108
-0.000890308
0.00288718
-0.000791624
-8.43125e-05
-0.00884669
0.000734401
-0.000229844
-0.000152278
-0.00168958
-0.0081486
0.00950958
0.000666075
-0.0116286
0.00474377
0.000961098
0.00104615
-5.46168e-05
-8.6626e-05
0.000344539
-0.000203296
-6.94611e-05
-0.000277098
0.000608131
0.00171946
-0.000103053
-0.00403166
0.00258267
0.00307953
-0.00163054
-0.000496456
-0.000444867
0.00118377
0.00236107
-0.000220672
-0.00050614
-0.000482576
-0.0668082
-0.00619784
0.0068935
-0.00884426
-0.00531518
-0.0181075
0.00711944
-0.036809
0.000777135
-0.00445343
0.00936412
0.00159242
-0.0167084
0.0144985
-0.019451
0.0148128
0.0255049
-0.000550421
-0.000819751
0.00100052
0.00341114
-0.00207405
0.00146163
0.000617307
-0.00160876
-0.00363223
0.000100953
-0.000786953
-0.00174547
0.00334695
-0.00142043
0.00228735
-0.000826843
0.00220802
-0.000905046
0.000473469
-0.00186122
0.000166227
0.000206814
-0.00111337
0.000523574
-0.000137092
-0.000446147
0.000194046
0.000534559
-0.000803232
0.000492165
0.00296506
-0.00430814
0.00517694
-0.000635326
0.00291912
-0.0051918
-0.00198461
0.000134318
-0.00220641
0.0033163
-0.00049054
-0.000952163
0.00157198
-0.00213766
0.000369011
-0.00035953
0.00115345
0.00102781
-0.00322243
0.00170871
-0.00176481
-0.000113261
0.000872477
0.00107946
-0.00109057
0.00240921
-0.0004171
-0.000787272
-1.29776e-05
-0.000171527
0.00256981
-0.000326559
-0.000762171
0.00111337
0.000303836
-0.000949053
-0.000774506
0.00103402
0.000518034
0.000645313
0.00246003
-0.00152685
-0.00146095
0.000789505
0.000351584
-0.0007027
0.000713829
-4.83883e-05
0.00130627
-0.00126286
-0.00175911
0.000125366
-5.8807e-05
0.00205902
-0.000673661
-0.000431803
0.000683014
-0.00062218
0.00204918
0.000516466
-0.00349827
0.000259752
0.00135254
-0.00180612
0.0016866
-0.00141328
0.00917526
0.0185729
0.000795344
-0.000566428
-0.0075473
0.0197945
-0.0207918
0.0017501
-0.00223239
0.000812257
-0.000394116
-0.00036568
0.000633027
0.00032026
-0.000564994
-0.000223014
0.00018342
0.000269875
0.000236508
-0.000835461
0.00056576
-0.000938317
0.000236821
0.00653418
-0.00173419
2.7389e-05
-0.0130454
0.00866854
-0.00211568
0.00217229
-0.000469501
0.000412891
-0.00236679
0.00163337
0.000734152
-0.00173286
0.000978169
0.000272143
-0.00014531
0.00117632
-9.53449e-05
-0.000200513
-6.505e-05
6.60531e-05
-0.000201642
0.000200639
-0.00015153
0.000464128
-0.000410465
0.000487462
-0.00029533
2.47637e-05
0.00138504
-0.000162521
6.18043e-05
0.00017312
-0.000123808
4.08737e-05
0.00137106
-0.00620141
0.00741605
0.00695639
0.000751716
-0.0037055
0.00132158
-0.000699936
0.000496114
-0.00252274
-0.00227548
0.000823065
0.00155761
0.000492901
-0.00134409
-0.000109649
9.03424e-06
0.000305035
-3.23989e-05
0.000298062
0.000241612
0.000227295
-0.000311773
0.00108307
0.00115094
-0.000500448
0.000835229
-0.000714263
0.000668033
0.000368811
-0.04552
0.0277028
-0.011651
-0.0301567
0.0701934
-0.0082472
0.0922361
0.0229062
0.0129561
-0.0350466
0.0774481
-0.00014884
0.00115289
0.0045619
0.00199168
-0.00381697
-0.00273661
-0.000141814
-0.00138656
0.000415237
0.00241604
0.0165292
-0.040963
-0.0279149
-0.0136031
-0.00191251
-0.00764259
0.00796328
-0.00400003
-0.0110728
-0.0219767
-0.0504988
0.0695279
0.00430705
-0.00541548
0.0234172
-0.101613
-0.0205562
-0.0223595
0.00562776
-0.00122837
-0.000708397
-0.00204457
0.00149937
-0.0480933
-0.000570635
-0.00021818
0.00314989
-0.000401227
4.08157e-05
0.0024501
0.000610982
0.00112752
2.86974e-05
-0.00539567
-0.000216922
-0.00115883
-0.0643682
0.000410611
-8.27952e-05
-0.000650727
-0.000201165
-0.000454149
0.00130604
0.00223638
6.53319e-05
0.00042187
-0.000411403
0.000237989
-1.73166e-05
0.000843338
-0.00771858
0.000389626
-0.00123408
-0.000338045
-4.65062e-05
0.00159373
-0.00074773
-7.38588e-05
-0.000108559
1.17409e-05
0.000381569
0.000206941
0.00464331
-0.00333626
-0.00103304
0.00279005
0.000825667
0.00240391
-0.00157459
0.00194124
-0.0908719
0.0941682
-0.055923
0.0480259
-0.096724
-0.00780632
0.00459885
0.00350444
-0.00709998
0.00901234
-0.0108179
-0.00253929
-0.00588254
-0.000932368
0.00697828
-0.00726419
0.00121827
0.00590393
-0.000638349
0.000930357
0.00735923
-0.000605671
-0.00854203
-0.000330075
4.2867e-05
-0.0331578
-0.0443754
-3.90612e-05
-2.33737e-05
-0.000173285
0.00287205
-0.00325417
-0.00165038
0.000431477
0.00133193
-0.000976713
-0.00199247
0.00429289
-0.00338433
-0.0163317
0.0467354
0.0706863
-0.0576567
0.0569751
-0.0198297
-0.0122863
0.000570871
0.00352912
0.00215792
-0.00625791
-0.0278025
-0.0248115
0.0022107
-0.00345363
-0.00026477
0.00127853
-0.000342719
-9.24734e-05
-0.0054953
-0.00422304
0.00375787
-0.00149069
-3.30605e-05
0.00327098
0.0309541
-0.000509626
-0.000850954
2.72215e-05
-0.000319117
-0.000458477
0.000477577
0.00064452
0.00177673
-0.000712547
0.00681935
-0.000212261
-0.00155495
0.000340122
0.000414794
-0.00237378
0.00242482
0.00708594
-0.0189509
0.0552646
0.0167913
0.0126731
-0.0047129
-0.00895363
0.00521028
-0.00449174
-0.0178194
-0.016675
0.0115097
-0.00592117
0.00144126
-0.0315788
0.0246543
-0.00908143
-0.00174408
-0.0119065
-0.0248515
-0.000353543
0.000798504
-0.00043152
-0.00239514
-0.000491411
-0.00200498
0.00229309
0.000203306
0.000488284
2.9807e-05
0.000950099
-0.0159419
0.0280011
-0.0108882
0.00711532
-0.0143725
0.0168694
-0.0490599
0.046585
-0.0090038
-0.00174718
0.00694788
-0.0492143
-0.00277601
-0.00425861
0.00102494
-0.00324091
-0.00517077
0.00966952
-0.00118461
0.000197041
0.0011869
-0.00060734
0.00219378
-0.003166
0.00058126
0.000408944
0.00508199
0.0019155
-0.0417308
0.0419928
-0.0100112
0.0249436
-0.078354
0.018334
-0.0103641
-0.00561278
0.0143153
0.00891596
-0.0113715
-0.0111657
-0.0515304
0.106227
-0.0505557
-0.00386331
0.00723421
-0.00342283
-0.00468213
-0.00480735
-0.000646192
-0.0012468
0.000523189
-0.00216614
-0.00469424
0.00183781
-0.00358466
-0.00686542
0.00436877
5.63681e-05
0.00110531
-0.00186165
-0.00152118
0.00139326
-0.000656848
0.000146269
-0.000319917
-0.00985245
0.0221329
-0.00257643
0.00363102
0.000324485
0.000513862
0.00468493
0.000401417
0.00762743
-0.00337402
0.00578023
-0.00442971
0.00397807
0.0113638
-0.00837469
0.00102009
0.00830103
-0.00011677
-0.000308038
0.000645253
0.0519269
-0.030615
0.035113
0.00682953
-0.0113275
-0.0344889
-0.00257809
0.0382352
-0.0346358
0.00413602
0.00131653
-0.0486406
-0.011706
-0.0107635
-0.000439333
0.000146883
-0.015681
0.00160114
-0.000418424
-0.00133647
0.000570286
-0.0188469
0.000749346
-0.00116777
0.00128736
0.000343253
0.00410795
-0.00436069
0.00164943
-0.00133402
-0.00126501
-0.00111739
0.00469442
0.0348797
-0.0158639
-0.0360215
-0.0167637
-0.0356525
0.0357149
-0.00507235
0.00414213
-0.00206525
-0.00603352
-0.0066802
0.00665905
0.00170191
-0.00377705
0.000548404
0.00115093
-0.00101638
-0.000575
-0.00097742
0.000573948
0.00171429
0.000401672
-0.000276248
-0.00141736
-0.000448976
0.00753955
0.00170382
-0.00394979
0.00184711
0.00300364
-0.0133003
0.00506068
0.0161167
-0.00160371
0.00207176
-0.00129034
-0.000936476
-0.00070983
0.00022593
-0.000367931
2.43428e-05
0.000251077
-0.000349506
0.00630528
0.000197232
-0.00837579
-0.00446541
-0.000118914
0.000270136
0.000206259
-0.001056
0.000744327
0.000676726
-0.000967503
0.000253024
0.000305747
-0.000696217
0.000212719
-0.00455324
0.00609878
0.000801968
-0.000805246
-0.0011703
-0.000165459
0.000213277
-0.000458773
2.37302e-05
-0.00105976
0.000559393
0.00464249
0.00106376
0.000267804
0.00140282
0.00137702
0.00218456
-0.00828778
-0.0171155
-0.000960095
-2.61266e-05
-0.00040469
-2.21302e-05
-0.000163556
0.00297127
-7.98858e-05
0.000233214
0.000461096
-0.000111472
-0.00106185
0.000998643
-0.000513767
-5.26396e-05
0.000426025
-0.000207551
0.00022486
-9.45543e-05
-0.0003791
0.00131138
-0.000656563
-0.000196809
-0.000118084
-0.0010823
-0.000586711
0.000586125
0.00102451
-0.000451881
-0.000148338
-0.131031
-0.0240481
0.0536757
-0.00861094
-0.019058
0.00176125
-0.000425318
-0.000327771
0.0299711
0.0282781
-0.00626738
-0.0190078
0.0190272
0.000877309
0.0133204
-0.000937312
-0.000667408
0.000250838
-0.000934406
0.00135098
-0.00430077
-0.00359151
0.0024966
0.00125542
-0.00472414
-0.00494433
0.00506666
-0.000880738
0.00157374
-0.000926125
0.00744027
-0.0040404
-0.00178728
-0.000476609
-0.00124861
0.00193269
0.00308041
-0.0049402
-0.0166893
0.00278261
-0.000293173
-0.0010547
-0.000853593
0.0017467
-0.000154522
0.000782727
-1.32625e-05
-0.000134396
0.00175134
0.00171185
0.00187298
0.000279164
-0.00101413
-0.00056441
-0.018002
-0.0046696
0.00890968
-0.00512072
-0.0110879
-0.00185609
0.00248321
-0.00146637
-0.000703191
-5.17601e-05
-0.00153286
0.000888405
-0.00502557
0.00146197
0.00273935
0.000652211
-0.00344332
-0.0043352
0.00135532
0.00157035
0.000557327
0.000663844
0.000184014
0.000106946
-0.000442612
0.00718727
-0.00207191
0.00181
0.000667422
0.000844661
-0.00245117
0.00130678
-5.29051e-05
-0.00123611
-0.000166791
-0.000894399
-0.000222806
0.00498451
-0.000460386
-0.0010278
-0.000472535
0.000452643
-0.000434538
-0.00118116
-0.00179411
9.19987e-05
0.00127603
-0.000151312
-0.000329665
-0.000729228
0.000609041
-0.00577767
0.00164863
-0.00204548
5.83038e-05
-7.68335e-05
0.00197912
-0.00022354
-5.47207e-05
0.00072741
-0.00141862
-9.27604e-05
7.73435e-06
-0.000144484
-0.000319636
-0.000280031
0.000229198
-0.000150529
0.000961839
-0.00371109
-0.0294119
-0.00414906
0.000446327
0.000418314
0.0012153
-0.00140881
-0.0129617
5.2698e-06
-2.67495e-06
0.000232393
-0.000120522
-0.00120875
-0.00111441
-0.00031057
-0.000246107
-0.00167905
-0.000541316
-0.000327692
0.000261791
-0.000355609
0.00215734
-0.00225379
-3.78869e-05
0.000518108
-0.00180978
-0.000450198
0.00138564
0.00350644
-0.00305427
-0.00592232
0.000748669
0.00279818
0.00539315
-0.00326829
-7.32847e-05
-0.00101817
4.68516e-05
0.000784473
-0.00432291
0.00174022
-0.000186193
1.90153e-05
0.00019997
-0.00011235
-6.19626e-05
0.00150757
0.000310198
-0.000732175
-0.00143924
-0.00139614
0.00222904
-0.00283254
0.000220196
0.000966203
0.000487505
0.000245699
-0.000869191
0.000152496
0.000129438
0.000210481
0.000787797
0.00278812
-0.000304334
0.000215387
-0.0222857
0.014735
0.01287
-0.00849025
0.00459509
0.0010549
-0.000383881
0.00149618
3.52301e-05
-4.59298e-05
-0.000905209
0.00374913
-0.000582077
-0.00111934
0.00100722
-0.000380087
-0.00103887
-0.00158532
0.00605181
0.000406213
-0.000315207
-0.000168092
-0.000236011
-0.00336043
0.00245005
0.00024819
-0.00130723
-0.0025697
-0.0145081
0.0012202
0.000684911
-9.38232e-05
-0.00077545
-0.000292661
0.00584575
0.001948
0.00463282
-0.00714499
-0.000139358
0.0060864
0.00822833
0.00200973
-0.00208572
-0.00696183
0.00461191
0.00756211
0.000178881
-0.000177065
-0.000393258
0.000200363
-0.00269186
0.000549291
-0.000378283
-8.41686e-05
-0.000172452
-0.00221261
-0.00178001
-0.000733047
0.00807459
-0.000957462
0.00132698
-0.000285682
-0.00199035
0.00843514
-0.00606312
0.0185108
0.000195368
-0.0016109
0.00115214
-2.00527e-05
-0.00233733
-0.0963304
-0.0655701
0.000401848
0.000407685
-0.00191137
-0.016052
0.000320248
0.00210483
0.00192981
0.00227767
-0.00329175
-0.0004296
0.00228088
0.00399507
0.00182451
0.000202566
0.0019806
0.00214421
-0.00111851
-0.00260447
0.00347912
-0.0017953
-0.00160954
-0.000567605
0.000707977
-0.000754053
0.000472056
-0.000156651
-2.95428e-05
-0.00237505
0.000161593
-0.00148401
0.00271587
-0.000417183
-0.00156856
8.2097e-06
0.000920088
-0.000972267
0.000224552
0.000262352
0.000399032
-0.000328363
0.000569191
0.000178171
-0.000564561
-0.000215355
-0.00620708
-2.45939e-05
0.000868038
0.000295853
-1.47333e-05
-0.000114349
0.000189088
0.000613303
-0.000511223
0.000255283
-0.000848247
0.00038071
-0.000135528
-0.000543687
0.000545967
-0.000977576
-1.87102e-05
-4.01604e-05
0.00036877
-0.000528737
-8.65322e-05
-0.0057914
-0.00760401
-0.00235282
-0.000186125
-0.00464373
-0.00137013
0.00101338
-0.00179857
0.0021404
0.00154172
-0.0010643
-0.00143903
0.00108604
-0.000219407
6.1143e-05
-3.75315e-05
-0.000195801
-0.000306534
8.38268e-05
0.000123592
-0.000229149
-0.000125072
0.000498128
-0.00101701
0.00237322
-0.00196938
-0.00342716
-0.00697388
0.00700624
-0.000698396
0.00127966
0.000446162
0.000221138
-0.000503257
0.00105568
0.00053619
-0.119889
-2.21947e-05
0.00601354
0.000219133
0.00086313
-7.38093e-05
0.0521158
-0.0294369
-0.00182527
-0.0541745
-0.0233221
-0.010029
-0.00268277
-0.000875535
-0.000319511
-0.000181972
0.000351033
-0.0267952
0.0430919
0.00228809
-0.0186876
-0.00815959
0.0116378
-0.00339283
0.0648222
0.0211163
-0.0329788
0.033304
-0.000573304
-0.0385572
-0.0631158
-0.00146149
-0.000810604
0.000288515
0.00111872
-0.00174972
0.0268537
-0.00883041
0.0237266
-0.00799838
0.000764657
0.000218747
0.0063508
-0.0112822
-0.0169858
-0.00159095
-0.00101608
-0.0165607
-0.00131579
-0.000243901
0.00136223
-0.000648136
-0.000382635
-0.00298896
0.00273583
0.00257752
0.129537
-0.11195
0.00152746
-0.0214629
0.0805649
-0.0917299
0.0980561
0.000308588
0.0105151
-0.00742293
0.00723606
0.00399251
-0.000168675
2.57762e-05
-0.000505814
2.81576e-05
-3.84185e-05
-0.000551717
0.000377305
5.85815e-05
0.00054973
-0.0580601
-6.84516e-05
0.000209709
-0.000327547
-3.49127e-05
-0.000432508
-0.00173366
0.0294069
0.0050961
0.0005669
0.000382412
-0.000238113
0.000191734
-0.000200479
-0.00032481
0.000754358
9.01443e-05
-0.000229492
0.00888125
-0.00591004
-0.0048037
-0.00653632
0.0409577
0.00378375
0.0428333
0.00404233
0.0015302
0.00160749
0.00195128
-0.00068354
-0.000830668
-0.0037499
0.00034829
0.00628726
-0.0354006
-0.000456581
8.36874e-06
-0.0155543
0.00370891
-0.0169893
0.00139047
-0.00192827
0.000863507
-0.000592767
-0.00237452
0.00163849
-0.00391937
-0.00017375
-7.64658e-05
-0.000711226
0.000350694
0.000639807
5.31929e-05
-0.00218662
-0.000444432
0.00020286
0.000636657
-0.00497216
0.00301325
-0.000713407
1.07069e-05
-0.000211857
-0.00405099
0.00793799
-0.000549241
-0.000811016
0.00128421
0.00708977
0.000546273
0.0064684
-0.032041
0.0162789
0.0504585
0.00980412
-0.0132142
0.0507115
-0.0724513
-0.0043193
-0.00245893
-0.00200435
0.000686225
-0.00144736
0.00186987
-0.00159191
0.000287146
-0.000378852
-0.00136682
-0.000146919
0.00140925
-0.00262915
-0.000318834
0.0105431
0.00211083
0.000218412
-0.0180102
0.0110127
0.00461314
-0.00205216
-0.000283186
8.98274e-05
0.000241446
0.000207965
0.000203132
0.000208092
-0.00177875
0.000256732
0.00138989
-0.00155964
2.4527e-05
-0.000219134
-0.00153543
-0.00467364
-0.000961475
-0.00220518
0.000564237
9.82426e-05
-0.000210372
0.000288236
0.000641586
1.60742e-05
9.79877e-05
-3.36712e-05
0.000214042
-0.000480926
-0.000329684
-3.47727e-05
0.000185214
-0.00169059
2.69069e-05
-0.00135497
-0.00116522
0.000877623
-0.00241457
-0.000890211
0.00211752
-0.000208653
0.000477189
-0.0016255
-0.000477909
-0.000313519
-0.00162706
-0.0033498
0.000360355
-0.000301694
0.0170491
0.00379707
0.000648207
0.00458805
-0.000175047
-0.000592154
0.0263569
0.00393893
0.00102964
-0.00354331
-0.000851545
9.40824e-05
-0.00175656
-0.00420901
0.0457902
-0.00657349
-0.00277079
0.00276535
0.00597156
0.00151627
-0.00293096
-0.00141022
-0.000795225
-0.00299633
0.00204313
0.00379817
-0.000537118
-0.00371414
-0.00140751
9.67135e-05
0.00115208
-0.000467991
0.000245331
-0.00161126
-0.00157299
0.00149033
0.00328924
-0.00220204
-0.01898
0.00248665
-0.00094465
8.60154e-05
-0.00217897
0.00102065
0.000122783
-0.00200332
-0.000303656
0.00183246
-0.00013767
0.00021816
-0.00191296
-0.00226638
0.000890848
-0.00241113
-0.00416664
3.06424e-05
0.000863394
0.000185241
0.000772517
0.000535875
0.00222201
-0.0042322
1.22e-05
-0.000129927
-0.00241623
0.00273052
-0.00519718
-0.0016816
-0.00454654
2.05408e-05
-0.00089949
-0.000410675
0.00289053
-0.0011621
-0.0044366
0.00268504
0.000794701
0.00175136
-0.00312486
-0.00244978
-0.00079072
0.0028109
-0.000720346
0.000555842
-0.000308032
0.00822937
-0.0147896
0.000816185
-0.0125017
0.00298506
5.66356e-05
-0.00237312
0.00709176
-9.62405e-06
-0.000404026
-0.00824553
0.00133451
0.000110388
0.000210687
-2.82019e-05
-0.00436663
0.00201681
-0.00150041
-0.0021452
-0.00418056
0.000258624
-2.60861e-05
0.000123114
0.000157747
0.0155846
0.000570319
-9.97643e-05
-0.0167481
0.0162702
0.00962541
0.0110227
-0.000756755
0.00116312
-0.000259089
-0.000753745
4.39299e-05
-0.00066254
0.000312531
0.000350196
-0.000511056
0.000295307
0.0023026
-0.000516089
-0.00166435
-0.00116943
-4.4283e-05
0.000565155
-0.00254729
0.00105093
-0.00280611
-0.0013442
0.000904129
-0.00521054
0.00904769
0.00195544
0.000352164
-0.0104045
-0.00042874
0.000506037
-0.000864899
-0.00132455
-0.000584044
0.00188905
0.00128986
-0.0019259
-0.00283205
-0.000929476
-0.000411894
-0.00215188
-0.00106183
0.000885874
-0.0133287
0.0111542
-7.26722e-05
0.00194629
-0.00063764
0.000411052
0.00225804
-8.17593e-05
-0.000550517
0.00422401
-3.96145e-05
0.00166669
-0.00116364
-0.000961487
0.0188608
-0.00373543
-9.91731e-05
0.000273383
-0.000741571
0.0114815
-0.000721234
-0.000359123
-0.00108578
-0.00150609
0.0164804
-0.0123021
-0.0292606
-0.00733961
0.000724557
-0.00130725
0.000110612
0.0147255
-0.00066359
-3.60905e-05
0.00389264
-0.0104433
-0.00573034
-0.00012109
0.000694924
0.0349453
0.000574879
-0.000571537
0.000629132
0.0257868
-0.042504
0.0118563
-0.00104197
0.0419991
-0.00461845
-0.0307949
-0.00011626
-0.000146962
-0.00158206
-0.000568069
-0.00772905
0.00394611
0.00159498
0.001511
0.00473829
-0.0281246
0.0144903
-0.0207433
-7.30561e-05
-0.000618572
0.0114555
-0.00673709
0.00628307
-0.0110014
0.0035744
-0.000695929
-0.000437358
0.0511629
-0.0513278
0.0011873
0.00104728
0.00223668
-0.0021466
0.00184774
0.00117139
-0.00035191
0.00257489
0.00124224
0.00217689
0.000425937
3.85652e-05
-0.0012425
0.00385688
0.00137022
-0.000964043
0.000442154
0.000152712
0.000249075
-0.00196724
0.00181559
-0.000408698
0.035485
0.000173099
7.6886e-05
6.20267e-05
-0.000619443
-0.00125218
0.00530856
-0.0155737
0.0010911
0.00851885
-0.00247038
0.000815827
0.000202549
-0.000887356
0.000350607
0.000148881
0.000312945
-0.000111453
-0.000547869
0.000490311
-0.000416524
0.00105095
0.0361841
-0.0132739
0.00114222
-0.000222376
0.0239243
0.00106132
0.00509903
0.00313055
0.00603815
-0.00320161
-0.000794711
0.00094867
0.000591434
-0.00535435
-0.000837721
-0.000381411
0.000512481
-0.000548906
-0.000886473
-0.000394565
-0.000420198
0.0025001
-0.00160443
-0.000834127
0.00324874
0.00644993
0.0125437
0.00377137
-0.0159442
0.013774
0.000170973
0.000263849
-0.0017729
0.0550396
0.0601598
0.0138468
-0.00183608
0.00113451
0.00168662
-0.00277453
8.86528e-05
0.00164214
-0.103794
0.074269
-0.0531898
-0.00741301
0.0579767
0.0888996
0.00531329
-0.0020355
0.000575309
-0.000537765
-0.000596226
0.000775609
0.000801749
0.00131711
0.000793048
0.00150042
0.000417676
0.0021322
-0.000119651
-0.00149189
-0.000165676
8.92379e-06
0.000492608
0.000127498
-0.00267163
1.34093e-06
-0.000245527
-0.00123846
0.000644189
0.00047318
0.0372038
0.00143161
-0.00289465
0.00524167
0.00226325
-0.000729076
-0.0122807
0.00683849
-0.00495284
-0.000892672
-0.00318233
9.70727e-05
0.000109307
-0.000821276
-0.000700834
7.31837e-05
-0.000256261
-0.000435365
0.000238149
0.000435149
-0.000386032
-0.0004394
0.000224328
0.00161254
-0.00127868
-0.00014779
-0.000536369
-0.000453108
0.0027923
0.000609556
0.00749861
0.00203958
0.000363459
0.0635245
-0.0250512
0.000322516
-0.000310975
0.000120367
-6.52345e-05
-0.000259226
-0.000133243
-0.000144247
-3.72992e-05
0.000161296
-0.00197256
0.000740368
-0.000229576
0.00129978
0.000355465
0.00120536
0.00362723
-0.00206304
-0.000470601
0.00579797
-0.00383355
-0.00104638
-0.000368356
-0.000181897
-0.00169932
-0.00158918
-0.0499692
-0.0733003
0.0115971
0.00589255
-0.00021215
-0.00237042
0.00653468
0.0901975
0.000424144
-0.000263177
6.63949e-07
9.91172e-05
0.000379194
-0.00196654
0.012814
-0.00219061
0.00192591
-0.00130589
-0.000820583
-0.00107036
-0.00159005
-0.000939469
0.00314247
-0.00160768
-0.000206795
-0.000381774
-0.000276412
-2.11838e-05
0.00010497
-5.68525e-05
7.18285e-05
-3.5927e-06
-0.000107448
-0.000116392
-0.03359
-0.0138489
-0.0102887
-0.0201729
0.0281765
0.0268821
-0.0286878
-0.020902
-0.0229518
0.0289319
0.000472858
0.0021996
-0.0243351
0.000409539
0.000278831
0.0124165
-0.0313893
-0.00607171
0.0181461
0.00252453
0.0544506
0.0538703
3.08317e-05
-0.000678501
-0.00177729
0.000416057
-0.000839903
0.000171145
0.000880082
-0.00244066
-0.000136952
0.000531098
7.16851e-05
0.000217529
-0.000204027
-0.034822
0.00296113
0.00607718
0.000178099
0.00012682
-0.000470601
0.000482751
6.69063e-05
0.0357735
-0.00102594
)
;

boundaryField
{
    outlet
    {
        type            calculated;
        value           nonuniform List<scalar> 0();
    }
    walls
    {
        type            calculated;
        value           uniform 0;
    }
    inlet
    {
        type            calculated;
        value           nonuniform List<scalar> 0();
    }
    model
    {
        type            calculated;
        value           uniform 0;
    }
    procBoundary10to1
    {
        type            processor;
        value           nonuniform List<scalar> 
67
(
0.0464558
0.0425694
0.0341754
0.0370018
0.130272
0.108668
0.0767142
0.0332632
0.0593173
0.0479985
0.0909099
0.0203292
0.0674122
0.106351
0.144209
0.0722189
0.0734702
0.107038
0.11403
0.0570552
0.0507337
0.0672571
0.0849676
0.0924952
0.0640882
0.0835757
-0.0159293
0.12639
0.0988056
0.146613
0.0830239
0.0404771
0.0207501
0.0305848
0.0506274
0.0817407
0.0781443
-0.00155773
0.104838
0.124314
0.0988826
-0.0215475
0.0733372
0.00325537
0.069135
0.0444123
0.0105437
0.125791
0.0423264
0.0659305
0.100942
0.0549018
0.112535
0.139619
0.0944223
0.120608
0.100852
0.0610481
0.0614865
0.0645773
0.124696
0.0290986
0.107246
0.111395
0.0391647
0.113441
0.093157
)
;
    }
    procBoundary10to8
    {
        type            processor;
        value           nonuniform List<scalar> 
100
(
0.0119924
0.03141
-0.00488597
-0.0194964
0.00936492
-0.00102514
0.0412758
-0.0850481
0.000222293
-0.00536016
-0.000932085
0.00769864
-0.000648614
-0.0332174
-0.0034129
0.000319452
0.0040809
-0.0175459
-0.0101535
-0.0293132
-0.00021383
-0.0112037
0.00148101
-0.0021723
0.000645324
-0.000843375
0.00652982
-0.0137185
-0.017815
-0.000399018
0.000662182
-0.00696812
-0.0747932
-0.06167
0.00838762
-0.00879325
-0.0177428
-0.00284343
-0.00654658
-0.023221
-8.00874e-06
-0.0191297
0.000169367
-0.00489827
0.0090521
-0.00104514
-0.0311622
0.0101036
0.0085446
0.00476364
0.00437942
0.000955491
0.00322287
0.0240252
-9.77158e-05
-0.0126785
-0.00102214
-0.0131344
0.00678893
-0.000887666
-0.000826122
-0.0025444
-0.0128995
0.000362193
0.000119886
-0.032871
0.00109912
-0.00700432
-0.00501688
-0.0217346
0.000358706
0.000573551
0.00430835
0.00809091
0.00429003
0.00287328
-0.0126464
-0.00189859
-0.00139625
0.0047262
-0.0742911
-0.0106614
0.000847533
0.00194221
0.00734892
-0.00405454
-0.00675793
0.000808211
0.00478907
0.000304133
-0.0456785
-0.00358693
-0.0119732
-0.00125584
-0.00271058
-0.013762
-0.00458221
-0.00246771
0.000209881
-0.00518005
)
;
    }
    procBoundary10to9
    {
        type            processor;
        value           nonuniform List<scalar> 
120
(
-0.0386861
0.000191901
0.000684031
0.000642238
0.000218894
-0.0127516
0.000338734
-0.0496205
0.000156811
0.000215876
-0.00441311
-0.00156992
0.000228592
-0.000644122
0.000200232
-0.00014072
-0.000164108
0.000201016
-0.00054266
0.000604459
0.000580097
0.000419009
-0.00276637
0.000495188
-0.0444733
-0.00106284
-0.00440838
-0.00326717
-0.00374621
0.000199384
0.000141829
-3.51033e-05
4.51439e-05
-0.000900838
-0.000367405
0.000723233
0.00013819
-0.00175014
-0.000122961
-0.0128925
0.000269091
-8.66658e-07
0.000459773
-0.0151689
0.000766124
-0.0153635
-0.00497243
0.000133663
-0.000892601
-0.000331792
-0.00609612
-0.00361529
0.000148062
0.000528024
-0.00368851
-0.0201431
-0.000650604
-0.000361209
-0.00799951
-0.000504021
-0.0267697
-0.000835405
-0.00964728
-0.00805761
-0.00142691
-0.0213336
-0.000817515
0.00051127
-0.000564141
-0.00975186
-0.002044
-0.0125803
-0.000178847
-0.00758325
-0.0157924
0.00126306
0.00117299
0.00120475
-0.0110184
-0.000199703
-0.00870893
-0.00395466
-0.00849177
-0.00229756
-0.009772
-0.00143761
-0.00258001
0.000113457
0.000244308
-0.00503086
-0.00293467
-0.00109026
-0.00229139
-0.00969661
0.000161742
0.000251735
-0.0095378
-0.00149509
-0.0104419
0.00242769
0.000286579
-0.00153627
-0.000506216
0.00049431
-0.0263246
9.85961e-05
-0.00133066
-0.0386903
-0.00579964
0.000110651
-0.0117118
-0.000929854
0.000440222
-0.000392549
-0.00488587
0.00374697
-0.00563355
-0.00802146
0.000579346
-0.000865681
)
;
    }
    procBoundary10to11
    {
        type            processor;
        value           nonuniform List<scalar> 
265
(
-0.00482995
-0.00191677
-0.00167581
-0.00190441
-0.00269175
0.000262503
0.000732749
-0.00147158
-0.00541525
0.000373112
-0.0277866
-0.00795877
-0.00137931
-0.00153776
-0.00124555
-0.0028599
-0.0023158
-0.0551824
-0.0202105
-0.0586999
-0.00721396
-0.00114355
-0.00976407
-0.0288995
-0.000491488
5.98896e-05
-0.00420293
-0.000894435
-0.000214672
-0.0145446
-0.076868
-0.00149865
-0.083413
0.000459664
-0.00491076
-0.0534668
-0.0067766
0.00269284
-0.00196018
0.000856746
0.000785422
-0.00220343
-0.00323966
0.00118525
-0.0602476
-0.00295261
0.000889611
-0.00336244
-0.00111962
0.000206641
0.00014185
-0.00621566
-0.0238641
-0.0136108
-0.0324533
-0.000500803
-8.59555e-05
-0.00214858
-0.000455294
-0.00236457
-0.156175
-0.000239225
-0.00417707
-0.0297041
-0.00267162
-0.0634642
-0.0216705
-0.127196
-0.000623827
0.00067549
-0.00147291
-0.00273655
-0.015067
-0.00562009
-0.00280046
0.00033353
-0.00484828
-0.00728545
-0.00138795
-0.030007
-0.00207711
-0.00181254
-0.000513466
0.000224597
0.00209677
-0.000522446
-0.000817052
-0.000905655
0.000416721
-0.129175
-0.0173253
-0.0135182
-0.00164828
-0.0877788
0.000920931
0.00186561
-0.0337007
-0.00151396
-0.000191299
0.00116746
-0.0149857
-0.0453749
-0.00646433
-0.000717392
-0.00106744
-0.00138294
-0.00937597
-0.00495443
-0.000478826
-0.00235055
-0.0631283
-0.00190002
-0.00620285
0.000815863
-0.00144017
-0.0612749
-0.0906548
-0.00343189
-0.00623151
0.00100886
-0.00124999
-0.0288274
-0.00584942
-0.00347719
-0.00298163
-0.00554744
-0.00126218
0.000172807
-0.00924381
-0.00034028
-0.00056747
5.38005e-05
-0.00122244
-0.0156082
-0.0790381
-0.0330307
-0.00259666
-0.0823731
-0.00139233
-0.0208614
-0.0852164
-0.0110039
-0.00224305
-0.0122136
-0.0235823
-0.0470194
-0.0561568
-0.0340092
-0.0134805
-0.00942543
-0.00303228
-0.000410244
0.00963318
-0.0154033
-0.0017525
-0.00202757
-0.00677574
-0.00120584
-0.0311577
-0.00259867
-0.00321162
-0.00202843
-0.00915312
-0.00161312
0.000346554
-0.00390275
0.000436175
-0.00161623
0.000376546
-0.00265919
-0.00437256
-0.00458669
-0.00204014
-0.000886449
-0.0644074
-0.0832226
0.000203914
-0.00109131
-0.00354584
-0.0023129
-0.0528751
-0.0240975
-0.00464
-0.00306086
0.00105357
-0.0141744
-0.00369818
-0.0524096
0.00103478
-0.000408658
-0.00178266
-0.0123072
-0.000421911
-0.0190341
-0.0172429
-0.00503535
-0.0365911
-0.0561283
-0.00328779
-0.00370294
-0.0013897
0.00147613
-0.00261771
-0.000815755
9.54053e-05
-0.00031828
-0.0465753
-0.00920268
-0.000300376
-0.0869636
-0.00926428
-0.0173418
-0.029611
7.31e-05
-0.021345
0.00119122
-0.00515555
-0.000672879
-0.0111266
-0.000959167
-0.00245573
-0.0426517
-0.121396
-0.12364
-0.00175859
-0.042025
-0.000333166
-0.000576828
-0.000519192
-0.000814358
-0.00282153
-0.0288507
-0.099912
-0.000880795
0.000403824
0.00013798
0.00162613
-0.0286309
-0.00303042
-0.00385954
-0.00452356
-0.000960758
-0.000232476
0.000416667
-0.0022769
0.000233024
-0.0033852
-0.00230451
-0.00022095
-0.0134067
-0.0313818
-0.000732508
-0.00436402
-0.0353903
-0.00284215
-0.00203832
-0.00983661
-0.00378829
-0.00296297
-0.000913784
-6.73122e-05
-0.00194306
-0.00568171
0.00232415
-0.0410912
)
;
    }
}


// ************************************************************************* //
