/*--------------------------------*- C++ -*----------------------------------*\
| =========                 |                                                 |
| \\      /  F ield         | OpenFOAM: The Open Source CFD Toolbox           |
|  \\    /   O peration     | Version:  2506                                  |
|   \\  /    A nd           | Website:  www.openfoam.com                      |
|    \\/     M anipulation  |                                                 |
\*---------------------------------------------------------------------------*/
FoamFile
{
    version     2.0;
    format      ascii;
    arch        "LSB;label=32;scalar=64";
    class       surfaceScalarField;
    location    "0.0440925";
    object      phi;
}
// * * * * * * * * * * * * * * * * * * * * * * * * * * * * * * * * * * * * * //

dimensions      [0 3 -1 0 0 0 0];

oriented        oriented;

internalField   nonuniform List<scalar> 
7237
(
0.147469
-0.0958528
-0.00700716
-0.0446089
-0.0621888
0.0600121
0.0373135
-0.0351368
-0.017227
-0.0171215
0.0581156
-0.0237671
-0.0195594
-0.101879
0.0645554
0.0568826
-0.0864202
0.0863154
0.000104796
0.0334839
-0.00546113
-0.0754491
0.0474263
0.000576966
-0.0587453
0.0581684
-9.16345e-06
0.0701717
-2.10097e-06
-0.0701604
-0.0547841
0.0544757
0.000308399
-0.0977132
0.0905276
0.00515587
0.00202971
-0.116069
0.0264029
0.128528
-0.0388622
0.0246422
-0.0036327
-0.151335
0.130326
0.00690093
0.0176515
-0.0274206
0.00286822
0.0420324
-3.46795e-05
-0.00233479
-0.0290608
0.0413925
-0.00999698
0.128913
-0.142218
-0.0280518
0.0413572
-0.0151192
-0.045187
0.0579714
0.086836
-0.0159906
-0.0804329
0.00958751
0.00571989
0.0312218
-0.0520609
0.0305408
0.0271964
-0.130512
0.0727751
-0.0139071
0.0574867
-0.0100881
0.0278933
-0.00557061
-0.0395103
-0.0534404
0.0117074
0.0812433
-0.00970414
0.0599285
-0.0590207
0.0087964
0.0601133
-0.0605272
0.000413866
0.0727414
-0.0422071
0.0255921
-0.0561264
-0.064534
0.0644373
9.67292e-05
0.000450961
0.0902658
-0.0907168
-0.0996066
-0.0420653
0.11259
0.0290821
0.0254835
0.0403762
-0.0259307
-0.0399291
0.0521783
-0.0208963
-0.0745
0.043218
-0.0987926
-0.00118891
0.103111
-0.00312948
-0.00502902
0.013816
0.0225441
-0.031331
0.0185752
0.0720027
-0.120989
0.030411
-0.0558463
-0.000301932
0.0561483
0.105695
0.120917
-0.0791438
-0.0641799
-0.002295
0.0664749
0.000988414
-0.0658698
0.0648814
0.000993867
0.0797853
-0.0807792
-0.0787424
0.0785548
0.000187519
0.0501964
0.0942957
-0.156383
0.0118912
0.0309358
-0.055881
0.0496584
-0.0247132
0.00020813
0.0737127
-0.0739209
0.00143739
-0.0256093
-0.0203484
0.0445203
-0.0526371
0.0525218
0.000115263
-0.0634415
0.00752406
-0.00128302
-0.0353671
0.0210445
-0.090724
0.105047
0.00215453
-0.0663345
-0.0657352
0.0664964
-0.000761196
-0.0165269
0.0581217
0.0129415
-0.0545363
0.0691554
0.0046834
-0.0535919
-0.0202469
0.0671962
-0.0837231
-0.182622
0.0278622
0.162156
-0.00739554
-0.0186104
-0.116179
0.0162998
0.11849
0.0476001
0.017983
-0.134758
0.0691751
-0.000783935
0.0721097
-0.149982
0.0786561
-0.0269337
-0.0874887
0.0413083
0.0731141
0.0611919
0.0134744
-0.123146
0.0484797
-0.0711642
0.00039058
0.0707736
0.0119588
-0.0666725
-0.0231276
0.0778414
-0.0418421
-0.0366405
0.0873313
-0.00884873
-0.000406093
-0.000309275
0.000396182
0.000319186
-0.0624756
-0.00471228
0.0146123
0.0525755
-0.00902499
0.103136
-0.00503114
-0.0890798
-0.107345
0.00459172
0.0130155
0.0897375
2.20884e-05
-0.000321207
0.000661782
-0.000362663
-8.93755e-05
0.000636871
-0.000525408
-0.00022631
-9.48971e-05
0.000200193
-0.000426503
-0.0157552
-0.0255158
0.017002
0.0242691
-0.050959
0.115352
-0.0501535
-0.0142392
0.0804769
-0.0800501
-0.000426754
-0.00805571
-0.00526851
0.00564537
0.00767885
-0.131616
-0.00836407
-0.000895976
0.0371186
-0.0248994
-0.0174127
0.0051935
0.00462434
0.00757182
0.0518695
-0.0640657
0.110646
-0.00624204
0.00385466
-0.108258
0.0152729
-0.0773425
0.0620696
0.00186878
0.00428481
-0.0942621
0.0881085
-0.00968425
0.0201993
-0.0800551
0.06954
-0.000671935
0.000814826
-0.000142891
-0.0617406
-0.00450399
0.0665991
-0.0974091
-0.00490947
0.104101
-0.001782
0.0504908
0.00113162
-0.0516225
0.0889031
0.106
-0.0868615
-0.108042
-0.000615609
0.000373152
-0.000849915
0.00109237
-0.0339491
0.00589225
0.0177417
0.0103151
-0.000694764
0.000288671
-0.000749309
-0.000525992
0.000475389
0.000799912
-0.00059399
-0.000155319
-0.000334168
0.0051482
-0.00574119
0.000788368
-0.000946097
-0.000715279
0.000873009
-0.0278957
0.0455612
-0.0522725
0.034607
-0.0309974
-0.00208263
0.0310716
0.00200843
-0.0308841
-0.000113321
-0.0309863
0.000102205
-0.00075224
0.0699699
-0.0692177
-0.0224977
0.0324299
0.00566731
-0.0155996
-0.00466363
0.0413795
-0.00069764
-0.00754257
-0.0147447
-0.0821915
0.104479
-0.0549059
0.0559657
-0.00105976
-0.0652486
0.0117645
-0.0706618
0.0648131
-0.00224658
0.00809533
-0.000614287
0.00461272
0.00198639
-0.00598483
-0.0707428
8.09556e-05
0.0631436
-0.0635421
0.000398517
-0.00707509
-0.0122882
-0.00253299
0.0218963
-0.0928747
-0.00399221
0.0945433
0.00232361
-0.0566812
-0.0182165
0.0116605
0.0632372
-0.0565284
-0.000152808
0.048618
0.00742679
0.0292293
0.0139351
0.0141663
-0.0573307
6.64103e-06
-0.0451323
-6.13312e-05
-0.0290541
0.000175147
-0.0510527
0.0198555
-0.00215494
-0.00845049
0.0404695
-0.0298641
0.0410987
-0.0451624
0.0112203
-0.00715661
-0.00043477
-0.000259994
-0.000315649
-0.000645113
0.0676286
-0.000470351
-0.0671582
0.0576319
-0.0310216
-0.0275254
0.000915121
0.0684812
-0.145134
0.0758692
0.0157523
0.0108669
0.0148805
-0.0414998
0.00237474
0.000844313
0.125694
-0.0718384
-0.00994424
0.10112
-0.0193372
-0.00014802
0.00465536
0.00261342
-0.00712075
0.00299343
0.0082876
0.0435096
-0.0547906
-0.0581015
0.0560581
0.00204334
-0.0246185
0.0359988
0.026233
-0.0376132
-0.089941
0.0445202
0.0454208
-0.00175113
0.0100896
0.000587038
-0.00892555
0.0642864
0.0342883
-0.0865689
-0.0120058
0.0409352
-0.0597893
0.0741228
-0.0552687
-0.0490058
0.0403191
-0.00407455
-0.0280047
-0.0578086
0.0578032
5.44345e-06
-0.00165455
0.00346693
-0.00344067
0.00162829
-0.100221
-0.0232107
0.0357974
0.0876338
-0.000820438
0.00248774
-0.0045274
0.0028601
0.0351769
0.000576962
-0.0245678
0.00193334
-0.000528446
-0.00320866
0.00180377
-0.000530466
0.000282587
0.077637
0.000368711
-0.0962701
0.0182644
0.066186
-0.0129762
-0.0072832
0.0142848
0.0568826
-0.0638842
-0.0907616
0.000744175
0.0900175
-0.0994165
0.115143
-0.0128467
-0.00287997
0.00432874
0.0732021
-0.0644001
-0.0131308
0.0557674
-0.0107864
-0.0406523
0.0730247
0.000177412
-0.0732328
0.000284455
0.000415361
-0.063901
0.0634856
0.00319018
-0.0640622
0.0627408
-0.0738515
-0.0709915
0.0791077
0.0890042
-0.0431963
-0.0542915
0.00848365
0.108199
-0.10799
0.000206944
0.108208
0.0315827
-0.130378
-0.00941262
-0.00051062
-0.0926838
-0.000584835
0.0937793
0.0609706
0.0792026
-0.0708814
-0.0692918
0.107947
0.0178558
-0.0710433
-0.0547592
-0.0187627
0.032953
-0.00527681
-0.00891352
-0.00103687
0.0110529
-0.00449733
-0.0709687
-2.40674e-05
0.0709927
-0.084949
0.00426799
-0.00648745
0.0871685
-0.0223012
-0.0364097
0.05685
0.00186095
-0.0525103
0.0106496
-0.0877146
0.0881313
-0.000416639
0.0311748
0.0363346
-0.00463097
-0.0628785
-0.00493378
0.00105916
0.00353517
0.0731093
-0.0007367
-0.0723726
0.0162653
-0.0130658
-0.00327336
-0.0176601
-0.00367548
-7.50648e-05
0.000535852
-0.000520023
-0.12123
0.121214
-0.029683
0.0321431
-0.0810206
-0.114272
0.0396791
0.03953
0.0350633
-0.0726576
0.0322728
0.0643827
-0.023998
-0.0795454
-0.00591195
0.0854573
-0.0477788
0.0485508
-0.000772026
0.0747886
0.0903613
-0.0618113
-0.103339
-0.0175928
-0.00466839
0.0835848
-0.0613236
0.0466313
-0.0280528
-0.0980651
0.0794865
0.0331808
0.0501299
0.0224533
0.0721688
-0.0720704
-9.83887e-05
0.0715746
0.000594167
-0.0860532
-0.000366954
0.000232413
-0.000349194
-0.0579126
0.0580294
0.0080917
0.0750852
-0.0101652
-0.0730117
-0.0618666
-1.03877e-05
0.061877
-0.0134632
-0.0277758
0.0282215
0.0130175
0.037065
0.039289
-0.059212
-0.017142
0.000604879
-0.000785715
0.00046881
-0.000287975
-0.0647666
0.065755
0.00106615
-0.000443615
-0.000161404
-0.000461131
0.00059701
0.000764699
-0.000295558
0.00123489
-0.000637878
-0.0154308
0.0396377
0.0279714
0.0641425
-0.0513253
0.0802392
-0.0930564
-0.012271
-0.00990894
-0.079179
0.101359
-0.0219444
-0.105912
0.0896452
0.0382117
0.0487849
0.0151035
-0.0193223
-0.044566
-0.0172427
0.0351213
-0.0803541
0.0400027
-0.0714423
-0.021564
0.0530036
-0.013616
0.0148448
0.0730124
-0.0742412
-0.0471203
0.048331
-0.0012107
-0.0512869
0.0474494
0.00976383
-0.00592636
0.0137627
-0.0446082
-0.0216378
0.0524834
-0.0561222
0.0558298
0.000292389
0.0806132
-0.0800162
-0.000596958
0.0807768
-0.0083856
-0.0701621
-0.00222908
0.00100702
-0.0522939
0.110968
-0.0793918
0.0443503
-0.0759263
0.0702593
0.0511264
-0.02135
-0.100036
0.0197033
-0.0181232
-0.0183151
0.016735
-0.093885
0.0274708
0.0500076
0.0164067
0.00390447
0.0807957
-0.0144408
0.011306
0.124645
-0.0146005
-0.12135
0.0142942
-0.0363348
0.0618555
-0.0398149
0.0672189
0.0893003
-0.0608891
-0.0956301
0.000197634
-0.000549061
0.000351427
-0.000533901
0.000612817
-0.000522532
0.00063097
0.0698906
-0.0802059
-0.00182155
0.0818199
0.000782275
-0.0807806
-0.0539799
0.017635
0.00844922
-0.000212508
-0.000321393
-0.000170017
-0.00031726
0.000487276
0.0294243
-0.0426547
0.0191472
-0.00591674
-0.014495
-0.0491716
0.0244728
0.0391938
-0.000189005
-0.000107113
-0.0638031
0.0594607
0.0529028
-0.038425
-0.0175897
0.0517022
0.00431249
0.00716946
-0.0499
0.088253
-0.0455225
-0.0347075
0.0218054
0.0160954
-0.00319332
0.0186664
0.00258365
-0.120857
0.0417669
0.000265479
0.0409312
0.0623676
-0.106167
0.0028682
-0.0418792
-0.0186423
0.0643172
-0.00379568
-0.000112274
0.0648589
-0.04257
0.0987688
-0.00848931
0.00738351
-0.097663
-0.000909639
-0.000556677
-0.000352962
-0.00180904
0.00279345
0.00406059
-0.0413797
0.0705104
-0.00762927
-0.0215014
-0.0829293
0.0214426
0.0332217
0.028265
1.28444e-05
0.0285796
-0.0328567
-0.013022
0.0294845
-0.0336895
0.0285318
-0.0802394
0.00155824
6.1992e-06
0.000842642
-0.00240708
-0.0448946
0.0706757
-0.0125313
-0.0132497
-0.0448452
-4.94369e-05
0.0484262
-0.0479159
-0.000510257
-0.043985
0.0512621
0.0111798
-0.0184569
-1.61459e-05
-0.0787262
-0.00452208
0.0355511
-0.00236235
-0.0784668
0.0781176
-0.000200961
0.0287328
-0.00184171
0.00229603
-0.0203849
0.0199306
-0.000296342
-0.000343718
0.00064006
-0.00132926
0.00089649
0.000630405
-0.0463403
-0.0188284
-0.00544164
-0.000110263
-0.0462301
0.032772
-0.000455348
0.00144676
-0.0292164
0.025687
-0.00013315
4.99748e-05
-0.0373968
0.00484244
0.0515693
-0.0594356
0.0182368
-0.0103705
0.0517877
-0.000218359
0.0784395
0.0963832
-0.0731273
-0.101695
-0.0357985
0.0160635
0.0428528
-0.0231178
-0.0358799
-0.000719755
0.000801195
-0.0425017
0.0128119
-0.00619021
-0.00140169
-0.0444349
0.00333491
0.0431657
0.00275971
-0.0473271
0.0431724
-6.72611e-06
0.0641888
-0.064122
-6.68317e-05
-0.000211256
-0.0656373
0.0605607
-0.00805416
-0.0558496
0.000244537
0.055605
0.00016147
0.0573252
0.039594
-0.0170116
-0.00052209
0.0698959
-0.0693738
0.0111043
0.0701399
0.0281044
-0.0155374
0.059989
-0.072556
0.000415232
-0.0394285
0.0390133
-0.00844115
-0.0697974
0.0214911
0.0567474
-0.056919
0.0003906
0.0502863
-0.0714985
0.0127711
0.0323427
-0.0566885
-0.0106954
0.0350412
-0.0824157
0.0525004
0.0859029
-0.0855544
-0.0991411
0.0641816
-0.0743732
0.0148159
-6.4164e-05
-0.0804514
-0.0828637
0.0878841
0.075431
0.000474079
0.000187703
-0.0682201
0.0438657
0.0550733
-0.0307188
-0.00064627
-0.00043172
0.000874147
0.000203843
-0.000172191
-0.00085693
0.00144805
-0.000591118
0.0852725
0.00270944
-0.0658419
-0.0221401
-0.00813863
-0.0083639
0.0395186
-0.0230161
8.90203e-05
-0.00184761
0.00340492
-0.00164633
0.015533
0.0022684
-0.00730829
-0.0787144
0.0728242
0.0098137
-0.0039235
-0.000243243
-0.000351534
0.000361093
0.000566688
-0.00117102
-0.000561118
0.00034346
-4.86338e-05
-0.000604101
0.000236142
0.000107318
0.0672343
-0.124097
0.0133212
0.0435414
-0.00108149
0.00499481
0.00143322
-0.00534653
-0.0699069
0.0700688
-0.000161878
0.0577817
0.000617784
-0.0583995
0.0164417
-0.014774
-0.000980179
0.00217541
-0.00110621
0.056915
-6.4966e-05
0.000577167
0.00223699
0.000727572
-0.00354172
-0.0321812
-0.0194226
0.0534648
2.00698e-05
0.0568949
-0.0920037
0.0788026
0.0780875
-0.0648865
-0.061557
-0.00465514
0.0662121
0.0162337
-0.102763
0.0894099
-0.00288032
0.0200406
0.0294932
0.0042019
-0.0537357
-0.0147423
-0.0400318
0.0524764
0.00229776
-0.0466558
0.0466659
-1.0119e-05
0.000438766
-0.0567987
-0.115475
0.022087
0.071444
-0.105701
0.0638479
-0.00169008
0.00297843
-0.00134905
6.06965e-05
0.00285195
-0.00138974
0.000854271
-0.00766347
-0.121292
-0.0130704
-0.0343189
-0.0586554
0.000387101
0.0925872
6.37787e-05
0.000938248
-0.00100203
0.000292756
-0.000464947
-0.000729444
0.000732091
-0.000716019
0.000713372
0.0600418
-0.0837101
-0.0692064
0.00187457
-0.00123819
-0.0014528
-0.000542134
0.000584412
0.000655093
-0.00069737
-0.00179459
0.0465542
0.00270175
-0.00120651
-0.00386216
0.00236693
0.012719
0.00619362
-0.00598777
-0.0129248
-0.0243184
-0.0428151
0.0328147
0.0704939
-0.0217
-0.0548833
0.00608934
-0.00322349
0.0019934
0.00508855
-0.00252348
0.00176655
0.00075693
0.000868551
-0.000468595
-0.000754912
0.000354956
-0.0197988
0.0564292
-0.00138215
-0.00127232
0.00364854
-0.000994079
0.00983655
-0.0340813
0.0361355
-0.0118908
0.000834083
-2.85423e-05
-0.00142115
-0.000206257
0.000609354
-0.00907146
0.00645264
0.00200947
0.0893864
-0.0795921
-0.117139
0.00203211
0.000963606
-0.00370814
0.000712418
0.000325826
-0.000146727
-0.000179099
0.0293012
-0.0295724
-0.0260753
0.0263466
0.00294256
-0.00445741
0.000308059
-0.0445127
0.0201574
0.0469067
-0.0225514
0.103077
-0.0236008
0.00335027
0.00061032
-0.00152408
-0.00383045
0.00283105
-0.0461684
0.0375249
0.0116369
0.00106497
-0.000381696
0.0014422
-0.00212547
-0.00238854
0.00225656
-0.00296211
0.0030941
-0.00191642
0.000417716
0.00256367
-0.000657469
-0.000274886
0.000202912
-0.00147613
0.00105725
-0.00196966
-0.0829605
-0.000755783
0.0837163
-0.0502922
0.0224251
0.0428352
-0.0149681
-0.0524322
-0.0190173
0.0771404
-0.0056908
-0.04285
-0.0297576
-0.0141936
0.0868011
-0.0322563
-0.00534811
0.0151699
0.0710683
-0.0808901
-0.00881908
-0.0427985
0.010321
0.0412965
-0.000592743
-0.00246122
-0.00211653
0.0051705
0.0334501
-0.00931035
0.00788627
0.0237843
0.00484583
0.0744467
-0.0759344
0.063585
0.0268957
-0.0145463
-0.00467768
-0.0392804
0.0268803
0.0170778
-0.0192876
0.00203167
0.0408726
0.00120683
-0.000980753
0.00580559
-0.0104274
0.0204347
-0.0158128
-0.0390929
-0.0149904
0.0542321
-0.000148763
-0.0212237
-0.00349815
-0.00358725
0.0283091
0.0180267
-0.0553417
-0.00667005
-0.00299659
0.00188103
-0.0001317
0.00124727
0.0231584
0.00507823
0.027241
-0.0554777
-0.0883199
0.119247
0.0110148
-0.0419421
-0.000604983
0.000819184
2.65024e-05
-0.000240703
0.0077412
-0.0111825
0.00923652
-0.00131089
0.00115557
-0.00725451
-0.0149229
-0.0318025
0.0189176
-0.0101628
-0.0215211
0.0127663
0.00165828
-0.0350264
0.0161433
0.0172249
0.0176464
0.0310553
-0.0533794
0.00151103
-0.0127622
-0.0110152
0.0222664
-0.00846178
0.0732145
-0.0760411
0.0112884
0.025623
-0.0695437
0.0150987
0.028822
0.0470045
0.0663462
-0.0701008
-0.0432499
-0.000322357
0.0859257
-0.0858904
0.000287094
-0.117444
-0.0311619
0.0823268
0.0662787
-0.00963084
0.0344395
-0.0342863
0.00947773
-0.0169538
-0.00121397
0.0297062
-0.0115385
-0.0527818
-0.0109953
0.0659034
-0.00212641
-0.0623643
0.0181949
0.0393506
0.00481881
0.00050658
0.0195778
-0.0219261
0.0369223
-0.0499355
0.00829906
0.00471405
-0.00779692
0.0396138
-0.0121136
-0.0279525
0.0386015
-0.0179035
-0.00116729
0.0588049
-0.0368256
-0.020812
0.0234105
-0.0277936
0.00415646
0.000226665
0.00575846
-0.00605319
0.0699638
-0.0696691
-0.0578226
-0.00434004
0.00279078
0.00163923
-8.99634e-05
-0.000411439
0.0602051
-0.0136948
-0.0460988
0.134578
-0.0627028
-0.0380905
-0.0337844
-0.00496194
0.00233668
0.104015
0.0253877
-0.0226336
-0.106769
-0.0034709
0.00442907
-0.00157245
8.64079e-05
0.106919
-0.123151
0.0161458
0.00320419
0.064428
-0.0137763
-0.0538559
0.0272613
0.0712298
-0.011853
0.0654287
-0.0626007
0.000473431
0.11282
-0.00858703
0.0660407
-0.175396
-0.0732672
0.051872
-0.0344337
-0.057318
0.0398797
-0.0452099
0.0255135
0.00600377
0.0136927
-0.0798243
0.0639661
-0.0818549
-0.0178102
0.162453
-0.00412795
0.0597575
-0.0457064
-0.0144625
-0.0482594
0.00113909
-0.0283915
-0.0179334
0.0386956
-0.00310878
0.032773
-0.0239969
-0.00489253
0.0121038
0.0394902
0.0291591
-0.00189258
0.00507388
0.0406757
0.000288942
0.000454857
0.0379646
0.00225629
-0.0288888
0.0405951
0.00249961
-0.0382526
-0.0127282
-0.0113099
0.0622908
0.0042371
9.48679e-05
-0.00380516
-0.000526803
-0.00160906
0.00362163
-0.00299275
-0.0140907
0.0364784
-0.0065033
-0.0158844
0.00279734
0.0337214
-0.0787771
0.046648
-0.00159229
-0.0780312
0.0814449
0.0303077
-0.0405615
0.054619
0.0166488
-0.0307063
0.00754777
-0.0822419
0.0341327
-0.000711897
-0.0786848
0.000619573
-0.0787431
0.0774254
-0.0194055
0.00209337
0.0450179
0.00609302
-0.00131767
0.0518472
0.015771
-0.0306959
-0.0570956
0.0169391
-0.0286786
0.0525509
-0.0436711
0.0538943
-0.0105938
0.0750414
-0.000399033
0.000356929
-0.030638
-0.00136669
0.0267373
0.0052674
0.00252019
0.00144527
-0.0013314
0.0013419
-0.00120014
0.00118965
-0.0722756
0.0310788
0.0203005
-0.0238934
0.0126896
-0.0361466
0.0473505
-0.00247965
0.00354865
-0.00406559
-0.0244703
-0.0154857
0.0315056
-0.0131438
0.00785422
0.0242071
0.0247341
-0.000911841
-0.0233157
0.0799491
-0.00259014
-0.0773589
0.0055917
0.0591117
-0.00351149
-0.0143194
0.0903698
0.0116089
-0.0876593
-0.00104385
0.0923091
-0.105585
0.0192579
-0.0361182
0.0185186
0.0116245
-0.0472569
0.075525
-0.0398927
-0.00394665
0.0269195
-0.0241172
0.00114429
-0.000931804
-0.0445422
0.045474
-0.000202597
0.000912935
-0.00136781
0.00207161
0.000666878
0.000386163
-0.00312465
-0.000385999
0.00193418
-0.00329932
0.014261
-0.0163142
-0.0149007
-0.0546658
-0.000118348
-0.0986501
-0.131785
0.12701
0.103425
0.0470885
0.00933452
-0.114194
-0.0502955
0.0631203
0.101369
-0.0423072
-0.054936
0.0444615
-0.0053757
-0.02705
-0.00988152
-0.027112
-0.00796645
0.0297027
0.0586994
-0.0624793
0.00602927
-0.00224933
-0.0219769
-0.0518062
0.0300367
0.0437463
0.095294
-0.122226
0.0164336
0.0104984
0.0422882
0.108213
-0.0845618
-0.0659393
-0.0169405
-0.0111876
-0.0218074
0.0908625
-0.100037
-0.0771294
0.0863042
0.0463421
0.0153634
-0.0397878
-0.0219176
0.0597123
-0.00101293
-0.057773
0.0596606
-0.00188763
-0.040529
0.0105285
0.0386919
-0.00869145
-0.0182139
-0.0356851
-0.063448
0.00118324
0.0622648
0.00142495
-0.0638017
0.0623768
-0.0620231
-0.040238
0.00353102
0.0417808
0.0226116
0.00171467
-0.00291743
-0.00242151
0.00362427
0.00176684
-0.000318788
-0.000222126
3.88973e-05
-0.09803
-0.00172466
0.00360085
-1.63184e-06
0.00172976
0.000355344
-0.00125103
-0.0793458
-0.0255917
0.120512
-0.0155747
0.0200811
-0.0458397
0.0122954
-0.0603941
0.0238223
-0.0152107
0.0517825
0.00431425
-0.00674375
-0.0169045
0.0068003
0.0447558
-0.0346516
0.0405849
-0.0210353
-0.012723
-0.00682663
-0.0453325
0.0587121
-0.101866
-0.00888522
0.0597816
0.0501775
0.11321
-0.0911655
-0.0722224
0.00837616
0.04054
-0.00204835
-0.063208
0.0652563
-0.019046
0.0456313
0.0261466
-0.0527319
-0.0539732
0.004232
0.0479467
0.0752751
-0.0112132
0.0076719
-0.0717339
-0.0547844
0.0588688
0.0439005
-0.0479849
0.00993752
0.00412656
-0.0688485
0.0135725
0.0065369
-0.000507652
-0.00141225
0.00222773
2.36835e-05
-0.00225141
0.00471933
9.77702e-05
-0.00020438
-0.0269371
0.0778754
-0.0393137
0.00140485
0.0029527
-0.00450557
0.000522892
0.000404937
-0.000927829
0.00123251
0.00174475
-0.00469633
0.00171908
0.0964621
-0.0863754
0.0311569
-0.0975944
0.0458678
0.0205697
0.0424526
-0.0338356
-0.0144183
0.0737374
-0.0355829
-0.00377838
0.0114088
0.0729159
0.0298087
-0.0571634
0.0717206
-0.0411751
-0.0305455
-0.0573819
0.0376287
-0.062128
0.0818812
0.0858022
0.0246642
-0.00185159
-0.108615
-0.00598545
-0.0615789
0.133605
0.0734673
-0.0221719
0.0896489
-0.030587
-0.0683568
0.00929482
0.000195199
-0.0757213
-0.0999894
0.0130863
0.000442873
-0.115559
0.10203
0.0125632
0.095898
-0.0980838
-0.0103774
-0.0549503
-0.0719808
0.0559624
0.071503
0.00150978
-0.0691959
-0.00381683
-0.00596792
-0.0191005
-0.111204
0.0841567
0.0715672
-0.0641547
-0.0915692
0.00118528
-0.00803574
-0.0810367
-0.000780424
0.0234496
-0.0415497
0.0188805
0.0748204
0.0514834
-0.0526489
-0.0736549
0.00279947
-0.0240138
-0.0589457
-0.000653255
0.0716837
0.0202993
0.0105754
0.00624396
0.121877
-0.0203945
0.00325723
-0.10474
-0.11677
0.00104747
0.0971119
0.0262427
-0.0256883
-0.0899178
-0.0088913
0.0322198
0.014568
-0.0378965
-0.0712218
0.108267
0.0680787
0.0122419
-0.00116143
0.00139044
-0.00526057
-0.0962077
0.108071
-0.0294566
-0.135743
0.0910571
0.0195911
0.0250946
-0.0373495
-0.0832573
0.121288
-0.00068145
-0.0765406
-0.0392601
-0.000378795
-0.111869
0.107653
-0.0667425
0.0709583
0.0844245
0.00905986
-0.036467
-0.0570174
0.0611879
-0.054042
-0.00283961
-0.0378472
0.155511
0.0750125
-0.0960176
-0.134506
0.0723494
-0.0058645
-0.00219855
0.106872
-0.000546742
-0.0604504
-0.0458749
-0.101932
0.102738
-0.000234781
-0.00057127
-0.0585234
-0.0714134
0.0880948
0.0522898
0.0729343
-0.0457682
-0.0794558
0.0603764
0.00100453
-0.0613809
0.0161681
-0.111142
0.0137548
0.0764144
-0.0606798
0.0562085
0.0510456
0.00835054
0.0129533
-0.000486602
0.0153878
-0.0734247
-0.0135697
0.0329491
-0.121114
0.101735
-0.0833833
-0.132099
0.0847894
-0.102795
-0.0219938
0.0399995
-0.000900863
-0.000672143
-0.0900454
0.0514295
0.039288
0.020122
-0.140893
0.125362
0.0190798
-0.0424709
-0.0372491
0.0692638
0.00420354
0.00852872
0.0619877
-0.0509023
-0.0196141
-0.0141829
0.0589986
-0.0452355
0.000419755
-0.0246358
0.0352449
-0.0589093
0.0483002
0.000177673
-0.0520505
0.0518729
0.103955
0.0652589
-0.102313
-0.0669014
-0.00736077
0.0160626
-0.00973872
0.0399066
-0.020473
-0.0806181
0.0611844
-0.0548988
-5.15035e-05
0.0271492
-0.0694664
-0.0218192
0.0641364
-0.113722
0.044251
0.0659532
0.00351783
0.0402073
0.00399214
-0.0365601
-0.00763935
0.0896314
0.1349
-0.0919347
-0.132596
0.0792543
-0.0772789
-0.00197544
-0.0322103
-0.0702107
0.0174178
0.0850032
0.0583866
0.00165525
-0.04269
-0.031417
-0.0124449
0.0865519
-0.0115625
0.0175014
0.0474413
-0.0533802
0.0713478
-0.0782133
0.0648949
-0.0434859
0.149557
-0.0769897
-0.0290809
0.118484
0.0515874
-0.0477534
-0.122318
-0.0574092
0.0488493
0.0685433
-0.0603701
0.00213091
0.000153785
-0.00476435
-0.00319229
0.00165967
0.00366353
-0.000811757
0.00360303
-0.000341201
-0.00245007
0.069198
-0.0795168
0.021423
0.000466244
0.00264706
-0.0356284
0.0325151
0.00266446
0.0639851
-0.0147775
-0.108156
0.107393
0.00504828
-0.00143764
0.087753
-0.00567919
-0.0888466
0.00550417
0.0890216
-0.0625869
0.0975354
0.0906978
-0.125646
0.00363547
-0.0543596
0.0507242
0.00217514
-0.0346985
0.00112045
0.0314029
0.0197635
0.00362166
-0.0156538
-0.00773139
-0.00127662
0.0205513
-0.0289056
0.0216132
0.0195032
-0.0205645
-0.0205519
0.0123507
-0.0619962
0.0572173
0.0324383
0.00417633
0.069253
-0.0563542
-0.000335586
-0.0100223
-0.00491267
-0.0745871
0.000213855
-0.0216472
-0.0052796
-0.0306823
-0.0945416
0.113095
0.0121286
0.170644
-0.0361268
-0.0364599
-0.0980578
0.0165547
-0.0496049
0.0506852
0.0669441
0.0201476
-0.100661
-0.127403
0.00432975
-0.00751915
0.130592
-0.0250799
0.0382106
0.0411714
0.0158092
0.00113501
0.000301356
-0.0776249
0.0773236
-0.000223001
0.000323703
-0.111969
-0.000207362
0.108826
-0.108618
-0.0580279
-0.10627
0.103402
0.0608957
0.0415045
-0.0389069
0.00268547
-0.00528302
0.0467075
-0.046852
0.00014455
-0.0663831
0.000146511
0.0662366
-0.0633823
0.000149253
0.063233
0.087795
-0.100904
0.0131959
-0.0621847
0.0617829
0.000401804
0.0481851
0.0844537
-0.0724625
-0.0601764
-0.00188908
-0.0479878
0.0486879
-0.0107488
-0.0415891
-0.00424576
0.0565836
-0.078737
0.0786757
0.0867084
-0.0125153
-0.0433567
-0.0308364
0.0789428
-0.0793979
0.000455051
0.0522996
-0.0540036
0.00170406
-0.0453325
-0.0188592
0.0534429
-0.0632451
0.076242
-0.0498307
0.00717136
-0.0335827
-0.0811138
0.0231516
-0.00680683
-0.0413766
0.00975845
-0.100051
0.0935735
0.0795864
0.00168978
0.0683963
-0.041032
-0.0290541
0.00214979
-0.000175767
-0.00118566
0.000990357
0.000934929
0.000224506
-0.00100519
0.00321374
-0.00315465
0.0852961
-0.0682355
0.0605764
0.0246214
0.0142641
-0.0398348
0.000949307
0.0768823
-5.21121e-05
-0.0768302
-0.0518496
0.140593
-0.00219128
-0.086552
0.00015341
-0.00253703
-0.014515
0.0168986
0.00451991
-0.00178013
-0.000714117
-0.00202566
0.00511257
-0.117069
0.0221446
0.0898121
0.000419187
0.00309553
-0.0612499
-0.000938887
-0.000435454
0.021771
0.0336076
-0.0134879
-0.0418906
-0.0806721
0.0142851
-0.0817364
0.148123
-0.0281289
0.019775
0.00122415
0.00712977
0.062957
-0.0639077
0.0699391
-0.0689885
-0.0731266
0.0465121
0.0386776
-0.0120632
-0.0939001
0.108866
0.0906901
-0.105656
-0.0693141
-0.000134464
-0.0710297
0.142113
-0.0685991
-0.04043
-0.0330841
-0.0963565
0.0263546
0.0453834
0.00357996
0.00493092
0.00100744
-0.00167623
0.00100724
-0.00360455
0.00427354
0.0359327
-0.00160476
-0.0975294
0.0632015
0.00932786
-0.00497085
-0.0028593
-0.0014977
0.000842868
-0.00147679
-0.00069748
-0.039095
0.0016679
0.0362055
-0.0595733
0.0138099
0.0121542
0.0023628
0.0784686
-0.0929855
0.000349085
-0.000667281
0.0767326
-0.000208937
0.0787638
0.0245205
0.0780152
-0.0141642
-0.0883715
0.053851
-0.0529937
-0.000857288
-0.0234745
-0.0354445
-0.0482328
0.107152
0.000171558
0.0501148
-0.000177542
-0.0156081
0.058003
-0.0581724
0.000169438
0.044975
-0.133948
0.0358473
0.0531259
-0.000871906
0.0697487
-0.0688768
-0.0567599
0.0568561
-9.61488e-05
-0.000276343
-0.000121332
-0.0844019
0.0847996
-0.026521
0.0494878
-0.0406269
-0.0710202
0.0714108
0.000271413
-0.0722352
0.102388
-0.0708901
0.0767103
0.105032
-0.0404504
-0.053046
-0.0115361
0.0956908
0.00480184
-0.0883385
-0.00831212
-0.0613285
0.0472974
0.0223432
-0.0130992
0.115806
-0.0929748
-0.009732
0.00036794
-0.0607381
0.000686075
0.0633411
-0.0630659
-0.000275237
-0.00193807
-0.041169
0.129382
-0.0862752
0.139121
-0.112469
-0.0103528
0.0884554
-0.0218714
0.0335545
-0.10931
-0.0404956
0.116251
-0.0217607
0.111592
-0.0288169
-0.0610149
0.000289981
-0.0597256
0.0561007
-0.0557517
-0.0205035
-0.0558512
-0.0255777
0.00538108
-0.0340638
0.000947629
0.0277351
-0.104666
-0.0554448
0.0849583
0.0223425
-0.00895381
0.0889988
-0.000659351
-0.0733302
0.0739896
0.023038
0.114119
0.105623
-0.0229444
-0.0902209
0.0311073
0.0420987
0.000837874
0.0410409
-0.0415083
-0.000370439
0.0911081
0.00164622
-0.0909271
-0.00182728
-0.000146317
0.0493212
-0.0491749
0.028703
0.00986458
-0.00755542
0.0306653
0.0184914
0.00791227
-0.0203507
0.00386781
-0.0161657
0.0326486
0.000297874
-0.00221451
0.00448064
-0.00301876
0.000752628
-0.0842091
0.0977116
-0.0011519
-0.000589085
-0.00175101
0.00460958
-0.00226948
0.000227533
0.000349634
-0.00109805
0.00365559
-0.000454516
-0.00181519
5.51954e-05
-0.0890913
-0.00272266
0.0199756
0.00105083
-0.00121106
0.00115059
-0.00289571
0.00139123
-0.000723673
0.00222815
-0.000555395
-0.00189626
0.000975525
-0.0029082
0.00786747
-0.000142787
-0.00481648
0.00167733
0.0159216
-0.000683787
-0.0181438
0.0642504
-0.0839538
-0.00563555
0.020925
0.0110179
0.0510378
0.000248277
-0.000259872
-0.000351067
0.0159606
-0.0115803
0.0269996
-0.0412934
-0.00790635
0.0626344
0.0315002
0.00754426
-0.00320794
-0.0358366
0.0287131
-0.00603189
-0.0362482
-0.0128935
0.0322012
-0.0324077
-0.00533284
0.04609
-0.0083494
0.000582436
0.000772258
-0.00053442
0.00332265
0.000368843
0.00143895
-0.000695806
-0.00189952
0.00115638
-0.00168388
0.00155301
0.011654
0.01765
-0.0160921
-0.0132119
0.0608546
-0.0042378
0.011575
0.100895
-0.0854496
-0.0270206
0.00683196
0.0449059
-0.0517379
0.0571075
-0.00663118
-0.0609692
0.0610962
7.68451e-05
-0.000203836
-0.0490637
-0.0780704
0.013412
0.113372
0.000982904
-0.000746537
-0.113609
-0.0503861
0.0540216
0.0597118
0.000403204
-0.060115
0.0127001
0.0106087
0.0434398
-0.0667486
0.0061179
-0.00108713
-0.00240678
0.0416139
-0.0884547
0.0986056
0.0867424
-0.0968932
0.0875015
-0.0761955
0.0121235
0.0473068
-0.0588346
0.0738851
-0.0320568
0.0170064
-0.10125
-0.000110957
-0.0883438
0.00978236
-0.0100676
0.0018263
0.0723971
-0.0123569
-0.116189
0.0885768
-0.00942488
0.0370369
-0.0287074
0.0266291
0.0290083
0.0619011
-0.00093047
-0.00236919
0.0339865
-0.0292165
-0.00240089
0.111175
-0.110537
-0.00151079
-0.0463184
-0.0632093
0.028179
-0.0691072
0.0189513
-0.00696621
0.0324521
-0.00622803
-0.0114225
0.00702596
0.00824574
0.01455
0.00908119
-0.129332
-0.00583101
0.0334706
0.0756191
-0.103259
0.00883967
-0.0044728
0.0197072
-0.00567647
0.052967
0.00283878
-0.0292621
0.0268896
-0.0604034
0.102071
0.0425692
-0.0842366
-0.000730519
-0.0521156
0.0528461
0.0157396
-0.00543634
-0.00449771
-0.000136745
-0.00267601
0.00575699
-0.00294423
-0.0341891
0.0199601
-0.0144892
0.0287183
0.018005
-0.0168356
0.00386685
-0.00503626
-0.0533068
0.0648509
-0.0350158
0.0693367
-0.0370897
0.00276884
-0.0076717
0.0337962
0.000945949
-0.0270705
-0.0522063
0.0566189
0.0423172
0.00325219
0.0115892
0.0352575
0.00891359
0.0116284
-0.0102355
-0.0127028
-0.029102
0.0348386
0.0583217
0.0122586
-0.0996648
-0.0751585
-0.0177662
0.083987
-0.0956932
0.0294723
2.94162e-05
-0.0781365
0.0781071
0.0196206
-0.0183097
-0.0337186
-0.130061
0.0888546
0.035375
0.00333679
-0.00147612
0.00135307
-0.0178079
0.00676131
-0.0798957
-0.00375701
-0.0250901
0.0033313
-0.039267
0.0033067
0.00341929
-0.00788742
0.00679103
-0.00478432
-0.0412871
0.103006
-0.0603561
-0.0260953
-0.0130117
0.000133719
0.00245057
-0.00210401
0.0103761
-0.033606
0.0253339
-0.00341258
-0.00505958
0.00589856
0.0025736
0.00107492
0.00244301
-0.002583
0.00164165
-0.00712219
0.0155702
0.00855999
0.0167132
0.00402798
0.0649532
0.0200164
0.0028403
-0.00426772
-0.00129608
0.0027235
0.00550604
0.0452452
-0.00905146
0.0343922
-0.0188442
-0.0283103
0.000485153
0.000134661
-0.000668448
0.00112103
0.0241337
-0.00164658
-0.0229752
0.000488111
0.00514558
0.0221187
-0.0376512
-0.00280444
-0.0497353
0.112268
-0.045594
-0.0119219
-0.0387435
0.0842752
-0.0311259
-0.025946
-0.0272033
-0.0247219
0.00200724
0.0064005
-0.0208009
0.0269867
0.0121469
-0.0183327
0.069768
0.000907705
0.000760553
-0.0795462
0.0803067
-0.00652237
0.0119086
-0.070984
0.0655977
0.0020223
-0.0054926
0.0598995
0.124657
0.00747817
-0.105893
0.0461434
-0.0427722
0.00539987
-0.0087711
-0.0154466
0.0201165
-0.0173955
-0.0369102
0.00437243
0.0317177
0.000554438
-0.0366446
0.000907261
0.0551904
-0.0560977
0.0206827
0.0239793
0.00762135
0.0195198
-0.0859758
-0.0135543
0.0831485
0.0361927
-0.0377402
-0.0816011
0.094125
-0.0988404
0.0143037
-0.00958828
-0.00859716
0.0609322
0.0242016
0.127677
-0.054449
-0.00139729
0.00297596
0.072311
-0.084095
0.00880804
-0.00481585
-0.0124018
-0.0425717
0.0383487
-0.0232428
0.0143873
-0.0252021
0.0852371
0.0132549
0.0941335
-0.0750457
-0.023849
0.106368
0.0804698
-0.0632753
-0.0132901
0.0625396
-0.053403
0.0268622
0.000326998
0.0541291
-0.00263978
-0.0101161
-0.0413733
-0.04951
0.0112559
-0.0378898
0.0761438
-0.0120591
-0.0972938
0.0602892
0.00294727
-0.0260435
0.0298872
0.0298334
-0.0543299
0.0865521
-0.0239389
-0.0273424
-0.0352708
-0.020511
0.0141561
0.0304886
-0.000770526
-0.0258686
0.00541544
0.0275431
0.0261965
-0.0216119
-0.0321276
-0.0512666
-0.0233538
0.0646761
-0.000730159
0.0725737
-0.0725029
0.0135404
0.070828
0.00216963
0.106857
-0.117212
0.00818496
0.0606414
-0.000336463
-0.060305
-0.0697769
-0.00111318
-0.00148387
0.00602282
0.00237999
0.000163115
-0.000471494
-0.00256309
-0.0555384
0.000910699
-0.000480271
-0.000567172
0.00055591
-0.000182758
-0.0767315
-0.00697859
-0.0109312
0.0153324
0.0203329
-0.0608281
0.0307323
0.0156008
-0.0482388
0.0213425
-0.00531404
0.101741
0.0756554
-0.0973851
-0.0800118
-0.00181206
0.00835388
-0.0145975
-0.0309669
-0.0436297
0.0255908
0.000469001
-0.0010491
0.000547286
3.28153e-05
0.00174123
-0.00028206
0.000596763
0.00468305
-0.00115474
0.000563591
-0.0040919
-4.19502e-05
-0.000613592
0.00142024
4.05538e-05
-0.0629165
0.0628759
0.10491
0.000162599
0.0747848
0.00115103
-0.118001
0.00147827
5.81e-05
-0.00321261
0.113773
0.0659219
0.099685
0.00223529
0.0890311
-0.0373414
0.000178216
-0.000489768
0.000904978
-0.00307251
0.00161213
-0.00218534
0.00119834
-0.00178141
0.00653588
0.000320218
0.00320242
-0.0102236
-0.044785
0.000621778
-0.00593801
-0.000941054
-0.00173711
0.00166176
0.0536953
-0.0340785
-0.00965685
-0.00995993
-0.00217793
0.00172342
-0.00856245
-0.000201188
0.00760889
0.00064708
-0.00021646
-0.00343264
0.00300202
0.00140844
0.000352095
-0.000532759
-0.00122778
0.000329829
0.00027505
-0.0227485
0.00205503
0.0694784
0.00205827
-0.00313547
0.000302059
0.000775135
0.0527516
-0.0502991
-0.00297928
0.00150088
0.000578555
-0.000706146
-0.00125456
0.0199874
-0.0590445
0.00208231
0.000348875
0.000778647
-4.95803e-05
-0.000729067
0.00149534
0.0354647
-0.00749528
0.0760452
-0.00209333
-0.00404461
-0.00159887
0.00773681
-0.00130921
0.000724917
0.000878098
-0.0595383
0.0391969
-0.035649
0.0218865
-0.0314658
-0.047366
0.0569453
-8.00534e-05
0.00678935
-0.00453679
-0.00217251
-0.00655647
0.00763874
0.000801576
-0.00188385
0.0607469
0.0334981
-0.01881
-0.00982635
0.0233139
0.00532248
-0.0168211
0.0118508
0.0207226
-0.0319018
0.108054
-0.057072
0.0327452
-0.0472182
0.0161409
0.0217442
-0.0325849
0.0119095
-0.00106882
0.0151399
-0.0224662
-0.0207234
0.0280497
0.00772116
-0.00126298
0.0156615
-0.00839253
0.0289264
0.00121032
-0.0209623
0.0195736
0.0158311
0.00119381
0.00342687
-0.00374785
-0.000872838
0.00607339
-0.00235593
-0.00252365
0.00130416
0.00335522
0.00528422
0.00301808
0.00208181
-0.00225959
6.81036e-06
-0.000507801
0.00050099
0.0179401
0.0135096
-0.0446445
0.0131948
-0.000265322
-0.0354664
0.0176084
-0.0915846
0.10103
0.0150752
-0.00148839
-0.00734827
-0.00797926
0.062644
-0.00509934
0.00266035
0.0416446
0.0143031
-0.0358311
-0.0349426
-0.0121391
0.0265706
0.00293787
0.00222637
-0.019715
-0.033367
0.0519147
-0.0385111
-0.0738109
0.0456494
-0.000727449
-0.0605392
0.0612667
-0.0486101
0.0465648
0.00204527
-0.0961534
0.0137826
-0.0179072
0.100278
-0.00277947
0.042544
-0.00110941
-0.0135237
-0.0397773
-0.0338404
0.0249296
-0.0330735
0.00137232
-0.00213927
0.0186745
0.0179478
0.0202446
-0.0186291
-0.0693026
0.000405682
-0.0737359
0.0423079
-0.0515647
-0.0764484
0.0628178
0.0651953
-0.0201461
0.0848854
-0.0634082
0.015641
-0.102619
0.0600442
0.00141035
0.00216962
6.87233e-05
-0.00107221
-0.0202208
0.0572092
-0.0519113
0.0239746
-0.0463457
0.0764571
-0.054086
-0.00328164
-0.0631201
0.0664017
0.000195222
-0.0714171
-0.000653635
0.102673
0.0856081
-0.0327332
-0.0289003
-0.0316648
-0.08654
-0.000262884
0.118468
-0.0565835
-0.0388716
0.0749516
-0.0328211
0.000454661
0.1265
0.038662
0.00130321
-0.164544
0.124579
-0.0513088
0.0700806
-0.0259368
-0.0566751
0.0407024
-0.00559729
0.018179
0.0175756
-0.000677126
0.0354713
-0.00375331
-0.0268385
-0.00487952
-0.064106
0.0639958
-0.00418766
-0.0599184
0.0451829
-0.00376613
-0.0456044
0.000435868
0.0787532
-0.0566991
0.0514461
-0.0389102
0.0441632
0.0314264
-0.106269
-0.0865681
0.0173885
-0.0205327
0.0897123
0.0061469
-0.047969
-0.000832622
0.0283051
-0.0183317
0.0155401
-0.014597
-0.00322018
0.0461223
0.0256664
0.053513
0.0443043
0.00917282
-0.138002
0.0845251
0.0796488
-0.0777397
0.0358486
-0.0134811
-0.0527187
0.047582
0.0935921
-0.0160692
0.0768161
-0.107024
0.00251919
0.10666
0.0838742
0.016312
-0.0197164
0.0101283
-0.00869766
0.00111027
0.00128665
0.00225843
0.142981
-0.0417032
-0.0512496
-0.0500283
-0.0529055
0.00941375
0.001875
0.0416168
-0.000155498
-0.000694418
0.00404263
0.00514452
-0.0109992
0.00336658
-0.00526284
0.0908998
-0.0360086
-0.0548911
0.00333116
-9.3196e-05
0.03815
-0.0277704
0.000812411
0.00151678
-0.0188805
0.0448274
0.0829663
0.00618161
-0.0174273
0.0768204
-0.0744791
0.0888455
-0.00447946
0.0325436
-0.00274136
-0.0337489
-0.0218659
0.0146462
0.0397632
0.00345386
-0.00475437
-0.00361863
0.00342484
0.000372006
-0.0202175
-0.0427003
0.0194182
0.0434996
-0.00984885
-0.00163666
0.0703543
0.0222376
0.0125613
-0.0595236
0.0247246
0.0340029
0.0319782
-0.126385
-0.00126571
-0.0157842
-0.0511703
-0.151999
0.178439
-0.0216952
-0.00474528
-0.138825
0.0839738
-0.0971471
-0.0326759
0.0901704
0.0233012
-0.0781229
-0.00724103
0.029121
0.0562429
-0.090068
0.0908122
-0.0604757
0.00428557
0.0633049
-0.00711475
0.0738884
-0.0083731
-0.0230842
-0.0424311
0.0302181
0.0318091
-0.0459311
-0.0160961
0.058556
-0.00930625
-0.0190317
0.135386
-0.00906004
-0.0753005
-0.0510259
0.00724577
-0.00210902
-0.00804495
0.104874
0.125807
0.0923582
-0.0952649
0.00035976
0.00254698
-0.0197035
0.0045432
-0.0201148
0.0719822
0.00103881
-0.0529062
0.0796328
0.061558
-0.141108
-8.24543e-05
0.00453014
0.006229
0.0270558
-0.0337184
0.0114829
-0.00482024
0.0482299
-0.00402549
-0.0171486
0.0356659
0.100849
-0.0733465
-0.00952118
-0.0179817
0.0927148
-0.0242937
-0.0871169
0.0186958
0.00839327
-0.00954151
-0.0106499
-0.109869
0.0351936
-0.0959242
-0.0246148
0.0853455
0.0471658
0.0392316
0.014452
-0.0974084
0.028502
-0.0285744
0.0974808
-0.0273457
-0.0433846
0.0510153
0.000257594
-0.00142829
0.0143095
-0.00177689
-0.000425327
-0.0349512
0.00466775
0.0263929
-0.0249633
0.0162219
-0.00126257
0.0569511
0.0350608
-0.0374617
-0.030966
0.0266502
-0.0995924
0.0841452
-0.011203
-0.0949137
0.101449
-0.00479696
-0.00118157
-0.0217421
-0.00247108
0.151223
0.140004
-0.0365719
-0.00169083
0.00605337
-0.00797052
0.0758023
0.000937026
-0.000916822
-0.0143611
0.0170027
0.0874287
-0.0900704
-0.0143373
-0.0191375
0.063671
-0.0582283
-9.83025e-06
-0.00132714
0.000868372
0.0020774
0.00439886
-0.00507141
-0.00271322
0.00166541
0.0033764
-0.00151533
0.00125535
0.00391919
-0.00406426
0.0800712
-0.109624
-0.0119133
0.0414658
-0.0469067
0.0414765
-0.0374198
-0.0267224
-0.0886207
0.0610516
-0.038791
-0.0429373
-0.0778363
-0.00939927
0.122429
-0.0138244
0.0938242
-0.0684248
0.0853591
-0.0497593
-0.0270711
-0.0721515
0.0207933
0.0318583
-0.0124469
0.0391446
-0.000356258
0.000483653
0.0957706
-0.0684502
0.0243126
-0.0732101
0.0693379
-0.0204403
-0.0216711
0.0358759
0.0309781
0.00293828
0.0122715
0.0849095
-0.100119
0.00518585
-0.0158386
-0.0975035
-0.0424112
-0.0223021
-0.0272805
0.0919937
0.0368227
-0.0368663
-0.137741
0.045248
-0.00355322
-0.0702491
0.0507412
0.0814957
-0.0112573
-0.0843613
0.0253695
-0.0314572
0.0223214
0.00785916
0.0771555
-0.00466419
-0.00630533
0.0234935
0.014668
-0.0180804
-0.0104369
-0.00629024
0.0297485
-0.0130213
0.0482761
-0.0482828
0.0379969
-0.000557625
-0.0192603
-0.104974
0.105315
0.00193932
-0.024257
0.0242016
0.0523549
0.0803211
-0.0794752
0.0762738
0.0937291
0.0419153
0.0246902
-0.0350507
-0.0715293
0.0641689
-0.0047449
-0.0826097
0.0805019
-0.00717297
0.00928079
0.0638916
-0.0531702
-0.051266
0.0534805
0.0172946
-0.0530258
0.0232843
0.000424736
-0.00228245
-0.00160687
-0.0698242
-0.0216816
-0.0859382
0.0349622
0.0394337
-0.119736
0.0276872
-0.0739705
-0.0334237
0.0849417
-0.0847184
-0.000223288
-0.0857281
0.025642
0.0384046
0.0496669
-0.0556537
0.0371436
-0.0420341
-0.0287044
0.082222
-0.00077714
0.0816523
-0.0748371
0.0714066
-0.0782219
0.045491
-0.0931715
0.0633216
0.0131178
0.0760046
0.0466819
0.0690428
-0.0299224
0.118367
-0.0753603
0.000807577
0.00414878
-0.0835999
0.0786435
0.00300226
0.0668481
0.000129358
-0.0663887
0.0692616
-0.0843235
-0.0003329
-0.0155641
0.0792906
-0.0168574
0.0341145
-0.0682917
0.0510346
-0.074305
-0.00171302
0.0280381
0.0479799
0.024181
0.0610324
-0.0152726
0.0578372
0.0439875
0.0442303
-0.0945537
0.0513632
-0.103348
0.137725
0.012014
0.00378374
0.0242984
0.0550664
-0.102102
0.0122519
-0.00979522
0.0996455
0.0632338
0.0750439
-0.105097
0.116799
0.000786014
0.00829517
0.115141
0.130156
-0.122079
-0.116832
-0.0302035
0.0345208
-0.108641
0.104324
0.000978097
0.0634906
-0.0946722
-0.0176024
-0.109172
0.00322322
-0.00155525
-0.0624303
0.0910146
0.00807284
-0.113448
0.0801545
0.0205664
-0.082557
-0.138176
-0.0985575
-0.013597
0.07626
-0.105409
0.0427456
-0.113948
0.0187516
-0.0942969
0.0189618
-0.0403554
0.0187164
-0.0590331
0.111488
-0.0417335
-0.113711
0.0439566
-0.0261511
-0.00190462
0.100193
-0.00144735
-0.104425
0.174757
0.0552805
-0.0593932
0.0510344
-0.0676498
-0.0555361
0.0689418
-0.00256393
-0.0663778
-0.0701921
0.101269
-0.0330145
0.0671202
-0.085555
0.0776784
-0.0923908
-0.0954524
-0.0293276
0.0547543
-0.0828978
-0.00235135
-0.0841453
-0.00134883
0.057407
-0.072572
-0.0227183
0.0149458
0.0726586
-0.0722529
-0.084012
-0.00878238
0.109676
0.0635467
0.0486693
-0.0618942
-0.0358725
-0.00164981
-0.00802244
-0.0761144
-0.0300573
-0.0489798
0.0389211
0.0922642
-0.0822055
-0.0734748
-0.0562111
0.0892754
0.0484047
0.0503422
-0.042496
-0.00496374
0.0866006
0.0142251
-0.00981107
0.00622732
-0.0927351
0.0248386
-0.108917
0.0529161
0.0179026
0.00682382
0.153713
0.0839338
0.0414953
0.107656
-0.0843887
0.0658278
-0.00872514
-0.0464139
-0.0106887
0.0662239
-0.00112347
0.070533
0.0426444
-0.0469535
0.0655205
0.0128006
-0.00778812
0.0429787
-0.105317
0.127858
0.0174995
-0.0528513
-0.00739682
0.0615576
-0.051558
-0.00679538
0.0624304
-0.000872878
-0.0774198
0.0794352
-0.0901841
0.0107489
0.0886969
-0.0923996
0.00370265
-0.0517111
-0.00383958
-0.0190364
-0.00906204
0.0148401
-0.101796
0.0066439
-0.0610006
-0.0115378
0.0140892
-0.056537
0.0539856
-0.0691363
0.0941282
-0.0296603
0.0636736
0.0718627
-0.0502402
0.0797407
-0.0512628
0.0646149
0.00299202
0.0171525
-0.0101687
0.00919177
-0.0844369
-0.0880629
-0.000770765
0.0997832
-0.0109496
0.118561
-0.00138718
-0.07839
0.0775987
0.00079132
0.0707922
-0.0698619
-0.000930301
0.0210144
-0.132215
0.102247
0.0920523
0.0121395
-0.101216
-0.0479788
0.00581507
0.000699144
0.0483819
-0.0490811
-0.00101242
0.0351027
0.0120532
0.0241761
0.0132492
0.0261597
0.0550502
0.00291105
-0.00383216
-0.0304781
-0.0550221
-0.0261144
0.111615
-0.0392749
-0.0798049
0.0593672
-0.0246454
-0.000693513
0.057801
-0.00684839
-0.0329043
-0.112342
0.12738
-0.0784198
0.0600018
-0.0558654
0.0144292
-0.00994313
0.00895776
-0.0483381
0.0493235
-0.0552768
-0.0221525
-0.0332046
0.0587482
0.00974737
0.00347109
-0.0461904
0.078912
-0.0368259
-0.0254324
-0.0522378
-0.000423517
-0.12816
-0.02087
-0.0118439
0.026944
-0.0468952
0.0848871
0.0231596
-0.0255767
-0.00457871
0.0242402
-0.148185
0.0106411
0.13833
-0.143795
0.013127
0.0190989
-0.11205
0.0800609
0.0404199
0.043099
-0.0583182
0.0327847
0.0549339
-0.0225346
-0.0048562
0.0114793
0.00713654
-0.0879542
0.0693383
-0.0769
0.0079279
-0.0177583
-0.0716172
0.00651182
-0.00350524
-0.0985766
-0.0594116
-0.0891056
0.0810194
0.000141557
0.0837827
-0.113953
-0.121165
-0.0826896
-0.000985562
0.00077729
0.0598743
0.000127508
-0.0362293
-0.156422
0.0840104
0.000770439
-0.0746219
-0.0707552
0.122309
-0.155798
0.104244
0.00325201
0.0602386
-0.110077
-0.0873644
0.0522931
0.145148
0.0200179
0.0176287
0.00446456
-0.0421112
-0.00451608
0.00864752
-0.00348436
-0.000110649
-0.0603651
-0.00586198
0.0485671
0.121056
-0.045087
0.0349992
-0.0168175
0.0188339
-0.115171
0.113154
0.0592368
-0.0586599
-0.00924762
-0.0582366
0.0923396
-0.0248554
0.0261178
-0.101006
0.00575169
0.0801215
-0.0700951
-0.0818442
0.0721633
-0.0323787
-0.0821462
-0.0128779
0.0953243
-0.0629994
-0.0998674
0.0675425
0.00118054
-0.063161
0.0643416
-0.0115702
-0.00421374
-0.0137884
-0.102316
0.0639865
-0.0435152
-0.0437245
-0.0395792
0.037173
0.0461307
0.00127573
-0.0547867
-0.0433036
0.0605237
0.0505329
0.0265327
-0.137589
-0.070787
0.0878248
0.115178
0.0100879
0.0242904
0.109646
-0.0988565
-0.0391408
0.00867213
0.0839417
0.0184214
-0.0586901
-0.00138287
0.00485853
-0.0324177
-0.0194143
-0.00167382
0.0927465
-0.0716583
-0.0321228
-0.0787398
0.100007
0.0108552
0.0447203
0.0509752
0.0618014
-0.0483325
-0.0644441
0.000771633
-0.000966425
0.109061
-0.00263881
0.125874
0.06129
-0.0624116
0.00112162
-0.056943
0.0909911
0.0970512
0.0205597
0.0473085
-0.0672438
-0.000624316
-0.0115586
0.0631058
-0.0581159
0.00656869
-0.00128754
0.0807083
-0.092932
0.0111799
0.0281275
0.0957129
0.0256798
-0.0256298
0.0669331
-0.0668794
-5.36658e-05
0.000155809
0.0762097
-0.117293
-0.0203826
-0.0742908
-0.0012508
-0.094674
-0.0141464
0.000207347
0.108613
-0.101939
0.00627577
-0.0762623
0.0634642
0.0603038
-0.0624574
0.00842938
-0.0706674
0.076101
0.102513
0.0232047
0.0783641
-0.0615662
-0.000775163
-0.0894306
0.0421693
-0.0253182
-0.0215432
-0.0141877
0.0150965
-0.00498339
0.0135169
-0.0819782
-0.039712
0.108173
-0.110761
-0.12064
0.000754091
-0.000424262
-0.0469174
0.0465612
-0.0067495
0.00933508
-0.0597212
0.0815127
-0.081029
0.0106015
-0.101412
0.108713
-0.143069
0.0154218
0.147769
-0.0126747
-0.0361749
0.108986
-0.109119
0.140137
-0.00961071
0.047161
-0.00248957
-0.0626625
-0.000253951
0.0031172
-0.0869852
0.00601768
0.0397812
-0.0266518
0.00513988
0.0942698
-0.006399
-0.0930107
-0.000264019
0.0844207
-0.000394159
0.0855635
-0.0690754
-0.0501936
0.0631843
0.00195365
-0.0506765
-0.0144615
0.000869288
0.0584979
0.0768826
0.0356575
-0.000524236
0.0612677
-0.0504762
-0.0748538
0.00197164
-0.018284
-0.0513936
-0.020134
-0.0237744
0.0568826
0.0476506
-0.0306448
0.135071
0.000359044
-0.101681
-0.0337485
0.147811
-0.0162524
0.0114221
0.0885595
-0.058668
0.0994908
0.0171746
0.0103202
-0.0667698
-0.110501
0.0128601
0.130651
-0.0465393
5.49474e-05
0.000250088
-0.0691594
-0.0616451
0.0779572
0.131259
-0.186683
0.111192
0.0554693
-0.000436358
-0.0550329
-0.0244923
0.0029497
-0.00991457
0.0545593
-0.0446789
-0.0203176
0.0104371
0.0725659
0.0603934
-0.0461302
0.120683
0.000532349
-0.00713978
-0.00503015
0.0980956
0.00970744
0.035066
0.0637952
-0.0694388
0.0323709
0.0833481
0.0128251
0.00944961
-0.000820087
0.000351884
0.000567897
-9.96949e-05
0.0901223
0.133819
-0.0826833
0.00038737
-0.000155535
0.000324074
3.16e-05
-0.00131044
-5.04249e-05
0.0560512
-0.0559347
-0.000116481
-0.0101243
0.00398462
-0.00282343
-0.00414046
0.00146623
0.00370456
0.000457547
-0.00562833
-0.000961006
0.0011295
-0.00337716
0.000457344
0.0361512
0.0747162
4.8793e-05
-0.074765
-0.00181353
0.00385539
-0.00611704
0.00712265
-0.0970442
-0.0148833
0.0697204
0.000600149
0.00462226
-0.00126061
-0.00326678
0.00106163
-0.00244142
-0.00151592
0.000265004
-0.000447761
-0.0649972
0.0024103
-0.0262445
-0.00714486
0.00891906
-0.00104837
-0.00184062
-0.00935693
0.0118474
-0.00134507
-0.000931662
0.0299683
-0.0424386
0.00553934
-0.0658685
0.0264871
-0.000459758
0.00128935
0.00142697
-0.000482767
0.000118627
0.000498801
-0.00519802
0.00140684
0.00395898
-0.000167807
-0.0190113
-0.0260075
0.128801
-0.0218341
0.109363
0.00357875
-0.0608105
-0.105723
0.0808056
-0.00248048
0.00325821
-0.00187578
-0.0159282
0.0711852
-0.0770911
0.000943061
0.000279671
0.000507032
0.00193093
-0.0210388
0.132351
-0.113243
-0.0271693
0.0180327
0.052765
-0.0436285
0.00873166
-0.0150411
0.0218927
0.00144189
-0.0911399
0.0678054
-0.0676434
-0.00983103
-0.0970191
-0.0835092
0.0413852
0.0735709
-0.049211
-0.0610392
0.0366793
0.0324772
-0.0389756
0.0966291
-0.0633966
-0.0443752
-0.0557367
-0.110707
-5.76712e-05
-0.0655258
0.0586543
-0.00802084
0.0489391
-0.0496434
-0.010475
-0.033382
-0.0247829
0.06864
-0.0293223
-0.0246229
0.0553825
0.00285885
0.00153578
0.0470355
-0.0485713
-0.103137
0.00770953
-0.00341309
-0.0172438
-0.0562975
0.0087201
-0.100753
0.100129
0.00240639
-0.0181178
0.12892
-0.128776
-0.000114551
-0.0891789
0.010356
0.0067855
0.108046
0.000952866
-0.000927632
-0.0500951
-0.0796294
0.0529929
-0.0412624
-0.00913465
-0.0345273
0.00239961
-0.0306671
0.020259
-0.00506239
0.0154704
0.000812604
-0.0401132
-0.0579097
0.000131787
0.0442768
0.0152962
-0.0809799
-0.0108569
-0.109057
-0.0236985
0.0462152
-0.0415546
-0.0141912
-0.00930986
-0.0772911
0.00835257
0.0921123
-0.000784014
-0.0788081
0.107795
-0.00163934
-0.0108319
0.00145749
-0.0646238
0.0631663
0.0273641
0.000509272
0.0582632
0.00455461
-0.0662675
0.0837871
0.00443923
-0.0516314
-7.96832e-05
-0.114241
0.101275
-0.00126691
0.00142754
-0.100198
-0.0549802
0.07479
0.00869214
-0.0510291
-0.0255184
0.100749
0.0105941
0.0652785
-0.002127
0.0561366
-0.10899
-0.00801686
0.0392439
-0.0186293
-0.0764426
0.0305029
0.0376902
-0.0266521
0.0943436
-0.0638458
-0.139802
0.0527943
0.035464
0.051544
-0.0107132
0.0100973
-0.0756247
0.0762406
-0.146794
0.146041
0.0450565
0.0621593
-0.111634
-0.0639401
0.113415
-0.0050987
-0.0818153
0.00088036
0.0860336
-0.000730152
-0.0738947
0.00127832
-0.00137633
-0.0219584
0.0743691
-0.00913462
-0.00909586
0.131975
-0.113745
0.113508
-0.0157705
-0.101734
-0.0481452
-0.0149728
-0.00448104
0.0249598
-0.0541991
-0.0212623
0.00149093
-0.0614797
0.061369
0.00362144
-5.50469e-06
0.0601793
-0.0711945
0.0708004
0.0872465
-0.031609
0.0882308
-0.0529587
-0.0036632
0.00135275
-0.000291118
-0.000595987
-0.00118929
0.00226067
-0.00562466
-0.0209554
-0.00268204
-0.0121524
-0.0201402
-0.0798257
-0.0129404
0.0737549
-0.0989641
0.113268
0.0755449
0.00289466
-0.103245
0.000847822
-0.0487793
0.0036065
0.024952
0.0789892
-0.049349
-0.0535791
-0.0560929
0.0508795
-0.016061
0.0212744
-0.0373484
0.0407781
0.101686
-0.00143827
-0.0497939
0.0512322
0.00173998
0.0594007
-0.0339155
0.065658
-0.0123611
0.0310918
-0.00383381
0.00410925
0.0133953
6.83808e-05
0.000950686
-0.00196012
-0.00430107
0.018919
-0.033727
0.0487924
4.57662e-05
-0.00186317
-0.0584397
0.059309
0.00212242
0.0488348
-0.00239286
0.0380114
-0.0126336
-0.0102379
0.104446
0.0282828
0.0517683
-0.133871
0.000329443
-0.000473608
0.096046
-0.0960967
0.0625331
-0.0125559
0.033371
0.0521415
0.0222698
0.00084007
0.0360067
0.076028
-0.112875
-0.0158951
-0.0183487
0.0486476
0.0648554
-0.069959
0.074259
0.000492167
0.065854
-0.173252
0.00937664
-0.000329291
-0.0699646
0.0702939
0.133648
-0.0922467
-4.37819e-05
0.0509969
-0.0573141
-0.0237368
0.069283
0.0320598
-0.077606
-0.0503605
0.000850479
0.0104318
-0.0640833
0.0748588
-0.0212072
0.0823258
0.0974702
-0.0154712
-0.0492454
0.0816968
-0.0210181
-0.0114333
0.0521035
-0.000700633
-0.0633827
0.0743852
-0.109195
-0.0146223
0.128619
-0.0572741
-0.000855777
0.0581299
-0.0962381
-0.00231149
0.23189
-0.13334
0.0120606
-0.07559
0.050106
0.00125723
-0.110539
0.0271091
0.142527
-0.112663
-0.0569735
0.0556644
-0.021909
-0.0943792
0.101907
0.0507369
0.0305101
-0.0715396
-0.0532486
-0.014279
-0.010456
0.0456378
0.0127649
-0.0014653
-0.0338995
-0.0138061
0.0502933
-0.00258772
-0.00566768
0.0251165
0.0199654
-0.0785073
0.000435044
0.107418
0.000234834
0.0613482
0.0981876
-0.0521178
0.0617162
-0.0480928
-0.0146245
0.0355481
0.0585155
-0.000492141
0.020498
0.0326815
-0.0643388
0.0667101
-3.24001e-05
0.000745058
0.00325198
0.103756
0.109032
-0.133156
0.0428348
0.0555227
0.00539833
-0.0718843
0.0713736
0.015328
0.00245508
0.0283786
-0.0958533
-0.00601271
-0.0764425
0.023424
0.00350659
0.0862235
-0.00224967
0.0803047
0.0127426
-0.094428
0.0933407
0.00108724
0.000720786
-0.0729701
0.105702
-0.0295718
-0.0031599
-0.000691835
0.0683204
-0.0631711
-0.0470163
0.0639702
-0.0207934
0.0547173
-0.0522598
-0.0494739
0.00015622
-0.075399
0.115089
-0.0616558
0.0219657
-0.0951668
-0.0637211
0.0834889
-0.00406291
-0.0335274
0.0132719
0.0431929
0.000939933
0.0191917
-0.0821244
0.0393767
0.0555547
0.0118422
-0.0781102
0.0193404
-0.00239795
0.0319276
0.023329
-0.0057487
0.0169531
0.0574686
-0.0508776
0.0501471
0.00239431
0.00431137
0.000227685
0.00151354
-0.000127061
-0.000983284
-0.00334707
-0.105503
0.0851922
-0.0080215
0.0283322
-0.0341155
-0.0487139
-0.0166611
-0.0362537
0.0643553
-0.0027507
0.0184322
-0.00824018
0.0253033
0.0638472
-0.0308559
-0.070081
0.0213065
-0.0196265
-0.0121169
0.0822806
0.0196752
-0.000109253
0.0196699
0.00284926
-0.0179842
-0.0248969
-0.00455005
0.00740645
-0.00150894
-0.00149865
-0.0718297
0.00335857
-0.00115554
-0.0740327
-0.0662058
0.0663523
-0.0635501
0.000702907
0.000448599
-0.000535864
-0.000368092
-0.00104522
0.000225133
0.00366813
-0.000158501
-0.0038438
-0.00216522
7.94667e-06
-0.00390624
-0.0193404
-0.00105178
-0.00585232
-0.00224768
0.0122809
-0.00728323
0.0340738
-0.00477094
0.00234308
0.00242786
0.0032972
0.00220835
-0.00376312
-0.0238337
0.101423
-0.00626731
-0.0713222
0.00101336
-0.0860469
-0.000520925
-0.0469744
0.0354719
0.0285857
0.0361861
0.0655969
-0.000443743
0.00251481
0.0178208
-0.0206731
-0.0408722
-0.00361829
0.0639256
0.0571336
-0.00031325
-0.0568204
-0.000722217
0.00080786
0.00294867
-0.00669775
0.00222499
-0.0040114
0.00663228
-0.000485888
0.00481597
-0.000453911
-0.000788258
-0.00340858
-0.000918191
0.000315365
0.00261643
0.0316033
-0.0806412
0.00306045
0.0775807
-0.0615579
0.0201865
-0.00317949
-0.0589972
0.00664498
0.0424091
-0.0291142
-0.086772
0.0754372
-0.00426466
-0.0730492
-0.0314294
0.0950793
-0.00138197
0.000120711
-0.00395116
0.00142194
-0.0410012
-0.00525157
0.0317942
-0.0161836
0.000456319
-0.020313
0.0360403
0.0344146
-0.00560546
0.0476665
0.0814973
-0.0449368
0.112132
-0.0152245
0.0455455
-0.0805925
0.0190564
-0.0666031
0.0581526
-0.0391509
0.0610961
0.0211537
0.0486991
-0.0014718
0.0574568
-0.0298384
0.00144216
-0.00469247
0.00116961
0.00352286
-0.0459344
0.0473765
-0.00741022
-0.00921094
-0.0552154
-0.00870097
-0.0913164
0.0933874
0.0607603
-0.0478188
-0.00558776
0.0425855
-0.0700318
0.0713193
-0.00128746
-0.0705539
0.0691436
0.00154631
-0.00300678
0.00518466
0.00568958
-0.0348514
0.0334212
0.0127042
-0.011274
-0.0391297
-0.0563401
0.0719954
-0.018335
-0.000243043
0.0110907
0.0057557
-0.00955214
-0.00128278
-0.0172508
0.0280857
-0.056232
0.0127776
0.053392
0.000799745
-0.00224617
0.0392832
-0.0126886
0.0230063
0.0289655
-0.00207203
0.0321715
-0.0538627
0.0754263
0.0694194
0.00188558
0.0280763
-0.0321271
-0.0472306
-0.0336629
0.0268512
-0.0142236
0.0964793
0.00193584
-0.00582794
0.0191328
-0.0199972
0.0305706
0.0507179
-0.00111395
0.0699642
-0.000766144
-0.121089
0.0669298
-0.0817933
-0.0149372
-0.00157794
-0.019733
0.0280276
-0.0522716
-0.046363
0.0394807
0.00209792
0.00869494
0.00056486
-0.013103
-0.058308
0.0260106
-0.0212478
0.0520601
-0.0522822
0.0214113
-0.0125574
-0.0611361
-0.0303687
0.0808647
0.0196757
-0.061008
0.0764521
-0.0755215
-0.0594243
-0.0733092
0.0107911
0.0490414
-0.0216825
-0.022898
0.0463787
-0.00992418
-0.00679649
0.0698733
-0.0962957
0.0406837
0.077699
-0.0543237
0.0222784
0.0184032
-0.104755
0.047442
0.0697951
-0.0730768
0.00105602
0.107423
-0.126001
0.130422
-0.0331825
0.014248
-0.0178969
0.0235428
0.124776
0.0710164
-0.0998071
0.118161
0.00825771
-0.144316
0.0862536
0.0327089
-0.0169838
0.0998579
-0.0082879
0.00365568
0.0654456
0.0056216
-0.110563
0.108597
-0.0458025
-0.00104225
0.0465315
0.10478
-0.0490188
0.0531942
0.0114729
-0.0271899
-0.0121649
-0.0419869
-0.0113417
-0.0607163
0.0467399
0.0169082
0.0352142
-0.101501
-0.0272371
0.0728206
0.0559173
0.00938855
-0.0889967
-0.071084
0.0987098
0.0240747
-0.0937168
-0.061381
-0.00962557
0.0441408
-0.0969751
0.143196
-0.0644214
0.0821661
0.0487335
-0.0596228
0.0811989
-0.0732615
-0.0353722
-0.0881272
-0.0618793
0.0881398
0.0476913
-0.0274826
0.0465793
0.107609
-0.107257
-0.00120783
0.000854922
0.0596539
0.101533
-0.057236
-0.0107424
-0.00581973
-0.104311
0.118524
-0.0638455
-0.00695607
0.060797
-0.0714114
0.016944
0.0635486
-0.0935263
-0.019114
-0.00943864
0.0836258
0.0541037
0.00829593
-0.0944565
-0.0293102
0.0906669
0.0787765
0.0787954
-0.103468
-0.0309829
0.00767975
0.0693168
0.00273928
-0.000262823
-0.0477437
0.0481292
-0.000385556
0.000807146
-0.0038263
0.115252
-0.115891
0.00446529
-0.0884875
0.0227018
-0.116248
0.0744039
-0.0428921
0.0221404
-0.0402554
0.0212337
0.0144627
-0.0696721
-0.0587333
0.00070548
0.0555116
-0.0661157
-0.0896228
0.00128069
-0.00122549
-2.9174e-05
-0.00109216
-0.0148773
0.0770023
-0.0419483
-0.0775501
-0.027723
-0.0136861
-0.0690635
0.0548909
0.0392729
0.0468792
0.021138
-0.0642409
0.000210812
0.000278352
0.000924535
0.0636379
-0.0634886
8.77474e-05
-0.0130385
-0.0693473
-0.000611738
0.00718078
0.00619979
-0.0182003
0.102393
0.0013712
-0.0442818
0.0469477
-0.065517
0.0628512
0.0558286
0.00990694
0.038646
-0.0314105
0.0854632
0.0307367
0.0796507
-0.118556
-0.0491397
0.0312298
0.0552439
0.0348735
-0.0693337
-0.0568562
-0.039565
0.0499421
-0.0336786
-0.0590457
0.0597511
0.0475615
0.0335307
-6.76984e-06
0.0650352
0.00950343
0.0099375
-0.0844761
-0.00605666
0.00984837
-0.0149676
0.0207373
0.0144637
-0.0692183
0.051722
0.027929
-0.000495805
-0.134477
0.000333681
0.134639
-0.0805459
-3.99772e-05
-0.00600981
0.00907537
0.00126444
0.009372
-0.00333108
0.000379415
0.00295167
-0.00908926
-0.0100215
0.00811152
0.00192254
-0.00439681
0.00941594
-0.000907483
0.0038689
-0.00146121
0.00486681
0.00397815
0.0004829
0.00227901
0.00200699
-0.000278497
0.0145834
0.0360127
-0.00905556
-0.0325818
0.118376
0.00189539
-0.00102449
0.000503761
-0.00036041
0.000765347
-0.0465567
-0.00253339
0.0580479
-0.0837494
0.0011397
0.0105448
-0.0374771
0.000360253
0.000363418
0.0766628
-0.00122371
0.00511873
0.0166813
-0.0833955
-0.019224
0.0229838
0.0167648
-0.0715611
-0.0840076
0.000538196
0.0656965
-0.0654643
0.0143114
-0.0734901
-0.0230129
0.103436
-0.000926055
0.000495743
0.097435
-0.0220207
0.0421729
0.00485928
-0.0639668
0.0169346
0.00880395
0.00663877
-0.00472784
0.100094
0.0541468
-0.0211451
-0.00949859
0.0127846
0.0845981
-0.0706131
-0.0281229
0.0892796
-0.0934693
-0.0562407
-0.0394461
0.000231239
0.0580033
0.0994593
-0.0747877
0.0677078
0.0465952
0.0713337
0.0146555
0.00117154
-0.179178
-0.0258402
0.0911091
-0.00808056
0.0724234
-0.0831508
0.0934593
0.0799968
-0.0125464
0.114774
-0.141485
-0.0384462
-0.018597
0.0342946
0.111372
0.0682184
-0.0885335
-0.0102145
-0.000421776
0.000828424
-0.000281889
-0.0964433
0.0965178
0.012197
0.00704608
-0.0899162
-0.00254217
0.0911017
0.0220459
0.0992142
-0.0885513
-0.00384035
-0.103106
-0.0573883
-0.125722
0.0619455
-0.0166629
0.0305992
-0.005393
-0.0809561
0.080172
-0.0319279
-0.00105067
0.0811856
-0.000683709
-0.0180416
0.143662
-0.00159647
0.0724238
-0.115176
0.101575
0.0755221
0.00518622
0.0797562
0.00362362
-0.0714713
-0.000580336
-0.0740416
0.000831624
-0.0902897
0.0557867
0.0255592
-0.0365274
-0.0538057
-0.000736904
0.0545426
0.0517513
0.00498198
-0.0311741
-0.00208132
-0.0175376
0.00843641
0.077577
-0.000751181
0.000858392
-0.0400433
0.0591723
0.0885855
-0.0650101
-0.110347
0.000698578
0.0844256
-0.000534893
-0.0845893
-0.052164
0.039616
0.052685
-0.0390644
0.0387239
0.000340506
-0.122302
-0.0725142
0.0727743
-0.000260016
0.0891171
-0.000531566
0.0729696
0.100054
0.103532
0.00217007
-0.0587146
0.000424181
0.0487276
-0.00142173
0.0714572
-0.00452739
-0.00632586
0.0407149
-0.0460943
0.0954001
0.00176834
-0.0634664
-0.000298077
-0.0436018
-0.0124982
-0.00117283
-0.0261264
0.0128645
0.0446749
0.057511
-0.0295251
-0.0603797
0.0686581
-0.00241282
0.0601463
-0.0577335
0.000539634
-0.0157502
-0.0711927
-0.0164416
-0.144088
0.139728
-0.0322516
0.148146
-0.00240801
-0.0712162
0.0385935
-0.0385126
-0.0413465
-0.0286314
-0.00222785
-0.00144072
0.0780706
-0.104219
-0.0341334
0.0326307
-0.0546194
-9.57858e-05
0.098645
-0.0984618
0.0318756
0.0608744
-0.027944
-0.0151095
-0.0386651
-0.00129764
-0.0830842
0.0843819
0.00708222
0.0510118
-0.0474596
0.0545418
0.0895251
-0.0370967
0.0238317
-0.0876746
0.00713986
0.00501329
0.0275684
-0.0726952
0.0799272
-0.0789894
-0.0877014
0.0917494
-0.0178243
-0.0248092
0.0571139
0.0178252
-0.00104914
0.00114277
-0.0953992
0.101473
-0.0620233
0.0987449
0.000733324
0.0791631
-0.0525761
-0.00198385
-0.058502
0.0604858
0.0985132
0.0651056
0.0536121
0.00607904
0.00673275
0.0168315
-0.000938469
-0.0444
0.103186
-0.0806576
-0.014792
0.000910103
0.132043
0.0519578
-0.124931
0.0619275
-0.00617581
-0.0893937
0.0193506
0.0874686
-0.0174255
-0.0539646
-0.0574196
0.0219905
-0.0745996
-0.0925825
0.123781
-0.00816013
0.0197941
-0.0695601
-0.000532558
0.000188711
-0.0940353
-0.0811506
0.0588033
-0.0581855
-0.0616274
0.061291
0.0104249
0.00193727
0.0146263
0.0234413
-0.0449482
0.00688063
0.0356906
0.0653316
-0.0451924
-0.0144714
-0.0555744
-0.00802463
-0.000746389
-0.00299165
0.00253218
0.00120587
-0.0726747
-0.0498663
0.0645438
0.0579972
-0.0139421
0.0327533
0.00120151
-0.0200127
-0.0709967
-0.0734302
0.00105765
-0.0111224
-0.0330969
0.0765486
-0.0520685
0.061174
0.0426089
-0.0879388
0.0972877
-0.0619005
0.0666301
0.0753216
-0.071037
-0.00159006
-0.0873777
0.0051318
-0.105764
0.0847739
0.00667832
0.00294345
-0.0437031
-0.0557631
0.0383188
7.74604e-05
-0.00049686
0.000256926
0.000239934
-0.000212259
-0.00288335
0.0013498
0.000485182
0.00143773
0.00303799
-0.0015254
-0.00295032
-0.000229394
0.000494397
0.000765702
0.000850902
-0.00240922
-0.000144976
0.000356726
-0.000969854
0.000613128
0.000767463
-0.000325093
-0.00044237
0.000379959
0.000377674
0.00065305
-0.00072526
-1.02993e-05
0.000390196
0.00113142
-0.000329051
0.00231972
-0.000210207
0.00161901
-0.00108858
-0.000796113
0.0020204
0.00130789
-6.55008e-05
-0.000409704
-0.00018528
0.00302704
0.0015612
0.00110962
-0.00207856
0.00312326
-0.000555977
0.00280009
0.0133269
0.0334341
-0.000789911
0.0880691
-0.0789359
0.0327434
-0.00537561
-0.0319388
-0.106817
0.0818374
-0.00595392
-0.00637229
-0.0468515
0.000379854
-0.000413165
-0.00589804
-0.0483944
-0.0698294
-0.0710797
-0.0407606
0.0253198
0.0942434
-0.020135
-0.0517187
-0.0257866
0.0543784
-0.0300636
0.00500378
-0.00454384
0.0175516
-0.0809344
0.107708
-0.0889309
0.0118722
0.0735534
-0.0431598
0.116
0.101205
0.0932953
0.0172195
0.0152639
-0.125779
-0.00632668
0.0559936
0.0122873
0.0670403
-0.000700402
0.0171782
0.0863214
-0.0869062
-0.109028
-0.0454817
-0.125797
-0.0113195
-0.0635353
-0.0180493
-0.0057468
-0.0116703
-0.00477337
0.00267168
0.0175106
-0.0221254
0.0151626
-0.0105477
0.0318875
0.0305662
0.0340255
0.118113
-0.00398685
-0.0245735
-0.0625508
0.0686999
0.123966
0.0134925
-0.000933006
-0.00700979
0.0179896
-0.0383963
0.13046
0.0174023
-0.109466
0.00149659
0.0971548
-0.0336325
-0.0781327
-0.0714839
0.072078
0.0417452
0.0025833
-0.0116266
0.00474222
0.00136351
-0.0180146
-0.04172
0.058187
-0.00893194
0.0458793
-0.0372432
0.0158656
-0.00489016
-0.00312373
-0.0124592
-0.0116769
0.0416459
-0.0454547
0.0107703
-0.0417433
-0.00538857
0.00750852
0.0168308
-0.000113956
-0.000374886
0.00274997
0.0356602
0.115496
-2.38499e-05
0.00277382
-0.0676421
0.00152372
-0.000673756
0.00486692
-0.00416215
-3.10134e-05
-0.000299031
-0.00136339
0.000988663
-0.0027701
0.00526452
0.000611585
0.00208412
-0.00374584
0.00102801
-0.00382375
0.00136456
0.00714234
-0.0101573
0.0676361
-0.0911113
-0.0950867
0.00533386
-0.0240622
-0.0325382
0.0512666
0.10794
-0.0562789
-0.0576462
0.000369627
0.0315623
-0.0908539
-0.0249594
-0.052511
0.0632312
-0.0616068
0.0611633
0.00601806
0.003045
-0.0339527
0.0210813
-0.0185349
0.0348954
0.0617271
0.076464
-0.0238702
0.0551342
-0.0475805
0.0462088
-0.0537625
0.0267268
-0.0216526
5.70887e-06
0.00853525
0.0598842
-0.00188777
0.00394135
-0.00434698
0.00210549
0.0587852
-0.0245234
0.0800108
-0.0876102
0.0392214
0.00308589
-0.00296518
0.0300424
0.0430323
-0.0309018
-0.00232826
0.00568053
-0.0335936
0.0809585
0.0200438
0.00404071
0.000646847
0.00927916
0.00947112
-0.00450682
-0.00299516
0.0364211
0.0203528
-0.0492272
0.0234078
0.0458373
0.0475886
-0.0336266
0.0115779
-0.000176889
0.00103195
-0.000368358
-0.00120647
0.000412735
-0.0241266
-0.0435533
-0.00346574
-0.0484314
0.0699298
-0.00614304
-0.00210442
0.000961706
0.00763006
0.105465
-0.000274423
0.00101297
-0.000738542
-0.00226316
0.00370237
-0.0601367
0.00141699
-0.00859904
0.00827148
0.0120492
-0.0188754
-0.00766763
-0.00230099
0.00116105
0.00119522
-0.000105567
0.00487001
-0.00888789
0.0992254
-0.0300788
0.00518011
0.0281609
-0.0165502
-0.0282649
0.0349586
-0.00754941
0.0530286
-0.00264338
-0.0428358
-0.0761163
-0.00131575
-0.0543246
0.00562708
0.0265816
-0.00576055
-0.00179703
-0.0304367
-0.0192844
0.0039716
0.0264036
-0.0266657
0.00971959
-0.0379752
0.0294562
0.0696246
-0.0242808
-0.0748001
-0.0137533
-0.0129367
0.0657878
0.0246423
-0.00308269
-0.0138514
-0.0150995
-0.00692055
0.0651089
-0.0430888
0.0167895
0.00822692
0.011375
-0.0938082
-0.0645003
0.0340951
0.0165306
0.0235469
0.0613081
0.00531093
0.0376183
-0.00356977
-0.0516382
0.0885391
-0.0875562
0.0772097
0.0472506
-0.0155166
-0.0719131
-0.0431475
-0.0432246
-0.029575
0.0330427
-0.0146553
0.0532929
-0.005087
-0.0280653
0.0692871
-0.0558856
-0.0454261
0.0470578
-0.00770286
-0.0517488
0.0204396
0.047817
0.000372958
-0.0448551
0.00915059
0.0212577
-0.0437765
0.0423358
0.0702207
-0.0129167
0.000391341
-0.0508033
0.0178638
0.127046
-0.0941067
-0.0609018
-0.0359292
0.0752878
0.00368249
0.0110433
0.0735051
-0.0135727
0.00469627
0.00738804
-0.00461688
-0.00418342
0.0126502
-0.012688
-0.0206243
0.00522323
-0.00643325
0.0311921
-0.0279494
0.00933237
-0.0284413
0.0369796
-0.0204861
0.0571679
0.0394897
-0.044617
-0.0544614
0.0396429
-0.0005817
-0.0395
0.139576
-0.0692445
-0.0405233
0.0624097
0.0981361
-0.0450818
-0.0351986
0.0908986
0.00797119
-0.0176708
0.0156584
-0.104613
-0.0302247
-0.021665
-0.00397573
-0.0115248
0.128486
-0.0626017
0.000382373
-0.0112517
0.0477717
0.0512624
0.0292056
-0.0582304
-0.000517461
0.0795166
0.0271254
-0.0887962
-0.0529092
0.000173453
0.000426695
0.000361563
0.000655982
-0.000845393
-0.00184006
-0.00214674
0.00230959
-0.0022544
-0.000883044
0.000816738
0.000698336
0.0185211
0.00750244
-0.00120072
3.65887e-05
-0.00156856
-0.0453173
0.0430303
0.0137588
-0.0417511
-0.0199658
-0.00192198
0.0212824
0.0214067
-0.0161164
0.00060659
-0.000499946
-0.0415091
-0.00878022
0.0373526
-0.0117626
-0.0402995
0.0580839
-0.0322954
-0.00563114
-0.0191946
-0.00586795
0.0603769
0.00357503
0.0025134
-0.000398187
-0.000163289
0.000518245
-0.000216671
0.000420787
-0.000995233
-0.00282987
0.0423632
-0.0161255
-0.00197037
0.00379562
0.00480702
-0.0293241
0.0273431
0.0227457
-0.000411294
-0.0925649
0.00206077
0.00146415
-0.000524393
0.00222295
0.00239625
-0.00368015
0.00111415
-0.000723399
0.000273469
-0.00119967
0.004341
0.00412323
-0.00465664
-0.0332106
0.00363222
0.0201598
0.0165975
0.0510252
-0.0688149
0.127801
0.00104255
0.0485748
0.00510658
-0.079285
-0.0411408
0.0178988
0.109288
0.0100074
0.0208413
0.0497644
-0.049453
-0.0852184
0.0481711
-0.000174182
0.0827309
-0.0825567
-0.0682306
-0.000260603
-0.000548087
-0.0581973
-0.077091
-0.0477184
-0.0666782
0.0342628
-0.000896697
-0.011422
0.122738
-0.0103793
0.00546654
-0.00555558
-0.0487851
0.0733276
0.0218133
8.49949e-05
-0.0472979
-0.0381925
-0.0712916
7.53856e-05
-0.0656697
0.0630676
-0.0122048
0.0872992
-0.0737186
-0.0764793
-0.0788612
0.00515079
-0.0437287
-0.0103313
-0.00423511
0.0517309
0.0919473
-0.110411
0.111969
-0.000554902
-0.087514
0.00185899
4.20628e-05
-0.123687
0.0851559
0.0393712
-0.0431706
-0.103
0.0796679
0.00447075
-0.0777577
-0.039719
0.0919666
0.018108
0.00150783
-0.126048
-0.0583899
-0.0898702
-0.0854737
0.000237176
-0.000318499
-0.00364864
0.00170066
-0.00106616
-0.00133198
0.00181615
-0.018336
-0.00242677
-0.00197152
-0.00608954
-0.00734051
-0.00466688
-0.00181913
0.00390687
0.00553412
5.71879e-05
-0.0504753
0.0170246
-0.0143877
-0.0519135
0.0368485
-0.044081
0.0173433
-0.0975071
0.128089
0.000788889
-0.0463999
0.123685
0.0158795
0.0496427
-0.0124936
0.0616134
-0.00141798
0.0031429
-0.0552049
0.0647932
0.0641175
0.0860913
0.0804156
-0.0788706
-0.000663281
0.0178972
-0.00365668
-0.00950439
0.0490455
0.0539142
-0.0538941
0.0728214
0.0662458
0.12046
-0.0772764
-0.0153222
0.00910396
0.0500126
0.0561289
-0.056689
0.000560129
0.0791461
-0.0034364
0.0268102
0.000628364
-0.122838
0.0811426
-0.0425623
-0.000672407
0.0248649
-0.00766084
-0.074209
0.0717046
0.0204196
0.0819639
-0.0427311
-0.0596524
0.00261963
0.126394
-0.0962295
-0.0327837
-0.0607102
0.00993533
0.0105471
0.0660695
-0.150575
0.135741
-0.0641944
-0.0227932
0.0701913
0.0284287
-0.0903728
0.034458
0.0552473
0.00843756
-0.0846947
-0.0895613
0.0880128
-0.000183033
0.0614775
-0.0149115
0.0823611
-0.0951203
0.000189486
0.00128297
-0.000168871
0.00313207
-0.0211966
-0.0144104
0.0088418
-0.103293
0.119418
0.0104484
-0.0295196
0.0221162
0.0667156
-0.00476842
-0.0542113
0.0856583
0.0181999
-0.0211015
0.0214679
0.0527802
-0.0610101
0.0820479
0.0588976
0.0215067
-0.110665
-0.124374
0.0107731
-0.0100879
0.107369
-0.0162515
0.0180197
0.0807588
0.0370969
0.0505832
0.0166285
-0.0809057
-0.0219147
0.00664436
0.0355696
-0.0872777
0.110063
-0.0244589
0.0642261
0.0657902
-0.0229907
-0.0423045
0.0836554
-0.0851424
0.0394484
-0.0391079
-0.0618534
0.0612504
-0.0480406
0.000250126
-0.0694144
0.049218
-0.0792338
-0.0399559
-0.047086
-0.0516098
0.0376809
0.042024
0.0522275
0.0404764
-0.0526118
-0.0519259
0.0147161
-0.0736767
-0.0567811
0.0580176
0.0724402
-0.0778045
0.0133628
-0.0568176
0.0054858
0.00777878
-0.000893275
0.0643971
-0.0284672
0.00934063
0.00140253
-0.0953491
-0.0760173
0.00909374
-0.0637474
-0.0265037
-0.0335129
-0.0358311
-0.0417687
-0.0125507
-0.0483112
-0.053311
0.0586215
-0.0443879
-0.000552755
0.000743445
-0.000837143
0.00253386
0.00115531
-0.108518
-3.12591e-05
0.0225437
-0.0598372
0.000456883
0.00350755
-0.000770089
0.0510411
0.0182914
-0.0774306
-0.00131806
0.09351
-0.0708556
0.00113387
0.00683469
-0.00456428
-0.00340428
0.0157735
0.00370449
-0.081445
0.0825847
0.000518961
-0.0804515
-0.0469948
0.0509365
-0.0558747
-0.0479917
-0.00918628
-0.040207
0.0730643
-0.0743823
0.00145197
-0.0390454
-0.0797762
-0.00015634
0.000587878
0.064473
-0.0333601
-0.0866513
-0.102348
-0.0553062
0.0195284
-0.0636052
-0.035935
0.0342194
-0.0205186
0.0127596
-0.0125227
-0.043573
-0.0195354
-0.0249626
0.0479289
0.0190537
0.00777645
0.00275893
0.000553777
0.0875438
0.105131
-0.0980825
-0.0945924
0.0889092
0.00873399
-0.00274536
0.00192659
-0.0467297
-0.0108031
0.000901696
-0.00246316
0.0793344
-0.0811109
-0.0542765
-0.0888075
0.000918116
0.0368421
0.0313399
-0.0106126
0.0206163
0.0517305
-0.0672198
0.0179444
-0.00659338
0.00736216
-0.0661244
-0.00980177
-0.000175823
-0.00529165
0.0418307
-0.0721426
0.108249
-0.102042
0.00289897
-0.00302603
-0.00629039
0.0918604
0.0540065
-0.00942622
0.0161069
0.00893793
0.0166909
-0.00102655
0.00816264
-0.0377092
0.0340177
-0.121177
0.150218
-0.130716
0.0283684
0.0679356
-0.00770037
0.0927811
-0.0860744
0.123534
0.000312739
-0.077143
0.00579722
0.00405767
-0.136447
0.0114431
0.0318122
0.0457758
-0.00149653
-0.109404
0.108917
0.1038
-0.0304386
0.0423463
-0.0975281
0.144067
0.109788
-0.122398
0.140616
-0.0139779
-0.00399747
0.0168362
0.00966033
-0.0194219
-0.03045
0.0458406
-0.0898804
0.110755
0.0381683
0.0651734
0.00560853
-0.00478605
0.0359924
-0.0245797
-0.0796433
0.036115
-0.0357024
-0.0873217
0.0884321
-0.00262047
-0.0167033
-0.0097117
0.0830386
-0.0215756
0.000658524
0.0171231
-0.00519437
0.00102454
0.0369803
-0.0117373
0.0531806
0.0338343
-0.0615603
-0.000810659
0.0285368
0.0571333
-0.0431839
0.0275204
-0.00413711
-0.0070976
-0.0162857
0.023938
-0.0257443
-0.000355029
-0.0107345
-0.0429994
0.0182078
-0.0306772
0.0341324
0.00706523
-0.00417492
0.000936818
0.0335466
0.00384532
-0.0176087
-0.10863
0.0627552
0.0619472
6.89467e-05
-0.0025058
0.00171659
0.0028871
0.00627938
0.00275149
0.0506349
-0.0201627
-0.00490317
-0.0185791
0.043645
-0.042314
-0.00158095
0.0134945
-0.0867151
-0.00071504
-0.0968553
-0.0585917
-0.0148689
0.0968887
0.00176071
0.00242412
0.0891559
0.0744118
-0.0210655
-0.0139696
0.0967197
-0.116862
0.0596509
0.0282269
0.0535651
-0.0527335
0.0579069
-0.0438713
-0.00265531
0.000957259
0.00326413
-0.00156608
-0.0352651
0.0680504
-0.0105252
0.121754
0.0169067
0.0148796
-0.00336643
0.0668166
0.00178977
-0.0469339
-0.00366539
0.00201158
0.00608185
0.000522488
0.00128101
0.00312682
-0.0469107
-0.0170246
-0.0625752
-0.0603527
-0.0947395
-0.0241675
-0.0469906
-0.0185467
0.0582974
-0.0387419
0.00994521
0.00982216
0.013329
0.0440679
0.0150862
0.0642828
-0.0331656
0.0193371
-0.00481803
-0.00288284
0.00273713
0.00333009
-0.00366595
0.00365705
-0.00105726
0.000589045
0.014497
-0.01047
-0.0560954
0.0679703
0.0560845
-0.0429146
-0.0123633
0.0196566
-0.000840447
-0.000547336
0.00138778
-0.00386982
0.00237282
-0.00121878
0.00663115
0.0223037
-0.0206568
-0.00717929
-0.0161026
0.00130622
0.00146586
0.00895909
0.056377
0.0151065
0.0643699
0.0410916
-0.0627925
0.00619179
-0.0945545
0.00850775
-0.0558053
-0.0495416
0.0860701
-0.0178121
0.0657878
0.0521818
0.0232745
-0.0110641
-0.00676376
0.0816887
0.0317142
-0.0742091
0.0758095
-0.0374104
-0.031086
0.00204185
0.0256142
0.0536942
-0.0601761
0.0319153
0.00204073
0.0451901
0.0123966
0.0692243
-0.0188657
0.0118173
0.00646716
0.0956064
0.020589
0.0510287
0.0126571
-0.0140631
-0.0666917
0.0755232
0.0626624
-0.0204564
-0.00798667
-0.0476664
0.0471896
0.0524644
-0.00277944
-0.034757
0.0216055
0.0439516
-0.0450179
-0.000909422
-0.0253888
-0.0781576
-0.0814631
-0.0212262
0.0244099
-0.0964234
-0.0837963
-0.000606402
-0.00145807
0.0322152
-0.00232696
0.06841
0.0609064
0.00220094
-0.00102157
0.000370779
0.000372299
-0.00185597
0.00176487
-0.00080768
0.00837405
-0.000659795
0.00141672
-0.00354988
-0.0075455
0.00320796
0.00577288
-0.0102384
-0.0665107
0.0579957
-0.00353284
0.0155034
0.0269846
-0.0221301
0.0167834
0.0346144
0.0259529
-0.0184429
0.0420499
0.0589916
8.60184e-05
0.000203226
-0.0299159
-0.00648677
-0.0661944
0.0538781
-0.0395216
-0.0246273
0.00336424
-0.0373177
0.00391828
-0.0106537
-0.0498635
0.0180452
0.00143368
-0.00260828
0.000244746
0.00700236
0.0375844
0.0293543
-0.013414
-0.00174931
-0.00135457
-0.046997
-0.0433517
0.00270497
-0.025542
-0.0227853
0.090158
0.148034
-0.0147563
0.0239201
-0.0261353
-0.0310985
-0.0172662
0.0201465
-0.0292436
-0.0591402
0.0682373
-0.0457427
-0.0646751
0.000730797
0.0264157
0.0657365
-0.11725
-0.160491
0.0277555
-0.00662541
0.00608202
0.0514229
-0.0626776
-0.0537998
-0.0947781
-0.0146917
0.101182
-0.054085
-0.00226793
-0.0449214
-0.00959936
-0.00369668
0.0477621
0.0100152
0.00929198
0.00822489
-0.00315995
0.0381778
-0.112617
-0.102418
0.0161849
-0.107531
0.0788942
-0.0396619
-0.0954795
0.0693873
-0.0559413
-0.0721333
0.0414059
0.0172444
0.000249357
-0.11149
-0.0472067
-0.00512331
0.05233
0.0638862
-0.143085
0.000938841
0.0795594
0.000856248
0.0200003
0.0278822
0.0792165
-0.00145778
0.0684612
0.0230049
-0.00900909
0.0376139
0.0281595
0.0308017
0.0100496
0.0761047
-0.0774204
0.0101531
0.0178601
0.00100393
0.00655531
0.0212302
0.106695
-0.062003
0.0710428
0.0830646
-0.0529358
-0.109996
0.000987729
0.052612
-0.0516243
-0.00105405
-0.0528018
0.105778
0.01404
-3.49484e-05
-0.0123289
0.000806535
-0.116449
0.082263
-0.0401251
-0.0125227
0.0151207
0.0966831
0.0335191
-0.145323
0.120982
-0.152713
0.101132
0.0775988
0.0774493
0.000537629
0.0769117
0.0167539
-0.0108904
5.93377e-05
-0.00606256
0.0184536
-0.0523039
-0.0157389
-0.0586103
-0.0496247
-0.0583149
-0.0450978
0.00309271
0.027097
-0.0161717
-0.00683551
0.00337538
-0.00974431
-0.0462119
-0.0582055
0.0802957
0.00841993
-0.0589357
0.00175361
-0.0743654
0.125268
0.0992885
0.0482051
0.00393494
0.12799
-0.0161194
-0.00991355
-0.0997602
0.0422701
-0.00158486
-0.0696871
-0.00446947
-0.00388659
-0.0014268
-0.134034
-0.0122374
-0.00412784
-0.00820976
-0.0136084
-0.0011664
-0.0141244
-0.0544617
0.0833065
0.00268619
-0.00390838
0.000171759
-0.00454555
0.00133778
-0.00232167
1.00708e-06
-0.0319407
0.0300346
0.107139
0.00261611
-0.000165541
-0.0838865
-0.0331695
0.0483598
0.087255
0.0418851
-0.0789837
0.0355464
0.0145821
0.0609659
0.000602606
0.00215842
-0.0799466
0.0808028
0.0520597
-0.0638509
-0.0377064
0.0354798
-0.0670876
0.0661696
-0.00434554
0.0744752
-0.0994805
-0.00201847
-0.0248977
0.00190481
-0.00167796
-0.0591437
0.104538
0.00253748
-0.000258472
-0.000103813
-0.052555
0.0826371
-0.0749736
-0.0637378
0.000354769
0.00168013
0.0560855
-0.0209698
0.00527139
0.0545806
0.0217108
0.0129217
-0.00414253
0.0738692
-0.00256102
0.0667612
0.0479816
-0.00526235
0.0578572
0.0405056
0.00266513
-0.0295174
-0.0175744
-0.0110114
0.0581031
0.0504219
0.00051239
-0.00469716
-0.0123992
-0.020235
0.00194137
0.000737073
-0.000862291
0.0248356
-0.00989155
-0.00404506
-0.00532418
0.00682558
0.0278245
-0.0332015
-0.0604657
0.00542963
0.0183424
-0.102423
0.0288039
-0.111669
0.135243
-0.127675
0.119056
-0.10305
0.0637899
0.0812387
0.0978671
-0.107807
-0.0329595
0.0927361
-0.0889365
-0.0596902
0.00139692
-0.0846832
0.00299859
-0.0709751
0.0544308
0.0254929
-0.0358631
0.000775633
0.0521973
-0.0093557
0.000830869
-0.00455021
-0.0803425
-0.00508776
0.0299684
-0.0852418
0.00672142
0.079917
0.0269225
-0.0331707
0.0435601
-0.00760921
0.00263123
0.000498965
-5.753e-05
0.123413
-0.000451246
0.00188483
0.00128793
-0.00101051
0.000499177
0.0591472
-0.0147215
0.0568362
-0.055315
-0.00152111
0.0782548
0.0204664
0.000497165
0.0496339
0.00696862
0.0164273
-0.00121037
0.0116867
0.076641
-0.0200581
-0.0395629
0.123359
-0.0564231
-0.0971557
0.0630614
-0.0478423
0.000319159
-1.68292e-05
-0.00082053
0.000234886
0.0014585
-0.00546967
-0.015939
-0.00281353
-0.0570555
-0.06321
0.0214161
0.0252546
0.000680149
-0.00180489
0.0129883
-0.00198859
0.0116211
0.058523
-0.0392021
-0.00183091
0.0168351
0.0315011
-0.00397767
0.102288
-0.00412329
-0.020869
-0.0100566
0.0590623
-0.0567478
-0.118226
-0.00450011
0.0287236
-0.0246623
-0.061205
-0.0732827
0.0556365
-0.0138438
0.0223273
0.0118766
0.0524816
-0.00681106
0.0742454
-0.103302
-0.0561164
0.0982881
0.0177892
-0.0504693
-0.0254698
0.097644
-0.0830598
0.0829035
0.0885177
-0.0165232
0.0765078
-0.104094
-0.000329483
-0.000291158
-0.00032949
0.0728313
-0.0560492
-0.0173468
0.00813092
-0.0118296
0.0225384
0.0124015
0.0500474
-0.0378642
0.0152225
0.0136458
0.00247434
0.108826
0.0126645
-0.103069
0.0858566
0.110466
0.0183679
0.0793191
-0.0619533
0.14744
-0.0187052
-0.0719938
-0.00125354
0.000433874
-0.106232
0.00930672
0.000907951
0.00370641
0.0615112
-0.0100451
0.000252936
0.0616279
0.0553927
0.0556456
0.055385
-0.0445114
0.045063
-0.00055163
0.0337328
0.000675143
-0.0737453
-0.0569074
0.0802183
0.0972562
-0.00183508
-0.00235565
0.0237709
-0.00129218
-0.00384551
-0.0521986
-0.0552912
-0.00218899
-0.0935355
0.0133495
-0.0614258
0.0645615
0.0154297
0.0202869
0.0334002
0.000181861
-0.050852
-0.0618041
0.0111691
0.0587485
-0.000136807
-0.09058
-0.0891742
-0.00567551
-1.72563e-06
-0.130573
-0.0200328
-0.0233605
-0.00262229
0.0832429
-0.0333821
0.0218258
0.0461846
-0.000952145
0.0291364
-0.0353857
-0.0113753
-0.0703271
-0.000303518
-0.0584986
0.000358773
-0.0612439
0.0831265
-0.0702703
0.0466362
-0.0744759
0.00265768
-0.0656336
-0.0713482
0.0453062
0.029083
-0.0885083
0.0824402
0.000148623
0.000240394
-0.017838
0.000325902
-0.0769618
0.103456
-0.049702
0.0189577
-0.000460576
-0.00252687
-0.063315
0.0401985
0.0579589
-0.00840062
-0.0852556
-0.000627622
0.108024
0.132895
0.108348
-0.000541374
-0.0662782
-0.000429303
-0.00288289
-0.018779
0.107479
0.0989445
0.0650181
-0.00589801
0.074566
0.0365412
0.0719184
0.000522329
0.010526
0.0541588
0.00891264
-0.038461
-0.0355615
0.0309575
-0.0166552
0.01424
-0.0518441
0.0482481
0.00323886
-0.0804228
0.0574316
0.0848199
-0.000668793
-0.110878
-0.0359267
0.0621355
-0.0605467
0.0878743
-0.121857
0.127911
-0.106744
-0.000710183
-0.00107184
-0.00228862
-0.00298816
0.0268029
0.0197654
0.00102251
-0.0847652
-0.0180918
0.00285723
-0.0225419
-0.111293
-0.0794886
0.0393798
0.0577475
-0.0471379
-0.0126801
0.0983529
-0.00129716
-0.0831741
0.0234799
-0.00566415
0.0438546
-0.0721818
0.0444274
-0.0730339
)
;

boundaryField
{
    outlet
    {
        type            calculated;
        value           nonuniform List<scalar> 0();
    }
    walls
    {
        type            calculated;
        value           uniform 0;
    }
    inlet
    {
        type            calculated;
        value           nonuniform List<scalar> 0();
    }
    model
    {
        type            calculated;
        value           uniform 0;
    }
    procBoundary1to0
    {
        type            processor;
        value           nonuniform List<scalar> 
151
(
0.0572004
0.101454
0.0724283
0.140876
0.0791532
0.057765
0.0565638
0.0729484
0.0781509
0.0785605
0.0715204
0.136273
0.0862061
0.119111
0.0706103
0.0642458
0.0722771
0.115565
0.142026
0.068161
0.0576894
0.0610158
0.114982
0.0663657
0.0340966
0.0982132
0.0509697
0.0878872
0.08016
0.0893635
0.0660911
0.0818583
0.0812193
0.121708
0.0937735
0.057345
0.0606546
0.0523543
0.0741304
0.0703177
0.0726865
0.0746212
0.0751526
0.085045
0.0698804
0.0555951
0.0647313
0.0733694
0.0909423
0.0788151
0.079328
0.0526156
0.110634
0.0856844
0.0586602
0.129448
0.129052
0.090212
0.0502643
0.0960459
0.072443
0.108754
0.0607623
0.0782484
0.0671032
0.105118
0.110896
0.0822506
0.078172
0.0803445
0.11797
0.0686887
0.136712
0.0677059
0.106697
0.0959572
0.0491678
0.0801242
0.0457003
0.0543567
0.081889
0.0688155
0.116494
0.000141147
0.000306966
0.060073
0.0908958
0.0524391
0.0549955
0.0895323
0.049139
0.0776384
0.089469
0.0672085
0.0863806
0.080471
0.0528581
0.119545
0.0811832
0.0840958
0.0780723
0.0456782
0.0311816
0.108619
0.0887619
0.124443
0.0928171
0.0691304
0.0671637
0.107729
0.0761216
0.121436
0.110063
0.0746278
0.11214
0.0642228
0.149093
0.0462567
0.0697405
0.0468308
0.124266
0.101899
0.0518359
0.0826873
0.0580762
0.058375
0.0913376
0.092756
0.0643628
0.10262
0.0948247
0.0958478
0.0678156
0.069458
0.0981736
0.0622547
0.100438
0.0612153
0.0785051
0.0843112
0.105539
0.108495
0.0754648
0.0641314
0.109031
0.100089
0.0631738
0.0505082
0.0939537
0.0945482
0.0825178
)
;
    }
    procBoundary1to2
    {
        type            processor;
        value           nonuniform List<scalar> 
103
(
-0.0034662
-0.0401032
-0.0027396
-0.0069398
-0.005045
-0.00484509
-0.0286667
0.000810774
-0.0104931
-0.0492817
-0.00385845
-0.0816309
-0.0132085
0.00150067
-0.0038492
-0.00579521
-0.00913616
-0.00171479
-0.0323404
-0.0118056
-0.0114174
-0.0332809
0.000144684
-0.0159229
-0.0293909
-0.00175337
-0.0272985
-0.0054658
-0.001551
-0.0272215
-0.00596215
-0.0169151
-0.0077601
-0.0531506
-0.0184775
-0.0269299
-0.024074
-0.0103065
-0.0123436
-0.0611852
-0.00270341
-0.0400885
-0.0394142
-0.0333904
-0.0101579
-0.0221197
-0.0361851
-0.00531748
-0.0162493
-0.0198661
-0.021997
-0.0221895
-0.0596059
-0.0135279
-0.00376674
-0.0163141
-0.00686974
-0.0195052
-0.0216904
-0.0185537
-0.000427066
0.00230319
-0.00243576
-4.51285e-05
-0.00633198
-0.0032739
-0.0156186
-0.0114859
-0.0253218
-0.00206187
-0.00126269
0.00208332
-0.0249788
-0.0556316
-0.0332954
0.00218549
-0.0102416
-0.0194703
-0.024762
-0.00511524
0.00120212
0.00155528
-0.00826636
-0.0194343
-0.0110892
-0.0277107
-0.00385289
-0.00690516
-0.00197473
-0.0154757
-0.00698482
-0.013484
-0.0237034
0.00298716
-0.0226117
-0.0919399
-0.0124188
-0.00911152
-0.00639155
-0.0653076
-0.0504297
-0.00162227
-0.0248865
)
;
    }
    procBoundary1to3
    {
        type            processor;
        value           nonuniform List<scalar> 
15
(
-0.0131797
-0.00951833
-0.00854784
-0.00302558
-0.0119456
-0.0120541
-0.00698291
-0.0076482
9.41699e-05
-0.00996289
-0.0184982
-0.0154614
-0.00417648
-0.00929361
-0.0182259
)
;
    }
    procBoundary1to4
    {
        type            processor;
        value           nonuniform List<scalar> 
43
(
-0.0440769
-0.0360183
-0.045777
-0.0473724
-0.0567246
-0.0548824
-0.0263073
-0.032026
-0.0383055
-0.0467014
-0.0461984
-0.0560035
-0.0220355
-0.0368124
-0.0310121
-0.05514
-0.0525158
-0.0490353
-0.06267
-0.0191394
-0.0496443
-0.0368278
-0.0420896
-0.0725615
-0.0997387
-0.0806426
-0.0603073
-0.0219405
-0.0488381
-0.0484085
-0.0700436
-0.0559974
-0.0518492
-0.0365482
-0.00164793
-0.0260093
-0.028629
-0.00458617
-0.0355208
-0.033945
-0.0580811
-0.0526049
-0.0474979
)
;
    }
    procBoundary1to5
    {
        type            processor;
        value           nonuniform List<scalar> 
57
(
0.000927157
-0.0690071
0.000247879
-0.0532098
-0.000954243
-0.000771168
0.000594776
-0.00231649
-0.00110864
0.00183679
-0.0685704
0.00385545
-0.0500989
-0.0305011
0.00503156
-0.0140115
0.000491971
-0.00262399
-0.0168954
-0.0338558
-0.00326231
-0.000849802
-0.000550161
-0.00119535
-0.0421286
0.00363008
-1.79175e-05
0.00468722
-0.00370605
-0.0046277
-0.0245877
-0.0206326
-0.0556885
-0.0309314
-0.0430477
0.00537724
-0.0404352
-0.00148133
0.00155477
0.00349215
-0.0451544
-0.0288299
-0.0175332
-0.012866
0.00187492
-0.0199632
-0.0159386
0.00400138
-0.0363698
-0.0127772
-0.0356677
-0.0279334
-0.0265973
0.00155149
-0.0516596
-0.0252554
-0.057586
)
;
    }
    procBoundary1to7
    {
        type            processor;
        value           nonuniform List<scalar> 6(-0.00551872 -0.00993131 -0.0037014 -0.00102517 -0.00576442 -0.00611267);
    }
    procBoundary1to8
    {
        type            processor;
        value           nonuniform List<scalar> 
109
(
-0.104679
-0.000354522
-0.0560448
-0.00823982
-0.0111861
0.000339448
7.38917e-05
-0.056423
-0.0113318
0.000296117
-0.0485604
-0.0184175
-0.0879431
0.00081643
-0.118342
-0.0249032
-0.0117271
1.72524e-05
0.00120679
0.00112134
2.64089e-05
-0.0512954
-0.0293342
-0.073206
-0.057069
0.00263267
-0.00203023
-0.0313799
-0.0134346
0.00143456
-0.0174833
-0.00997579
-0.100783
-0.0115441
-0.0361164
-0.0682708
-0.0705803
-0.0125977
-0.0354953
-0.019055
0.0130548
-0.061465
-0.0816026
-0.00236454
-0.00205593
-0.000520347
-0.0383857
0.0147204
0.00414823
0.000382446
0.0010164
0.00262882
-0.0849955
-0.00245258
-0.0377423
0.0163576
-0.0046375
-0.0495533
-0.0329281
-0.00298824
-0.0669379
0.00261757
-0.0527365
-0.014646
-0.100518
0.000586187
-0.0907595
0.000455357
0.00130534
-0.0344142
-0.0593805
8.25091e-05
-0.00952941
-0.0693845
-0.0527604
0.00304768
0.0115528
-0.0340087
-0.0172401
-0.00126405
0.00337719
-0.0428623
0.00170867
0.000852486
0.000277604
-0.000371286
-0.000126869
-0.0231934
-0.0239673
-0.00447457
-0.00899105
-0.00497788
0.0031663
-0.00415156
0.000306095
8.02119e-05
-0.050104
-0.0307948
0.000735474
-0.0455787
-0.00572836
-0.00868037
-0.00551178
0.00318832
0.000293487
-0.0439149
-0.0140506
-0.0367898
-0.0134009
)
;
    }
    procBoundary1to10
    {
        type            processor;
        value           nonuniform List<scalar> 
67
(
-0.0455869
-0.0419977
-0.0334914
-0.0362298
-0.127362
-0.105764
-0.0804259
-0.0326705
-0.0583072
-0.0468867
-0.0854675
-0.0221044
-0.0763867
-0.104706
-0.140515
-0.0710304
-0.0719431
-0.102321
-0.111659
-0.0665317
-0.0472906
-0.0651579
-0.0826659
-0.0928303
-0.0602817
-0.084366
0.0164298
-0.124222
-0.097104
-0.142307
-0.081161
-0.0397242
-0.0221215
-0.0312222
-0.0476085
-0.0798808
-0.0772553
0.000992923
-0.102885
-0.120492
-0.0973452
0.0177959
-0.06903
-0.00444615
-0.0655403
-0.0452716
-0.0114179
-0.12397
-0.0444046
-0.0630633
-0.0959397
-0.0541668
-0.10958
-0.136111
-0.102518
-0.116171
-0.0979487
-0.0594456
-0.0599428
-0.0621974
-0.114676
-0.031513
-0.104705
-0.109259
-0.0427972
-0.112544
-0.0912076
)
;
    }
}


// ************************************************************************* //
