/*--------------------------------*- C++ -*----------------------------------*\
| =========                 |                                                 |
| \\      /  F ield         | OpenFOAM: The Open Source CFD Toolbox           |
|  \\    /   O peration     | Version:  2506                                  |
|   \\  /    A nd           | Website:  www.openfoam.com                      |
|    \\/     M anipulation  |                                                 |
\*---------------------------------------------------------------------------*/
FoamFile
{
    version     2.0;
    format      ascii;
    arch        "LSB;label=32;scalar=64";
    class       surfaceScalarField;
    location    "0.0100321";
    object      phi;
}
// * * * * * * * * * * * * * * * * * * * * * * * * * * * * * * * * * * * * * //

dimensions      [0 3 -1 0 0 0 0];

oriented        oriented;

internalField   nonuniform List<scalar> 
7371
(
0.00622231
-0.0119699
0.012076
-0.00632837
-0.00778955
0.00186764
0.00335659
0.00256531
-0.000927868
0.00135266
0.000452704
-0.000877501
-0.00456787
0.00983858
0.000582976
-0.00585369
0.0159216
-0.00551276
-0.00461606
-0.00579275
-0.00253276
-0.00115232
0.00398159
-0.000296516
0.000465771
0.000968682
-0.00029345
-0.001141
0.0470588
0.0135019
0.000546543
-0.0611072
0.005009
-0.0343342
0.0117901
0.000952091
-0.0095799
0.00918752
-0.00055971
-0.0311045
-0.0547107
-0.0096086
-0.0614509
-0.087824
0.0584876
0.0907873
0.0210183
0.178427
-0.242982
0.0435373
0.00150924
-0.00131515
-0.00150082
0.00130672
0.0506648
-0.0504558
0.0199876
-0.000432637
0.00121216
-0.000585824
-0.000193697
-0.00252298
-0.00555166
0.00144536
0.00662927
0.0625383
-0.0417272
0.0635517
-0.0843629
0.0577943
9.92471e-05
-0.0578935
0.00110441
-0.000367331
-0.000194237
-0.000542843
-4.95769e-05
-0.00215757
0.00123796
0.00096919
-0.000126542
-0.000297868
-0.00125957
0.00168398
-0.00273165
-0.00110879
-0.00109189
0.00493233
-0.000695166
-0.00273837
0.00151061
0.00192293
-0.0556197
0.0561405
-0.00052085
-0.00698472
-0.0417642
-0.0068708
0.0427313
0.0151699
-0.0580748
0.000173569
0.0898155
-0.00293557
-0.0441486
-0.000602617
-0.000387767
-0.00103129
0.00202167
-0.00105907
0.00849926
-0.00776129
0.000321092
0.0082392
-0.016258
-0.000251743
0.0249676
-0.0149004
0.01788
-0.0279472
-0.0660833
-0.0238095
0.0898928
0.0279007
-0.136079
0.126078
-0.0179001
-0.0597202
-0.0608148
0.120535
-0.0293994
0.0600478
0.0218397
-0.0524881
0.00342583
0.00347254
0.000820894
-0.00771926
-0.0357996
-0.0379294
0.0995831
-0.0258542
0.00105613
0.00216462
-0.00144747
-0.00177328
-0.0559182
0.0265188
0.0583282
0.0651462
-0.0634266
0.00267142
-0.000153949
0.000811835
-0.0033293
-0.0149623
0.00192766
-0.0105717
0.0236064
0.0034538
-0.00399159
0.00110899
-0.000571194
-0.00136735
0.00360632
0.0058883
-0.00812728
-0.0017895
-0.000766444
-0.000855041
0.00341098
-0.00282963
0.0105491
-0.007403
-0.00031643
0.000593405
-0.000778443
0.000834727
-0.000649689
0.0119017
-0.064893
0.137217
-0.0842254
0.0310111
0.0175871
-0.0485982
0.0349701
-0.0684509
0.0644919
-0.00186026
0.00315546
-0.00101834
-0.000276864
0.00107209
-0.00166583
0.000177461
0.000416279
0.0197301
-0.00263948
0.0139615
0.0166047
-0.0222898
-0.0221898
0.00448712
0.0316642
-0.0107626
-0.00050659
0.00831989
0.00294927
0.000916799
0.000442663
-0.000885965
-0.000473496
0.00324106
0.0043805
-0.00200213
-0.00561944
0.0118351
0.00638312
-0.00366189
-0.0145564
-0.00171764
0.00105471
0.000489612
0.000173317
-0.03511
0.0534079
0.0433948
-0.0616927
0.00570448
-0.00891691
0.000912473
0.00229996
0.0216022
-0.0567122
0.0272464
-0.0214021
0.0300816
-0.0359258
0.00966021
-0.0502687
0.0678549
-0.0512632
0.13147
-0.0176686
0.0339026
-0.0688759
0.0014381
0.00011211
-0.00253047
0.000980257
0.0106786
-0.0138235
-0.00467171
-0.024143
0.0357683
0.0805565
-0.0921817
0.00299236
-0.00944096
0.00250353
0.00394506
-0.00793379
0.0208689
-0.00543611
-0.00749899
-0.00142084
-0.0043527
0.00185305
0.00392049
0.000922431
-0.00241253
0.00387485
-0.00238476
-0.00073401
0.00013632
0.00151449
-0.00156174
-0.000307498
0.00458392
-0.00271468
0.00620849
0.00714246
-0.00915278
-0.00419817
0.000707453
-0.00497967
0.0104807
0.00771203
-0.00738692
0.00163484
-0.00195995
0.0173644
-0.0349321
0.00906619
-0.000472054
0.000371822
-0.000381339
0.000481571
-0.0874079
0.00550128
-0.0656548
0.0669979
-0.00134309
-0.00137524
-0.00170797
0.00758844
-0.00450523
0.0971582
-0.050404
-0.106294
0.0595402
-0.0290988
-0.0632598
-0.0395778
0.000364212
0.00272307
-6.28849e-05
-0.0030244
-0.000282413
0.00352816
-0.00117521
-0.00207054
-0.00317666
0.00405688
0.0010215
-0.00190171
0.000388445
-0.000362534
1.41016e-05
-4.00123e-05
0.000381517
0.000519093
-0.00169254
0.000791926
0.00243601
-0.0133446
-0.00559378
0.0165024
-0.0260773
-0.0560577
0.0917951
-0.0610046
-0.0726364
-0.0165527
0.150194
-0.000240693
0.00114664
-0.00160276
0.000696812
0.00103947
-0.00220722
0.000239885
0.031062
-0.0603993
-0.0203299
0.0309293
-0.0366766
0.00147722
-0.00413343
0.00121343
0.00144277
0.00477323
-0.00216214
-0.00168866
-0.00218991
0.000719559
0.00116871
0.000301639
0.00219603
-0.00468356
-0.000499973
0.0029875
0.000754767
0.000284701
-0.0158836
0.00375057
0.0118858
0.000247229
0.0922397
-0.0302005
-0.0304689
-0.0315703
-0.0113507
-0.0441988
0.152708
-0.00813655
-0.00733517
0.00864837
0.000671473
0.0456792
-0.0632818
0.0162021
0.0652391
-0.0194258
-0.0620154
-0.000727376
0.000642874
-0.000247076
0.000331578
0.0010645
0.0015211
-0.00328076
-0.00856078
-0.0154895
0.016505
0.00754524
-0.00141254
-0.00289339
0.00274419
0.00027963
2.0708e-05
-0.000638912
0.000338574
0.00295961
0.000820973
0.0386908
-0.0424713
0.0308487
0.000102847
-0.0279919
-0.00702015
0.00166206
-0.0494174
0.00657964
0.0366409
0.00619683
0.0348349
-0.0346506
-0.000184294
-0.0183732
-0.0443211
0.0132769
0.0403113
0.00110327
0.00350245
-0.00157659
0.000775089
-0.00270094
-0.00279065
0.0109916
-0.00171219
-0.00648874
0.0066761
-0.0109288
-0.00125584
0.00550859
0.00710817
-0.0106149
0.0101829
-0.0173384
0.011661
-0.00480215
0.0104796
0.0151624
-0.013211
-0.0192898
-0.023477
0.0124395
0.0109149
0.000122533
-0.0135783
-0.00279047
-0.00248685
0.000366562
0.00147351
0.000646779
-0.00102575
-0.000114034
-0.000534886
0.00167467
0.00109729
0.00157089
-5.58543e-05
-0.000620583
0.000676437
0.0076427
-0.00813218
-0.0171851
0.0176745
-0.00477493
0.0174699
-0.000307757
-0.0123872
-0.00300132
0.000862247
0.00213134
7.73199e-06
-0.00104547
0.000821681
0.000123938
9.98501e-05
-0.00557386
0.00675146
0.00323702
-0.00441462
-0.00101197
-6.96354e-05
-0.00126165
0.00095125
-0.000701572
-0.00356804
0.00221927
0.0047506
0.00361763
-0.00234354
0.0035041
-0.00477819
-0.0378438
0.065263
0.0362162
-0.0636355
-0.000187003
-0.00174876
0.000674116
0.00133362
-0.000382369
0.00126398
0.0225645
0.0168154
-0.0393799
0.0444042
-0.0555485
0.0410683
0.0435794
-0.0290992
0.0229141
-0.0243061
-0.0653658
0.0266327
-0.021197
0.103848
-0.059737
-0.000225028
0.000958698
0.0110298
-0.0117635
-0.0329028
-0.0520126
0.023916
0.0609994
-0.00104909
-0.000480897
0.00202964
-0.000499655
0.00874819
0.0138293
-0.0225774
-0.00340161
-0.00696578
0.00851213
0.00185525
-0.0186518
0.0392354
-0.00831128
-0.0122724
-0.0270156
0.0260693
0.000946303
0.0654271
0.0376306
-0.153462
-0.0385841
-0.00708326
0.0371495
0.00290693
0.000280409
0.000108036
0.00189036
-0.000701927
-0.00115248
-3.5956e-05
0.00174569
-0.00248682
-0.00103324
0.00177437
0.00035115
0.000574793
-0.000297224
-0.000628718
-0.00289868
0.00252858
-0.00113125
0.00150135
0.000622903
-0.000220784
-0.000516644
0.000114525
-0.00265107
0.00174279
0.00749272
-0.00658444
-0.00118339
-0.000123776
0.000401791
0.000905371
-0.00413019
0.00216795
-0.000305896
0.00226813
-0.00125265
-0.00348899
0.00359899
0.00114265
0.00185379
-0.00157126
0.00160784
-0.00951082
0.0051451
0.00566191
-0.00544943
-0.00223731
0.00202483
0.00155258
-0.000338284
-0.000688659
-0.000525641
0.00876835
-0.00310645
0.00277921
0.000953541
-0.000306927
-0.0502085
0.0583937
-0.00206407
0.000595616
0.00234095
-0.000872497
-0.0346461
-0.00711803
0.00137918
-0.00180354
0.000424357
0.00108863
-0.00146887
-0.00065554
0.00103579
-0.00810036
0.00462911
0.0016739
0.00179735
0.0362419
0.0117732
-0.0463979
-0.00161715
0.000555168
-0.000774038
-0.000183914
0.000402783
0.00108567
-0.000258002
0.00107445
-0.00190211
0.00159573
0.045941
-0.053059
0.00176672
0.00262263
-0.00107734
-0.00331202
-0.000252682
-0.000873271
0.000763419
-0.0710961
0.051994
-0.0173957
0.0364978
-0.0222476
-0.0793977
0.0305492
-0.00136487
0.000742006
0.000622864
-0.00743734
0.00644505
0.00327453
-0.00228225
-9.33061e-05
0.00290051
-0.00244707
-0.00036013
0.00120855
-9.76899e-05
-0.00111086
-0.055579
0.0333314
-0.0051009
-0.000883033
0.00324942
0.00273451
-0.00070774
-0.00101382
-0.00294624
0.0046678
-0.00559384
0.0188552
-0.0574121
0.0441507
0.000930699
0.000611612
0.00105145
-0.00259376
-0.000326289
-0.00256701
-0.00365352
0.00654682
0.00330945
-0.00183982
-0.000733639
-0.00073599
-0.00179337
-0.0109506
0.00645684
0.00628714
-0.000230337
0.00244984
-0.00347216
0.00245004
-0.0020006
-0.0125772
0.0121278
0.00656757
-0.00380615
-0.010609
0.00784757
-0.00134862
0.00478134
-0.00264168
-0.000791042
0.000141115
0.00102925
-0.000114201
-0.00105616
0.00100563
-0.00166533
0.00012065
0.000539049
-0.00187284
-0.00114293
0.000199846
0.00281592
0.002269
-0.00941135
0.00432872
0.00281363
0.0015918
0.00250814
-0.00649951
0.00239957
0.00657576
-0.0038167
-0.00513712
0.00237807
0.000521231
-0.000530405
-0.000161861
0.000171035
0.0134692
7.27308e-05
-0.00696621
0.0018855
-0.00788826
-0.00348573
0.0094885
-0.00631396
-0.000663259
0.0051114
0.00186582
0.00493801
-8.06464e-05
-0.00453571
-0.000321648
-0.000687412
0.00325504
-0.00326956
-0.00016236
2.45254e-05
0.000137835
0.000397144
-0.000103057
0.000227144
-0.000366129
0.000722727
0.00252559
-0.00288219
-0.00228924
-0.00018487
0.00061385
0.000225514
-0.00450146
0.00523692
-0.000960977
-0.00876311
0.00325012
-0.00647558
-0.00858548
-0.0237305
-0.0237417
-0.0417321
-0.00598353
0.00812823
0.0516838
0.0619913
-0.0643565
0.0129412
0.0519619
-0.000825079
-0.0602822
-0.0012235
0.000298091
0.00127283
-0.000347424
-0.11392
0.0193186
0.0310979
0.0635036
-0.056255
0.0826128
-0.0233015
-0.00305634
0.00218896
-0.00157396
0.00431608
-0.00493108
-0.000323481
-0.0559315
-0.00205609
0.00159028
-0.00132369
0.00174873
0.00156748
0.000546655
-0.00386287
-0.00188914
0.000896645
-0.0027336
-0.000759341
-0.00366388
0.000243213
0.00418001
-0.0504268
0.104503
-0.000435122
0.00292819
0.00349203
-0.0059851
0.0224573
0.0182666
0.0258542
-0.0401485
0.0887259
-0.0366756
-0.00153077
0.000561709
0.000359495
0.0406068
-0.0395867
-0.0010201
0.0607388
-0.0206613
0.000529293
0.0709705
-0.111874
0.0775441
-0.000724576
0.0720746
-0.000379598
0.0051645
-0.0119634
0.00865868
-0.00185975
-0.000728223
-0.00203678
0.0029666
-0.000201592
0.00320067
-0.00112273
-0.00280617
-0.00213337
-0.00422052
0.00266152
0.00369237
0.0245342
-0.0486772
-5.63976e-05
0.00107881
0.00213305
0.0696709
0.00204487
-0.000708097
-0.00235512
0.0024114
0.00297388
-0.00218461
0.00207958
-0.000154758
0.00012005
-0.000620282
-0.000963159
0.00121164
0.000371798
-0.00119419
-6.20677e-05
0.000635978
-0.000129935
-5.86269e-05
0.132648
0.00123989
-0.00120499
-0.000164841
0.000522621
-0.000245889
0.0651816
-0.0617391
-0.00344245
0.00620013
0.00349728
-0.00670505
-0.00759282
-0.00535886
0.0139333
-0.000981588
-0.00675598
-0.00576492
0.00576465
0.00675626
0.00425896
0.00459759
-0.00523611
-0.00362044
-0.0077657
0.0214704
-0.0182892
0.00458449
0.000122998
0.00233691
-0.0096505
0.00719059
-0.00121073
0.010919
0.000824761
-0.0105331
0.0125774
-0.0173878
-0.000737399
0.00152526
-0.00759379
0.00933089
-0.00326237
0.00209019
0.0153861
-0.0188488
0.00137252
0.00249243
-0.00159022
0.00105265
-0.00195486
-0.00188964
-0.00265874
0.00146919
0.0030792
-0.00045041
-0.000931708
0.00138212
0.00567864
0.000739381
-0.00335464
-0.00306338
-0.000584797
-0.00064341
0.000282324
0.000945883
-0.00317355
0.000230387
-0.00118654
0.00412971
0.0163041
-0.0222762
0.000369021
-0.000252717
0.000222673
-0.000338976
-0.0042308
0.00181718
-0.000759924
-0.0039009
-0.00485473
0.00474187
0.00401376
0.00864168
-0.010106
0.000277555
0.00118677
0.000898096
0.00474631
0.0102028
-0.0158472
-0.0159063
-0.00199772
0.0117445
0.00615955
-0.000188716
0.000804296
-0.00166435
0.00104877
0.000730235
0.00296112
-0.00298981
-0.000701547
-0.00145409
0.000871863
0.000172406
0.000409822
-0.0018579
-0.00162073
0.000991785
-0.00191524
-0.00536029
0.00818775
-0.00091222
7.37053e-05
0.000720187
0.000109908
-0.0009038
-0.000541597
0.000132829
0.000408768
-0.00167863
-0.000835711
-0.000224028
-0.00204824
-0.00992846
-0.00176502
0.0137417
-0.000898015
0.00105688
0.00473081
-0.00488967
-0.000631088
0.000765881
0.00246576
-0.00260056
-0.000478638
0.00168424
-0.00472758
0.00352199
-0.000972328
0.000388631
0.000578841
4.85554e-06
0.00299719
0.00218363
-0.00582948
0.000648666
-0.0106633
0.000489637
0.00207327
0.000488148
-0.000803754
0.0013877
0.00678055
0.000807934
-0.000446028
-0.00966346
0.00493335
0.00948018
-0.00475007
0.0252024
0.0617644
-0.124811
-0.00469215
-0.00159881
0.00346132
-0.00308754
-0.0182957
0.00985713
0.00375756
0.00235061
-0.00813842
0.00203024
-0.00503168
0.00918843
-0.0137321
-0.00937877
0.0196151
-0.00535171
-0.00488462
0.00136275
-0.00310985
0.00303199
-0.00128488
1.93808e-05
0.000855839
-0.00087522
0.00486662
-0.00542422
0.000324763
0.000232838
0.00345148
-0.00644874
0.00108174
0.00191552
0.000318214
0.00276855
-0.000392538
-0.00269423
-0.000324488
-0.00980045
1.27362e-05
0.0101122
0.00438418
-0.00457497
-0.000630861
-0.000507509
-0.00396253
-0.00135009
0.000913446
0.000195953
0.00132938
0.00281368
-0.0117065
0.00756341
0.00103066
-0.00142467
-0.000751183
0.00114519
0.0542812
-0.0801036
0.0258224
0.00144957
0.00208973
-0.00218872
-0.00135057
-0.0032092
-0.00193513
0.00514433
-0.00263943
0.00107874
0.0015607
-0.0567923
0.0873221
0.00154789
-0.0320777
0.00234312
-0.000711819
-0.000856469
-0.000774834
-0.000274233
0.00261735
0.036718
0.00425165
0.0137492
-0.00456359
-0.0116114
0.00367809
0.0124969
0.00290822
-0.00366856
0.00048611
0.00089919
0.0100478
-0.00668798
0.00749259
-0.00458437
0.0036282
-0.0060805
0.00359068
-0.00113839
-0.00746488
0.00410117
-0.00467083
0.00803454
0.000856244
-0.00699239
0.00523813
-0.00446098
-0.00370323
-0.00164909
0.0098133
-0.00413128
0.00327478
0.000225412
-0.00245039
-0.000381718
0.00206218
0.000769921
0.00113545
-0.000415315
-0.00072013
0.0078751
-0.00874024
0.00172138
-0.00764575
0.00184602
0.0051598
0.000639932
0.000675199
0.000102002
-0.000612235
-0.000164966
-0.00156049
0.000283289
0.00295248
-0.00167528
-0.00531768
-0.000271989
0.00664655
-0.00111321
-0.000137409
0.00597725
-0.00472663
-0.020401
-0.000131182
0.00337629
0.0171559
-0.000860036
0.00467342
-0.00145212
-0.00236126
0.000973959
0.000736021
-0.00100985
-0.000700132
-0.000979231
0.00872775
-0.00831273
0.000564214
0.0018876
0.00102808
0.00320343
-0.0061191
0.00479023
-0.00223906
-0.000107905
-0.00244326
4.39545e-05
0.00258202
0.010561
-0.013187
0.00814809
-0.00486616
0.0128899
-0.0161719
0.00182401
0.00128326
1.53082e-07
-0.00310743
0.000179987
0.00147848
-0.000627805
-0.000588876
0.00196227
0.00349322
-0.000638432
0.000573593
-0.000685838
0.000750678
0.00112545
0.00067258
-0.00195997
0.000161943
-0.000532021
-0.00232678
0.00193962
0.000919183
0.00162412
0.00134268
-0.00289588
-7.09222e-05
0.00330691
-0.00085581
-3.96999e-05
-0.0090829
-0.00538144
0.0159589
-0.000256277
-0.000961665
-0.000499694
-0.0210156
-0.00916729
0.0125616
0.0176213
-0.00679723
0.00312935
-0.00548491
-0.000601158
0.00114611
-0.00344364
0.00323462
-0.00379256
0.00116674
-0.000608802
0.000607318
-0.000537247
-7.00713e-05
0.000396881
-0.000474317
0.00067585
-0.000598415
-0.00733512
0.00432764
-0.00132043
0.00432791
0.000607314
-0.000474805
-0.000173515
4.1006e-05
-6.7038e-06
0.00027531
0.000705353
0.00831445
0.00309077
-0.00869754
-0.00270769
0.0334837
-0.0206897
0.00234137
0.000932255
0.00096825
0.000967851
0.000953222
-0.00288932
0.000374904
-0.000241843
-0.00013306
0.0074226
0.0063474
-0.0212355
0.00746552
0.000378927
-0.0010991
-0.00201635
-0.0014149
0.00142606
-0.00318372
0.00317255
8.58068e-05
0.00184871
0.000827729
-0.00276225
0.00337333
-0.00207264
-0.00312608
0.00182539
-0.00012147
-0.00383494
0.00190031
0.000698824
-0.00065509
0.000579169
-0.00511694
0.00316663
0.00136143
7.36231e-06
-0.000364402
-0.000690774
0.00104781
-0.00227508
0.00106233
-0.00203552
-5.9081e-05
-0.00395874
0.000682707
0.00333511
0.00119203
-0.000658133
-0.0014498
0.000915895
0.000647354
-0.000418439
-0.00432682
0.00409791
-0.0011159
0.00184724
7.54933e-05
-0.000806836
-0.00344816
0.00373649
-0.00179075
0.00150242
9.55547e-05
0.00206662
0.000937273
-0.00263733
0.00277625
-0.00302834
0.00780709
-0.007555
0.00262912
0.00213854
0.00277355
-0.00754121
0.0229711
-0.00620976
0.0162134
-0.0329748
0.00139207
-0.00770168
0.00269516
0.00361445
0.00323018
-0.00269094
0.000558046
0.00158983
-0.00117765
0.00296116
0.00083736
0.00543198
-0.00409865
-0.00217069
-0.0164819
-0.00134606
0.0232595
-0.00223622
0.00146745
0.000864326
-0.0175522
-0.0129552
0.0260065
0.00450091
0.0696652
0.0438863
-0.0553748
0.00275332
-0.00274534
0.00058888
-0.000596855
0.00117632
-0.000965875
-0.000551467
0.000341017
4.86383e-05
-0.00223484
-0.00194398
-0.00064611
-0.00234619
-0.0054549
0.0084472
-0.0020266
0.000689249
0.00195176
-0.000614408
-0.0486564
0.0465108
-0.00598064
0.00812631
0.00200996
-0.00265423
0.000202065
0.000442199
-0.000215138
-0.00231315
0.0028465
-0.00248231
0.0759767
-0.130287
9.6213e-05
8.75844e-05
0.00291522
0.0146572
-0.00716118
-0.00742324
-4.68265e-05
0.0013094
0.000993998
-0.00225657
-0.00732792
0.00363667
-0.00362915
0.0073204
0.00104318
0.00268062
-0.00152446
-0.00219935
0.00208938
-0.00193764
0.00131843
-0.00147017
-0.000990961
0.00112566
-0.00256781
0.00243311
-3.92492e-05
0.00137973
-0.00124363
-9.68446e-05
0.000639731
0.00203494
-0.000664704
0.00254622
-0.00172651
-0.002759
-0.00280965
0.00128245
-0.00450649
0.00546224
-0.00136769
-0.00527509
-0.00968051
0.000156029
-0.0018275
-0.00203049
0.00367956
0.00166038
-0.0416929
0.00955902
0.0214738
-0.00343181
0.0142949
0.0131599
-0.024023
0.00210071
-9.51039e-05
-0.00153515
-0.000470457
0.00181315
-0.00113264
0.00142019
-0.00799268
-0.0246356
0.00858292
0.0240454
-0.00105656
-0.00176775
0.000394471
0.00242984
0.018191
-0.00649832
-0.0021337
-0.00955902
-0.00146441
0.000568685
-0.000669645
0.00318924
-0.00270489
-0.00572208
0.00523773
-0.00466547
-0.00292922
-0.000194856
-0.0041822
0.00378707
0.00356498
0.00400907
-0.00679431
-0.000779732
-0.00185262
-0.00189582
0.00149473
4.3687e-06
-9.94178e-06
-0.000536024
-0.000687827
-0.00319255
0.00183429
0.00204609
-0.029371
-0.0031179
9.8809e-05
-0.013622
0.00285996
0.013858
-0.0076658
0.00212227
-0.00588484
0.00595876
0.00337988
-0.00599758
-0.00536599
0.00439737
0.0042897
0.00482921
-0.00611188
-0.00300704
-0.00177874
0.000829407
0.00658769
-0.00563836
-0.00124738
0.000484752
0.00398965
-0.00322703
-0.031544
0.010703
-0.00304295
-0.00232358
-0.000421106
-0.00232311
0.00331895
-0.000574739
-0.00651886
-0.00044265
-0.00140817
-0.000499
-0.00117143
0.0014492
-0.000504593
-0.000678793
0.000584086
-0.00079363
0.000209544
0.000382742
-0.00129323
0.000598965
0.000311527
-0.00242064
-0.0114084
0.0169198
0.00125775
-0.00131487
-0.000730406
0.000787533
0.00180029
0.00399419
0.00197146
-0.00484198
-0.00112367
0.00034546
0.000627356
0.00252963
-0.0033144
0.013993
0.00360646
-0.00513126
-0.00246679
0.0457002
0.021202
-0.0255003
0.00299193
0.00130631
0.0142066
-0.00253748
-0.00864497
-0.00302418
0.00471921
-0.0110853
0.00840435
-0.00203827
-0.0210308
0.0121314
-0.00865288
-0.00748573
0.00648059
0.00895132
-0.00794617
0.0859309
0.0127432
-0.0986742
-0.00428114
0.00915566
-0.00163345
-0.00115207
0.00114537
-0.000603472
0.00286462
0.00157461
0.000167744
-0.00155339
-0.000188963
-0.00134065
0.0101289
0.000260718
-0.00904894
-0.000478929
0.000154974
0.000720836
-0.0641923
0.0618165
0.0023758
0.00911178
-0.00543887
-0.0124787
0.00880574
0.0165494
-0.0190228
-0.000672135
0.00104318
-0.00281107
0.00156309
-0.000997448
-5.01054e-06
0.00280268
-0.000987738
-0.00075881
0.00316209
-0.00473729
0.00104318
0.000306136
0.000995825
-0.000717875
-0.00200224
0.00137989
-0.000468507
0.00276551
0.00104429
-0.00154815
-0.00159377
-0.000560778
-0.00121876
0.000948674
0.00810377
-0.00927748
-0.000180203
0.000546193
-0.000552999
-0.000991761
-0.00361155
0.00279815
0.00253708
-0.00235997
-0.00297526
0.00128749
-1.66082e-05
0.00152727
-0.000871262
0.00113628
0.00227206
0.000550027
-0.00371256
0.000617924
0.000926185
0.00216845
0.00257754
4.07012e-05
-0.00360921
0.0067372
-0.00593978
0.00716627
-0.00796369
0.00804859
-0.0105767
0.00399387
0.00164424
-0.000898579
-0.00473952
0.000579658
-0.000182515
-0.00678148
-0.0134876
0.00377052
0.00430128
0.00541575
-0.00283741
-0.00154297
-0.00268396
-0.000259951
0.000909124
0.00203479
-0.000757556
0.00168084
-0.00333996
0.00101081
-0.00038414
-0.000138525
0.000848189
0.00544856
-0.00433448
-0.000197345
-0.000807383
-0.0018228
0.00282753
0.000918944
0.00299774
0.139011
0.0029647
-0.0941417
0.00161214
0.00110064
-0.00113817
0.000972133
-0.00567452
0.00148101
0.00322138
-0.00232203
-0.00595564
0.004808
0.00346967
-0.000434446
0.00354214
-0.00310493
0.00314525
-0.00317364
0.00313331
-0.00187066
-0.00122178
-0.00020429
0.00329673
-0.00361872
0.00211859
0.000448108
0.00422761
-0.0069312
-0.00726929
0.00208317
-0.00311815
-0.000632949
0.00337472
0.000349186
0.00234816
-0.00157168
-0.00411746
0.00171493
-0.000702405
-0.000248648
-0.00176213
-0.00322003
0.00191215
-0.000861639
0.000144381
-0.00250277
-0.00187468
0.00502764
-7.70876e-06
0.00195448
-0.00329358
-0.00069139
-0.00164738
-0.000720091
0.00156009
-0.000388881
6.9151e-05
0.0019608
-0.00164107
-0.00289434
0.00328628
-0.00078083
-0.0342451
-0.0246091
-0.000134091
-0.0020547
-0.000705549
0.00132628
-0.000230673
-6.98093e-06
0.000717668
0.000357727
0.000250887
0.126288
-0.0504059
-0.111681
0.0388611
-0.0318268
-0.00593105
0.000176189
-0.00187875
0.000233682
-0.00169332
0.000630551
0.000407227
0.00014
-0.00239727
-0.00150839
-0.00471633
0.00390162
-0.00220378
0.00404601
-0.0027553
0.000913068
0.00443087
-0.00232635
-0.00238694
-0.000355715
0.000930983
0.00326955
0.00128193
-0.00352761
-0.00209746
-0.00113792
0.00344561
-0.000210238
-0.00263639
0.00212994
0.000592259
-0.000897761
-0.00183194
-0.00304592
-0.00151483
0.00332863
0.00123213
-0.00096226
0.00172791
0.000712833
-0.00180554
0.0421213
-0.000292456
0.000356951
0.0162432
0.0161026
-0.0327027
0.0135353
-0.0272685
0.0140902
0.00817189
-0.0182833
0.00985348
0.000257921
0.00898753
0.00975706
-0.0105727
-0.00752564
-0.0118002
0.00104253
-0.024125
0.0279915
-0.0110375
0.0138989
-0.000411378
-0.00145385
0.000269858
0.00573547
-0.00104597
-0.0147466
0.0100571
0.00588234
-0.00652599
0.00536285
-0.0158429
0.0194625
0.00226272
-0.0158289
-0.000948044
0.0149271
0.00184982
-0.00737216
0.0114851
-0.00411218
0.00315121
-0.007509
-0.00031355
0.000340852
-0.00138024
0.00135294
0.00230815
-0.00115638
-0.00110313
-0.000598899
0.000913328
-0.00251821
0.00552017
-0.00870876
-0.010187
-0.00975495
0.00185348
0.000415742
0.00528734
-0.00717588
-0.0116898
0.00134669
-0.00763422
0.0092253
-0.0198614
0.00203736
-0.00774936
0.0056626
-0.00642059
0.00850735
0.00415861
-0.00101946
-0.00426188
0.00342765
-0.00296397
0.00258369
-0.00304736
-0.00278686
-0.00191806
0.00345754
-0.0020377
-0.00303019
0.00184231
0.00322557
-0.000379461
-0.000771741
0.000153753
0.00293834
-0.00198753
0.0023561
-0.00255554
0.00247036
-0.00122337
0.00130856
0.00340762
0.00102025
-0.00268218
-0.00539441
-0.000872036
0.00199889
0.00426756
-0.00120194
-0.000127502
0.00010594
0.00256204
-0.00440568
0.00264575
-0.00080211
0.00272639
-0.00390445
-0.00531525
0.00649331
0.00406498
-0.00289385
0.0013909
0.0080203
-0.00122893
0.00231279
-0.0049829
0.00312537
-0.000455263
0.00153205
0.00320804
-0.00242729
-0.00955849
0.00394082
-0.00437939
0.00999706
0.0135772
0.00325862
-0.0106136
-0.00685576
0.00588464
0.00629243
-0.00532131
-0.00118483
0.0111388
-0.00585285
0.142128
-0.0662672
-0.00538046
0.0190726
-0.00957847
-0.00634296
-0.00558162
0.00940527
-0.00389273
6.9075e-05
-0.00110667
0.00121299
-0.00175369
0.00143281
0.00194591
0.00232576
0.00389664
-0.00664743
0.0041836
-0.00246079
0.000775812
0.00538307
-0.000915458
0.00493765
0.00213855
-0.00107537
-0.00266908
0.0016059
-0.00118797
0.00438868
-0.00106216
-0.00702215
0.0234382
0.00264354
-0.000388732
-0.00195672
0.000113457
0.00132151
0.00120858
0.00130943
-0.000385095
-0.00131306
0.00241602
-0.000619341
-0.000487249
-0.00174021
0.000608787
0.00124488
0.000705331
-0.00097657
0.000792344
-0.00312694
0.000201227
-0.00125787
0.00490815
-0.00435802
0.00667065
0.00265461
-0.00883563
-0.00234169
0.0043006
0.0026702
0.000382511
0.00394645
0.00317056
-0.0066868
0.00389875
-0.00755725
-0.000861374
0.0074394
-0.107946
-0.0271474
-0.0406138
0.175707
-0.00910418
-0.00185468
-0.00858146
-0.00328257
0.00489826
0.147025
-0.0641788
0.0907437
-0.17359
-0.0485943
-0.0766352
0.118777
0.00645261
-0.000780953
0.00837208
-0.00865019
0.00316975
-0.000391877
0.0131174
-0.0158953
9.09841e-05
-0.019354
0.0093476
0.00991542
0.00598393
-0.0369477
-0.00372989
0.0346936
0.00292492
-0.0144196
0.0115387
-0.00490085
-0.00896084
0.00673689
-0.00517155
0.0155165
0.0373381
0.0297215
-0.00233065
0.0603038
-0.0754453
0.00714209
0.00189963
-0.00230451
0.00375943
-0.00165916
-0.00347236
0.00137209
-0.000745992
0.00544494
-0.000939521
-9.14927e-05
0.00264968
-0.00190715
-0.000651036
0.00291612
-0.00125939
-0.00174822
0.00261612
-0.00206964
-0.00916275
0.00861627
-0.000757343
0.00123666
-0.00150737
0.00102806
-0.000952639
-0.00138329
0.00205907
0.00061676
0.000979705
-8.72211e-05
0.00163791
-0.00112978
-0.00144312
0.000934993
0.00236319
4.06034e-05
-0.000416251
-0.00253319
-0.000407901
0.00335734
-0.0134015
0.0274877
-0.0299901
0.0159039
-0.00765424
-0.00780037
0.00336457
0.00970584
-0.00781024
-0.00526018
0.0242593
-0.0179269
-0.000348434
-0.0291389
0.00821289
0.0248312
-0.00390518
-0.0108774
-0.0312167
0.00428123
-0.00811025
0.00832404
-0.00449502
-0.0110013
9.34181e-05
0.0128445
-0.0177378
0.00921662
0.00861212
-0.00620801
-0.000711978
0.0137983
0.00836878
0.00383945
-0.00981809
0.0174084
-0.00288896
0.00211732
0.00076947
2.16893e-06
-0.00323808
0.00114981
-0.000530171
0.00261843
0.00033103
0.000450073
-0.00401918
-0.000432669
-0.000176178
-0.00228011
0.000739082
-0.000591063
0.000674632
-0.000822652
0.000147284
-0.00111642
-0.000662129
0.000332309
0.000923225
0.00100871
0.000735786
-0.00120696
-0.000537533
-0.000313045
0.000329379
0.000353462
-0.000369796
0.000352327
0.000343337
0.00257124
-0.00225569
0.00367833
0.000876551
-0.00143251
0.0031272
-0.00991191
0.0071672
-0.0082566
-0.00246824
0.0118429
-0.00618545
-0.00876679
0.0110653
-0.003524
0.00757271
-0.004375
-0.00487966
-0.000385216
-0.00572132
0.00496576
0.00409002
-0.00339275
-0.00566303
-0.000577272
0.00534943
0.000193606
-0.00271666
-0.00733402
0.00800243
0.00863488
-0.00760097
-0.00746192
0.000249229
0.0108422
-0.00362955
-0.00168405
0.000756218
0.00170047
-0.000772645
0.00457657
-0.00332119
-0.0087173
-0.000427466
0.00339022
-0.00217041
-0.00170671
0.0559879
-0.000713046
-0.0315084
0.0190147
-0.00177917
0.00870872
0.00786724
-0.00735049
-0.00440948
0.0480629
-0.0296255
0.060416
0.00501764
-0.000811049
-0.00483383
0.000627243
-0.00196623
0.069135
-0.0671687
-0.0637317
-0.0809469
0.0809718
0.00604668
0.00283409
-0.00386314
-0.00237991
0.000220791
-0.00757899
0.00654715
0.00289575
-0.00611187
0.00505505
-0.00183893
0.000617371
-0.0093755
0.00278315
0.00099654
0.00127536
-0.00673274
0.0063861
-0.0106446
0.0171522
-0.00945862
-0.160471
-0.0531333
0.0349017
-0.0279584
0.020837
-0.00124382
-0.000260132
0.00150395
0.000771653
0.00414502
-0.00458564
0.00028877
-0.0032204
0.00370329
0.000245372
-0.00148919
-0.00352079
0.00397851
0.00348926
-0.00394699
0.00249121
-0.00480705
-0.00469141
0.00700725
-6.77608e-05
0.00436984
0.00147373
-0.0057758
0.0211656
-0.0219359
-0.00118046
0.00195076
-0.00701088
-0.000532611
0.00442076
0.00312273
-0.00276559
0.00164734
0.00212627
-0.00100802
0.00314335
-0.00729509
0.0022621
0.00223586
-0.0018581
-0.000508985
0.00284692
-0.000690597
0.00272681
-0.0017368
0.00124585
-0.00970151
0.0094619
-0.000640445
0.000419661
0.00832377
-7.25877e-05
-0.0151069
0.00247029
-0.0026148
0.00289783
-0.00152957
0.00185518
0.00020344
-0.00121015
0.00297273
0.000886758
-0.00264934
-0.0047987
-0.00370547
-0.000960821
-0.00234459
0.000790232
-0.000912888
0.00311419
-0.0250371
0.0171677
-0.000608697
-1.00335e-05
0.00125762
-0.000638889
-0.00472273
0.0020982
0.00359666
-0.000916373
-0.00168392
0.0020957
-4.00109e-05
-0.00134425
8.75966e-05
0.00129666
0.00048455
-0.000351721
0.00231995
0.000194269
-0.0067627
4.64107e-05
-0.00535064
0.00875816
-0.00345394
-0.0021115
0.00332324
-0.0018427
0.000630953
0.00184912
-0.0015183
0.00768949
-0.00281496
0.007141
-0.00427963
0.000844645
-0.000169446
-0.00402968
0.0104233
-0.00390239
-0.00708477
0.00273546
-0.00369498
0.00574336
0.00137927
0.00212291
0.00186716
-0.00222466
-0.00377378
-0.00149013
0.00279096
5.24428e-05
-0.00135327
0.00491252
-0.000553071
-0.00340157
-0.000957886
-0.00318009
0.00509938
-0.00421141
0.00229212
-8.13888e-05
0.00103801
-0.00165898
0.00411248
-0.00349151
-0.000594779
0.00166165
0.000141674
-0.000398926
-0.00536415
0.00399281
0.00177027
-0.000167362
0.00261817
-0.000133815
-0.002317
-0.000644282
0.00220582
-0.00204303
0.000481497
0.00108815
0.000843732
0.00925482
-0.00454635
-0.00555221
-0.000171511
0.00560126
-0.000656514
0.00570906
0.00757967
-0.0102906
-0.00228
0.00351694
0.000946682
0.0055054
0.00712149
-0.00746239
0.00212088
0.00228624
0.00364146
0.000100164
-0.000506059
0.000405895
0.0010752
-0.00162631
0.000201814
0.000349298
-0.000559773
0.000529445
0.00265131
-0.00262099
-0.0017134
0.002375
-0.00366292
0.000944378
0.000500472
0.00128898
-0.00273383
-0.000893874
-0.000864826
0.0017587
0.00267331
-0.000733653
-0.000896481
0.00256657
0.000948248
-0.00117666
-0.00141258
0.000283234
0.00188811
-0.00158559
-0.000302516
-0.000573213
3.13754e-05
0.000555939
-0.0053924
-0.00219961
-0.0026653
0.000431485
-0.000151076
-0.0038021
0.00106758
0.000153206
0.00112677
-0.00186718
0.00071645
0.000378976
0.000964548
-0.00146848
0.000503932
0.00076751
-0.00132873
0.0176618
-0.0128048
-0.00242099
-0.000147535
-0.00323987
0.000344462
0.00198475
0.00116411
-0.00152474
-0.00804454
0.00459743
-0.00425025
-0.00174075
-0.000170658
0.00161437
0.000297034
0.00144742
-9.01865e-05
-0.00135723
-0.0138585
0.0135492
-1.51532e-05
-0.000963056
-0.00255089
0.00371038
-0.000196432
0.000385985
-0.000891989
0.000659211
0.00261227
-0.00155367
-0.00168677
0.000628176
0.00164181
-0.000786644
-0.000855165
0.00570562
-0.00267731
-0.00860217
0.000631262
6.7562e-05
-0.00416717
0.00166052
-0.000407142
0.0029138
-0.00237276
0.000363688
-0.000282954
0.00229202
-0.000355871
0.000473413
-0.00116721
0.00104967
-0.00272026
-0.00336256
0.00483178
0.00187997
0.00185306
-0.00856481
-0.00470687
0.00763634
-0.00832187
-0.000253222
0.0227547
0.017507
-0.0400085
-0.00163414
0.0383966
-0.011065
0.00479856
-0.00117091
-0.00252433
-0.00384404
-0.00559507
-0.0258079
-0.0405761
0.0480109
0.00613798
0.0150276
0.0143421
0.00402638
-0.00489699
-0.0134715
0.00874277
0.011236
-0.0279714
0.00104896
0.00803617
-0.0033795
-0.000534356
-0.0003364
-0.000101571
-0.00116782
0.000999745
0.000711251
-0.000543177
-0.0111392
0.00454543
0.00970791
0.000568799
-0.000278372
0.000813983
0.00504453
-0.00294436
-0.00126281
-0.0147422
0.0246046
-0.0410735
0.0312112
0.00221527
0.000561688
-0.00695944
0.00418249
-0.00232634
-0.00137979
-0.00358897
0.00434833
-0.00171368
-0.00496099
-0.00333539
0.0032207
0.00237678
-0.00012646
0.0011394
-0.00505733
0.00589281
0.000808967
-0.0012905
-0.000242894
0.000724431
-0.0322942
0.0237334
-0.000899193
-0.0293199
0.00325358
0.00175434
-0.00196461
-0.00304331
-0.00275473
0.00137095
0.000828223
-0.0167974
0.0108628
0.00970513
0.00262404
0.00417011
-0.00363207
-0.00311083
-0.00182708
-0.000456508
0.000533708
-0.00182688
-0.00175581
0.00304898
0.00382344
0.00327929
-0.00177723
0.00119771
0.00106297
-0.00178029
0.000717317
-0.000284094
-0.00132926
-0.000163874
-0.00415721
0.0140071
-0.00170175
-0.000951253
-0.000949514
0.0185651
-0.00850384
0.00723412
-0.0098033
-0.00121504
0.00378422
0.000727047
-0.00106448
0.00258035
0.00344607
-0.00108841
-0.00204458
-0.000632717
0.00518748
-0.00251018
-0.00679935
0.0057623
0.000313707
-0.00651045
-0.00957761
0.00121677
0.00024515
-0.000698767
-0.00618123
0.00147737
-0.00628469
0.00181368
0.00299364
-0.00246177
0.000712004
0.00173077
1.89935e-05
-0.000387351
0.00441336
-0.00259995
-0.00705226
-0.00192545
0.00442746
0.00455025
-9.81319e-05
0.00209793
7.47277e-05
-0.00207452
0.00119256
-0.00259549
-0.000770925
0.00217386
0.0135946
-0.00226505
-0.00871341
-0.00177923
-0.00053453
0.00205748
0.00433584
-0.00109127
-0.000436736
-0.000141444
-0.00111514
-0.00492211
0.00368059
0.0027189
0.00444564
0.00151476
-0.00601239
5.19853e-05
-0.000773783
-0.00109733
-0.000137288
0.000849522
-0.00299405
0.00428736
0.00449777
-0.00579107
0.0107407
0.00190366
-0.00142866
-0.0112157
0.001897
-0.00262721
0.00157666
-0.000846457
0.00899805
-0.0220958
0.00939258
0.00370512
-0.00253232
-0.00105679
0.00198174
-0.000767004
-0.000829213
0.00122663
-0.00100004
0.000522153
-0.000674432
-0.000121881
0.000274161
0.00132767
0.00273587
-0.000944354
-0.00030706
0.00199341
-0.00495854
0.00444235
-0.000589047
0.00109485
-0.00303856
-0.000243609
0.000460932
0.00139482
-0.00954056
-0.00600983
-0.00503265
-0.0124429
0.0051969
0.0122787
0.00129404
0.00139225
0.0117784
-0.0778617
0.0495831
-0.038555
0.0409658
0.00236161
0.000516956
-0.00165389
-0.00122467
0.052553
0.0110504
-0.0636034
0.0299931
0.0309617
0.0192595
0.000109145
-0.0675679
0.0674588
-0.00264758
-0.00155599
0.00265286
-0.00232323
-0.00297722
-0.00994286
-0.00804628
0.0103963
-0.00167946
0.00607867
0.00331683
-0.00339796
-0.00103208
0.00273198
-0.000151479
0.000653307
-0.00323381
0.00701503
-0.0187282
0.0100337
-0.00422122
-0.00137237
0.0018794
0.00371418
-0.000618937
-0.00377379
0.0325867
0.0370842
-0.00448483
-0.00218028
0.00431892
-0.00771929
0.00443092
-0.00119646
0.000788292
0.00175669
0.00343305
-0.0038313
-0.00461985
-0.082788
-0.0896509
-0.00198491
0.00250231
0.00465812
0.0481384
0.0569647
-0.10717
-0.0274551
-0.0948865
0.0174309
0.104911
0.00144284
-0.0017657
-0.000286676
-0.00266415
0.0032274
0.0332502
0.0542682
-0.0875184
0.000589676
0.00176056
0.00341206
0.00488832
-0.0164369
-0.062435
-0.0752283
0.065027
-0.0095661
-0.00631536
0.00822723
-0.0179743
-0.0424328
-0.00673626
0.0182757
-0.0270289
-0.0141682
0.00246142
0.0503932
-0.0449914
-0.0199733
0.00287855
-0.00062339
-0.000269893
0.00118465
0.0012847
-0.00315718
0.00343996
-0.00129936
0.000887871
0.0080483
-0.00624601
0.00298549
-0.000548697
-0.0012819
0.00159024
-0.000347589
-0.0051996
0.0228439
-0.0176443
-0.0256691
-0.0265705
0.0245749
0.0276646
0.00561637
-0.000308818
0.00367621
-0.00898376
0.000100402
0.00108296
0.000196368
-0.00300603
-4.05578e-05
-0.00142624
-0.000599863
0.00589978
-0.0101815
0.00655067
0.00103971
0.000367212
-0.00621571
0.0124834
-0.00117377
-0.00509396
-0.000921855
0.00571488
-0.00375501
-0.00405311
-0.00650707
0.00677936
0.00378082
-0.022958
0.0212934
-0.079147
-0.0194018
0.0727409
0.0327229
-0.0505155
-0.0346955
-0.00150597
-0.00397152
0.00722029
0.000348496
-0.00157287
0.00122437
-0.0426973
0.00950208
0.0184529
0.00171297
0.00420035
-0.00473193
-0.00118139
-0.00353377
-0.00413412
0.00183841
0.00579325
-0.0050659
0.00892027
-0.00964762
-0.00576174
-0.00882489
0.00352164
-0.0011911
0.00810803
-0.0052987
-0.00161823
0.0115186
-0.00467298
0.0052009
-0.0120466
-0.0149802
0.00881093
-0.000517002
0.00668631
-0.00235229
0.00169381
0.000951306
-0.000292822
0.0093998
0.0203066
0.00439393
-0.0341003
0.00677639
-0.00594546
0.00550743
0.00499003
-0.00470422
-0.0101007
0.0130324
-0.00104075
-0.00189091
0.00607106
-0.00101983
-0.00518863
-0.00363457
-0.0142319
0.00481051
0.000520094
0.000327057
-0.00458993
0.00191934
0.00501315
0.00550682
0.0034542
-0.0581476
0.0582808
-0.00358738
-0.000111786
-0.000639896
0.00162612
-0.000874442
-0.0497452
0.022442
-0.000330983
0.00149617
-0.00116518
0.00104925
0.000345
-0.0004297
0.0101918
-0.00513386
-0.00104883
0.00148031
0.00252252
0.00523758
-0.00527047
-0.00278206
1.00751e-05
0.00321983
-0.00114006
0.00434521
0.00960528
-0.0183057
0.00347939
-0.0154179
-0.00583961
-0.00368494
0.00977378
0.00555529
-0.00443927
0.000855442
-0.00117812
-0.00286964
0.00131611
-0.00129665
0.00280146
-0.000811487
0.00550395
-0.0064712
0.00176927
-0.0029606
0.00119133
-0.00229053
0.00336083
0.00215958
-0.00322987
-0.000504059
-0.00131155
0.00203502
-0.00021941
-0.00239186
0.00557247
-0.00318061
0.000586393
0.000177105
-0.0157437
0.000834438
-0.000427757
-0.00085082
0.00188346
-0.000604883
0.000731264
0.000185358
-0.000587243
-0.000553536
0.0020465
-0.00162706
-0.0259132
0.0108702
0.015043
0.0003562
-0.00116843
0.00105314
-0.00024091
-0.00418181
0.00136832
0.0146486
0.000272297
-0.00116878
0.00081742
-0.00145382
0.00151262
-0.000876221
-0.00269254
0.000302017
0.0109095
0.000897534
-0.00132162
-0.00157284
5.70446e-05
0.00271494
-0.000156683
-0.00381613
0.00576469
-0.00389563
7.19886e-05
-0.000391194
0.00421484
0.000489989
0.00700515
-0.0165993
0.00262266
0.00187332
-0.000966548
-0.00352943
-0.00833053
-0.00453013
0.00270683
0.0101538
-0.00158399
0.00196111
-0.00352875
0.00315163
0.00157473
0.00216778
0.00265013
-0.002872
0.000943505
-0.00138072
0.000125257
-0.0103432
0.00900718
-0.00767168
0.0112953
-0.00946325
0.0235012
-0.00494226
-0.018559
0.00114575
-0.00447297
-0.00191198
0.00848337
-0.011604
-0.000948636
-0.00756824
0.0049831
0.000599853
-0.000891854
0.000365706
0.000569622
0.000721578
-0.000938873
0.000389536
0.000486427
0.00570767
0.0038766
-0.00528374
-0.00430054
0.000252274
0.00346701
-0.00499778
0.00127849
-0.00114432
0.000238814
0.000905504
0.00434588
0.00405668
-0.00537516
-0.0030274
-9.73719e-05
0.002117
-0.00313738
-0.000715249
0.00433738
-0.0018437
0.000317979
0.0848017
-0.0640185
0.0757373
0.0039106
-0.00417518
-0.00790115
0.00816574
0.0104368
-0.00553242
0.00262131
-0.00471547
-0.000164231
0.00225839
-0.00291582
0.000544149
-0.00164645
-0.00130642
0.00240872
0.00227878
-0.00346484
-0.00126433
0.015104
-0.0091326
-0.00227819
-0.00369318
0.00207592
-0.00214128
-0.00356285
0.000938247
0.00098128
-0.000649967
-0.000443099
-0.00177785
0.00168048
0.00370731
-0.0101151
0.00778149
0.00116705
-0.00762809
-0.00572201
0.00551674
0.00783336
-0.00925239
0.00808604
0.00030497
-0.00522887
0.00603097
0.00240097
-0.000401724
0.000648551
-0.0026478
0.0056723
-0.00529381
0.00224844
0.000763543
-0.0033937
-0.0014231
0.000497367
0.0013684
-0.00573204
0.00496952
0.00501361
-0.00425109
0.00144603
-0.00256572
0.00836899
-0.00239514
-0.00353636
-0.00243749
-0.0015046
0.00116838
0.0115413
0.0147277
-0.00852186
-0.0177472
-0.00133306
0.000402285
-0.000441718
0.0013725
-0.00125402
0.00308351
-0.000955476
-0.000874017
-0.000201312
-0.000861524
1.73669e-05
-0.00505478
0.00086209
1.40228e-05
-0.00524967
-0.00502544
0.00136655
0.0143175
-0.00206866
-0.00167175
-0.0105771
0.00010677
0.00122929
-0.00164961
-0.00119314
0.00438077
-0.00317361
-0.00229945
0.000816607
0.0018283
-0.0167821
0.0165181
0.00901216
0.00286041
-0.00186802
0.00263581
-0.000531686
8.05674e-05
-0.000480863
0.000931981
-0.0022875
0.00209637
-0.000962648
-0.00223524
-0.000646566
0.000404021
-0.00694571
0.00283075
0.00665773
-0.00419885
-0.00674002
-0.000574005
0.000593386
0.000978342
-0.000442695
-0.00118686
0.000960999
-0.000737405
0.000963266
-0.00317118
0.00438254
-0.00755244
0.00634107
-0.000617032
0.000883607
0.00090975
-0.000932867
-0.0014255
0.00178436
0.000271691
0.0115229
0.00149987
-0.00126353
0.000678762
-0.000915102
0.0022255
-0.00150868
-0.00301147
0.00229465
-0.000657642
0.000644482
-0.000761915
0.000775074
-0.00137145
0.00789197
0.00119151
-0.0110891
0.00877192
-0.0116072
-0.00142973
0.0103444
-0.00681114
0.0144332
-0.00401766
0.000209073
0.000430771
0.000833213
-0.000584639
0.000605242
0.000951318
-0.00158727
-0.00109454
0.0103757
-0.0121046
-0.00561497
-0.00186779
0.00326224
0.00283783
0.00951412
-0.000800786
0.000492
-0.00195395
-0.000388708
0.00185066
0.00343499
-0.00013281
-0.000579102
-0.000838253
-0.00387372
-0.00163334
5.03135e-05
-0.000157725
-0.0100766
0.00208205
-0.00168514
0.00967967
-0.00480955
0.00901119
-0.00330622
-0.000895417
-0.00810878
0.000304388
0.00299485
-0.000759206
-0.00338235
-0.00290121
0.00704276
0.00168039
-0.00105808
0.00056245
0.006982
0.00276205
-0.00598649
0.00543918
0.00884248
-0.00638352
0.00182227
-0.00505231
0.00398914
0.00168385
0.00290224
-0.0192196
0.000875984
-0.00656756
0.00748529
0.000997103
-0.0142441
-0.00149351
-0.00639702
0.00133032
-0.0010801
-0.000397629
0.000582615
-0.000560781
0.00206502
-0.00126086
-0.0010833
0.00043397
-0.00578607
-0.0158767
0.0269501
0.000613027
-0.00113224
-0.00441368
0.000981747
-0.0019744
0.000115603
-0.0150351
-0.00625015
-0.0150368
0.0187963
0.00249062
-0.000742205
0.000789509
0.00437468
-0.00357391
0.000554249
0.00385869
-0.000977948
0.0155128
-0.0166527
0.00282374
0.00421358
-0.0127522
0.00226846
0.00627013
0.000193989
0.000391797
-0.000931227
0.000345441
0.000765029
0.000626286
-0.00119733
0.000222004
-0.000799898
0.00119465
-0.000430152
-0.000600955
-0.000634726
-0.000144638
0.00122194
-0.000312274
-0.000219583
0.000466742
0.00138519
-0.000839884
-0.0003233
-0.00028998
0.00105803
0.000617133
0.00407555
-0.00298258
-0.0078902
-0.00241041
-0.00509753
-0.00478272
0.0122907
-0.00542223
0.00702835
0.00429366
0.00116127
0.0113203
-0.0180351
-0.00048947
0.00723944
0.00361632
-0.0143665
0.0231897
0.00369106
-0.0116609
0.00660244
0.00361333
0.00652278
-0.000479433
0.00736234
0.000567964
-0.00745087
-0.00144745
-0.00261874
-0.00656801
0.00603942
0.00336642
-0.000496204
0.00880863
-0.00324356
-0.000631362
0.00210258
0.00177234
-7.98997e-05
-0.00228043
-0.000883227
-0.144037
0.00330768
-0.000665062
-0.00272251
0.00154653
-0.00250948
0.000220774
0.00228871
0.000258852
0.00245407
-0.00340051
0.000687585
0.00186467
0.000496764
-0.00442101
0.0103452
-0.109923
0.000881679
0.0212178
-0.0179569
-0.00367869
-0.0902594
-0.0631531
0.0877577
-0.055311
0.0616355
-0.0659031
-0.00299539
-0.000106249
0.00241422
0.0018058
-0.00669588
0.0103955
0.0450127
-0.0100426
0.00256185
0.00124791
-0.000265924
-0.00354384
0.00420398
-0.00158662
0.000796361
0.000862312
0.000710886
-0.00261384
0.00101699
-0.00502753
-0.00900525
0.000537768
0.00191411
-0.00242204
0.00922471
-0.00367332
-0.00458317
-0.00141009
-0.000403765
-0.00871162
0.0121864
-0.00134723
-0.00589823
0.00232005
0.0049085
-0.00698933
0.00437945
-0.00527657
0.00350528
-0.00157605
0.00117119
0.00222886
0.00323656
-0.00256446
-0.00212423
-0.00429333
-0.000782873
0.0039075
0.0011687
-0.00460174
-8.46425e-05
0.00251535
0.00217104
0.00326936
-0.00395248
0.000559618
-0.000794386
0.00844919
-0.00100486
0.00254832
-0.00661495
0.00520248
0.0010334
0.000379073
0.00110697
-0.000162442
0.00201659
0.0035128
0.00394993
-0.0092561
0.00283472
-0.00126615
-0.000745651
-0.000822923
0.00083905
-0.00259788
-0.00171353
0.00285385
-0.0097877
-0.0024775
0.00348777
-0.00544071
-0.000317717
0.00146146
-0.00268671
-0.00344777
-3.86358e-05
-3.59436e-05
0.00118259
-0.00156951
-0.00419626
-0.00218576
-9.97388e-05
0.00346809
-0.0668885
0.000893737
-0.00787931
0.000766389
0.00554341
-0.0224764
0.0524788
0.0375687
-0.0374593
-0.00720494
-0.00293942
0.00078345
0.00458511
-0.003608
-0.000965027
-0.000973902
0.000541804
0.00139713
-0.0014791
-0.00086579
0.0043383
0.000306248
-7.40299e-06
-0.000773162
0.0041711
-0.00173974
0.00196117
-0.000125216
-0.00630654
0.00523684
-0.00460767
0.00453831
0.000156765
-0.00818485
0.0058315
0.0058177
-0.00470351
-0.00694568
0.00434531
-0.00194429
0.00478957
0.00216199
0.000380433
-0.00260151
0.000769473
-0.000955501
0.00234802
0.00321777
-0.00345627
0.00126324
-0.000771243
0.00454149
0.000434669
-0.000850721
0.00150807
-0.00472917
0.00177362
-0.0023877
0.000780216
0.00261271
-0.000249262
0.00143452
-0.00387906
0.00032792
0.00211662
-0.00111078
0.000351256
0.000506842
-0.00141519
-0.000104221
-0.00125525
0.0018258
0.00648048
-0.014572
1.09066e-05
-0.00438934
0.00210405
0.00227439
-0.0398367
0.0190906
0.0145363
-0.00143578
0.00352458
-0.0305805
0.0284917
-0.0145359
0.0115967
-0.0192506
-0.00253736
0.0142291
-0.0346497
0.00535939
0.00507233
0.00268568
-0.00140133
0.00791365
-0.00539821
-0.00111411
-0.00079493
1.29926e-06
4.26428e-05
0.00029311
-0.000868537
0.000532784
-0.00087471
-0.000479081
-0.00121866
-0.0005821
-4.21683e-05
0.00496292
-0.00147468
-0.0127095
0.0106359
0.0255747
-0.00130007
-0.00136784
-0.00111922
0.00210179
0.000385276
0.00449655
-0.0120564
0.00328509
0.00427481
0.00451535
-0.0215656
-0.00262501
0.00200559
-0.000485584
0.000718935
0.0004425
-0.000658708
0.00118307
-0.0025266
-0.000707146
0.00663639
-0.00221498
-0.0112171
0.00393532
0.00457694
-0.0297616
0.0262355
0.0282211
0.00279647
0.00131549
-0.0026121
-0.00165748
0.00570298
-0.00152621
0.00013955
-0.00679351
0.0223341
0.00724899
-0.00413347
-0.00143713
-0.00167839
0.00360099
0.00420291
-0.00707624
-0.000727656
-0.00443394
0.00363876
0.00311113
-0.00231595
-0.000581383
-0.00832403
0.00600626
0.00289915
-0.00168501
-0.000914714
-0.00194821
0.00454793
0.00194095
-0.00612261
0.000275034
-0.000378091
-0.000436287
-0.00115333
-3.6911e-05
-0.122514
0.0215211
0.0898656
0.0591603
0.00247523
0.00262637
-0.00218375
0.00241779
0.00661239
-0.00593185
0.000598575
0.0124511
-0.0102642
0.015175
0.00476141
-0.00223298
0.00803766
0.00576856
-0.0115732
-0.0981957
0.00332645
-0.061231
-0.00379594
0.0812291
0.0563229
0.00668111
0.00469696
-0.00319636
0.0065477
-0.0531334
0.000862516
0.00237155
0.0560188
-0.111763
-0.000154617
-0.000445982
-0.00061806
0.000872587
0.00212745
-0.000387773
0.00106259
-0.000596819
-2.76212e-05
-0.000893028
0.000523312
0.000397337
-6.80867e-05
-0.0130333
0.0101767
0.0276054
0.003092
-0.00706109
0.00571742
0.000322903
-0.00699153
0.000951211
-0.00383508
0.00468876
0.00231687
-0.0108939
6.54477e-05
0.00664668
-0.00170893
4.57691e-05
0.000982809
0.000680351
-0.00228733
-0.000227807
0.000810075
0.00170507
-0.00219819
-0.00478838
-0.00134826
0.00196947
-0.000911584
0.00134565
0.0679241
0.0159617
-0.0862164
0.000132379
0.000853972
-0.00435069
0.00267806
-0.00198089
0.000302115
-0.00046629
0.000164174
-0.000810025
0.000206443
-0.000418682
0.0132446
-0.0604558
-0.158183
0.11983
0.0323659
-0.00503789
-0.0690578
0.0617764
0.0770448
-0.0697634
-0.0170559
0.00666872
0.00234087
0.116965
-0.123754
0.0549272
0.0464712
-0.138543
0.0852973
0.00677472
0.0713826
0.0907472
-0.0451648
0.108137
-0.190951
0.120429
-0.0376143
-0.00210461
0.0110275
-0.0133517
0.00426792
0.0025158
-0.0115419
0.00225671
-0.00263708
0.00252444
0.00404919
-0.00393655
0.00865872
0.0656946
-0.00642915
0.00559687
0.00338187
-0.00947497
0.000496227
-0.0430102
-0.111438
0.031935
-0.033598
0.086657
-0.121213
0.101259
-0.0667035
0.056532
-0.000209041
0.0765043
0.0294713
-0.0599165
-0.0642319
-0.0863472
0.000556046
0.0757243
0.0658478
0.00419015
0.00717142
0.000783591
-0.00358473
0.0135419
0.049508
-0.108868
0.0195295
-0.0120766
-0.0148536
0.00740064
-0.00569953
0.0137304
-0.00905265
0.00102177
0.0123166
-0.00806066
-0.00887196
0.0982706
-0.100394
0.0447574
0.114935
-0.0606396
-0.0990524
0.0817847
-0.0919705
0.0261475
-0.00145803
0.000439977
0.00172338
-0.00743456
0.00479358
0.00912954
0.0288287
-0.0635594
0.0632359
-0.00684964
-0.0119386
-0.00956394
-0.0112314
-0.0474246
-0.07244
0.156081
-0.00736122
0.00209884
0.00339436
0.00261061
-0.00609646
0.00305073
-0.154319
0.0378274
-0.126223
0.000166727
0.0615193
-0.120613
-0.0902364
0.0839527
0.0110229
-0.0275907
-0.0508565
0.139604
-0.0611564
0.00138554
0.000332575
-0.000180944
-1.8158e-05
0.00749881
0.00389687
-0.001578
0.0134354
0.0012987
-0.00241751
-0.00497972
-0.00678556
0.142202
0.0480818
0.00231139
0.000619367
0.000911579
0.000648634
-0.00217958
-0.00134386
-0.00064646
-0.000578777
0.00256909
0.00126576
-0.00141531
-0.00119432
-0.0791752
0.0450521
0.0174773
-0.0528397
-0.00357945
-0.00298597
-8.37254e-05
-0.0117641
0.0160125
0.0119948
-0.0177147
-0.00898507
-0.00176666
0.00487616
0.00587556
-0.00494106
0.00958934
-0.000147585
-0.000548689
0.000589381
-4.76725e-05
0.00686267
0.0008048
-0.0203769
0.00166468
0.00123881
-0.000555335
0.00350496
0.00192121
-0.00102401
-0.000464903
-5.20278e-05
0.000285958
-0.00118159
-2.53817e-05
0.000921013
-0.0042126
-8.87677e-05
0.00211763
0.000719895
-0.00149739
-0.00255896
-0.00195409
0.00263838
0.00342596
-0.00133146
0.000973323
0.0026099
-0.0150944
-0.00342186
0.0007919
-0.000732847
0.00126862
0.00155938
0.00790912
0.00255323
-0.00124991
0.000356041
0.00466092
0.0131733
-0.0178343
-0.000538785
-0.000131472
-0.000440664
0.000412439
0.000635436
-0.00060721
-0.00268077
0.000789559
0.000465983
0.00108832
-0.00234386
-0.00152206
0.000202272
-0.00598287
0.00057406
0.000854819
-0.000758624
9.94552e-05
0.000544758
-0.00708762
-0.00777784
0.00319079
0.00137144
0.000407291
0.00148783
-0.0014499
-0.000435554
0.00301433
-0.0023387
-0.00252762
0.000686057
-0.00945787
-0.000562808
-0.00169597
-0.0157763
-0.00269407
0.00145598
0.00516191
-0.00392382
0.000134505
-0.000723682
-0.000622055
-0.000444601
-0.000493538
0.00075577
-0.000465647
-0.000484575
-0.000527793
-0.000252336
0.0012647
-0.00102258
0.000694473
0.00026604
-0.00114943
-0.00108734
0.000321432
0.000252096
0.000805123
0.000334891
-0.000488875
0.00166588
-0.0440103
-0.0264857
1.88715e-05
-0.00214378
-0.00108429
0.0124839
0.0527042
-0.015605
-0.134103
0.0663012
0.0286196
-0.0991706
0.000357007
0.000386391
-0.000132513
-0.000610886
0.000632042
0.00155097
0.00136307
-0.000857825
0.00104734
-0.00212832
-0.0633349
-0.126997
0.0822955
0.108037
-0.0436693
-0.0510794
0.00448926
-0.0709661
-0.0392986
0.0665955
-0.0541832
0.0377119
0.000335123
-0.00011347
0.000567906
-0.00091767
-0.00138546
0.000990294
-0.000761217
-0.00051362
0.000848743
0.0028057
-0.000961356
0.000897117
-0.00169456
0.00167912
0.000195544
0.0130736
-0.00932337
-0.00627451
-0.019408
0.0249466
-0.00186051
-0.00301895
-0.0061054
0.00247628
0.00664807
-0.000655807
-0.00113652
0.0159042
0.0139615
-0.0121274
-0.00320093
0.00261475
-0.00196472
-0.00493362
-0.00510902
-0.00259434
0.00635474
-0.00583995
-0.00208879
-0.00198639
0.000273082
0.0040499
-0.00617171
-0.00201231
-0.00458616
0.0113231
0.00128185
-0.0010145
-0.0147437
-0.00510817
0.00871273
-0.00137461
0.000377464
0.00450124
-0.000654856
0.00159761
0.00109218
0.00725309
-0.00195541
0.0155163
-0.020814
-0.00823087
4.07908e-05
7.983e-05
0.0152329
0.0241116
-0.0460808
-0.00123617
0.000960917
-0.000883629
-0.000352543
-0.00156242
0.00111186
-0.000823038
0.0219938
-0.000316973
0.000556046
0.0023581
-0.00260807
-0.000306074
-0.000368106
-0.00349143
0.00194149
-0.0031431
-0.000290829
0.000111723
-0.00123787
0.00100203
0.00032509
-0.0013086
-0.00152117
0.00243638
-0.000479102
-0.00188813
-0.000512673
0.000324537
0.000574527
0.000440147
0.000595562
8.93573e-05
0.000709902
-0.00339996
0.00219833
0.00821366
-0.00701203
0.0010115
-0.00567012
-0.00254631
-0.00605576
-0.00011762
9.28825e-05
0.000517065
-0.0037363
0.00493416
0.00113566
-0.00243461
0.00137166
-0.000716269
0.00133817
-0.00175104
0.000412878
0.00163465
-0.00286568
0.000359777
0.000759429
-0.0778049
0.0437171
0.00663264
-0.0438682
0.00759548
0.0482874
0.0735688
-0.047628
-0.0202505
0.0140227
0.00108551
0.00514233
0.00304778
-0.0821948
-0.000669152
0.0021782
1.52162e-05
0.00138083
-0.00104351
-0.000869004
0.00463078
-0.00353398
0.00368454
0.0250117
-0.0433236
-0.0105836
0.042574
-0.143864
0.107494
0.0544134
-0.0071998
0.0117552
0.000746348
-0.00530175
-0.0105282
0.0157539
-0.00693794
0.00574313
0.00992815
-0.0109038
-0.0144897
0.0321066
-0.00848735
0.00371778
0.000376792
0.000193493
0.000517979
0.000318118
-0.00395235
0.000579299
0.00222057
0.00261724
0.000254603
-0.00177288
-0.0017497
0.000137974
0.000763018
0.000848703
-0.00249732
0.00613975
-0.00848665
0.00906009
-0.0045423
0.00396886
-0.00725986
-0.00184323
-0.0048713
0.00209781
0.00117075
-0.0114466
0.00279399
0.0107504
0.000470078
0.00464117
-0.00117194
-0.00660618
0.00104539
-0.000135109
0.00207042
-0.0133819
-0.0324526
-0.000330279
0.00348574
-0.00531308
-0.000339885
0.00184718
0.00380579
-0.0661892
0.0177639
-0.0943508
0.142776
-0.0404316
0.0394115
-0.0813653
0.079922
0.0129746
-0.0259785
0.0131718
-0.0765067
-0.071024
-0.0167648
0.0165079
9.09121e-05
0.000165997
-0.0840359
0.0748115
0.00312384
0.00292925
-0.00297734
0.0157384
-0.0052685
-0.00163064
-0.00763628
0.0151477
-0.0153997
-0.0340407
0.0158936
-0.0286405
0.0141213
0.00712479
0.0138043
-0.028697
-0.0157857
0.00261789
0.0271929
0.00336039
-0.00393583
0.00168676
-0.000929298
-0.00343905
0.002756
0.00161235
-0.00659633
0.006807
-0.000598681
0.000388015
-0.00763501
0.00305862
0.00407641
-0.00016075
3.7415e-05
-0.00948349
0.00960682
-0.000781358
0.00172011
-0.000556728
-0.000382027
0.015189
0.00434056
-7.52394e-05
0.0030242
0.00178185
-0.000636459
-0.00016792
0.000625854
0.00045213
0.00078542
-0.0018634
-0.00248045
0.00170229
2.45678e-05
-0.00669738
-0.00970248
0.0097463
0.00665356
0.00500697
0.00480986
-0.00643495
-0.00184479
0.00118622
-0.00143022
0.00362201
-0.00021905
-0.00445387
0.00105091
-0.00111998
0.00689401
0.0042277
-0.00176705
0.00242804
-0.00119645
0.00053546
0.00125524
-0.00396408
0.00177955
-0.00782816
0.00308617
-0.00970316
0.00845843
-0.00184144
0.00434106
-0.000971992
-0.00551815
0.00214908
-0.00142579
3.68324e-05
0.00292207
-0.00153311
-0.00163216
-0.00901097
0.00861885
-0.00347331
0.00683012
0.00704197
-0.0131073
4.18518e-06
0.00425455
0.00358635
-0.000609433
0.000252254
0.000640025
-0.0345157
-0.00102814
0.0145131
0.0167126
-0.0458204
0.00400094
-0.00439606
0.0229834
-0.0225883
6.83863e-05
-0.000535764
-0.00435411
0.00674417
0.0059337
-0.00143375
0.000892514
-0.00716461
0.0105802
-0.00454254
0.0011269
-0.00155229
-0.000635809
-0.00868085
0.0187588
0.00669361
-0.0167715
-0.00082972
0.00101562
0.000170297
0.00112285
0.000806194
-0.00130618
-0.000703597
0.00359397
-0.0017213
0.00307036
-0.00216535
0.000816288
0.00695629
-0.0106081
-8.11362e-05
0.000489904
-0.000825272
0.00164695
-0.0130793
0.0144258
-0.00499169
0.00320902
-0.00258169
0.00436436
0.0157404
-0.00564482
-0.0119367
0.0018411
-0.0103669
0.0152447
0.00570244
0.0038535
-0.00181281
-0.00436427
-0.00389835
0.00274636
-0.00183906
0.00593489
0.0122549
0.00381402
0.00130741
-0.008404
0.00285493
-0.00375683
0.00300595
0.00304303
-0.00184164
0.0105615
0.00167527
-0.00566503
-0.000376612
-0.0029188
0.00461582
0.00162572
0.00210413
0.00132564
-0.00170671
-0.00115926
0.00154033
0.0012484
-0.00142111
-0.000991199
0.00116391
0.00204354
0.00160281
0.00265118
-0.000272395
0.00870447
-0.00653445
0.00190553
-0.000345604
-0.0105357
0.00324267
0.013025
-0.00573194
-0.00180258
0.00188221
-0.00180092
-0.0016802
-0.00265739
0.0113974
-0.00705982
-0.00136388
-0.00389533
0.000276313
0.000344835
0.00548523
-0.00825603
0.00709953
-0.00123351
0.00139612
0.00117556
0.00130818
-0.00111477
-4.36914e-05
0.0002283
-0.000810985
0.000779052
-0.000145589
-0.000798824
-0.00095222
-0.00377356
-0.00042182
0.00556161
-0.00350935
0.00333082
0.00244416
0.00421809
0.00256664
-0.00401202
-0.0115592
0.0192558
-0.0036846
-5.5625e-05
0.000761241
0.00114162
0.0035687
-0.00440516
-0.00229964
0.0023905
0.00200249
0.00230216
-0.000232274
0.00164329
-0.0024515
-0.00199204
0.00118632
0.00101579
-0.00146961
0.000852193
-0.000546627
-0.000305566
0.00833552
7.13686e-05
-0.00996919
0.00371319
-0.000349761
0.00660576
-0.00144183
0.00813049
-0.00239896
-0.00394239
0.00100581
0.00245795
-0.000469466
-0.00269474
0.00129137
0.000566974
0.0143481
0.000728235
-0.00168616
-0.0116206
0.00386581
-0.0078848
-0.00101488
0.000164161
0.00593102
-0.00635379
-0.00398264
0.000421959
0.00112607
-6.16032e-05
0.000284454
0.00174083
-0.00174608
0.00081321
0.00110616
-0.00141465
0.00159138
0.00010908
-0.00294275
-0.00713552
-0.000226832
0.0102006
-0.00164975
-0.00147401
0.000207206
0.00203629
0.00157709
-0.000746284
0.00653153
-0.00195328
0.00323749
0.0116092
0.00954611
0.0198538
0.0119357
-0.000927981
0.000763601
-0.00130003
0.00371438
-0.00312065
-0.00144877
-0.0016076
0.000468713
0.00102468
-0.0041598
0.0049463
0.000838395
0.000943688
0.0026386
-0.00281045
0.000999582
0.0191326
-0.0020845
0.000947978
-0.00301408
0.00237053
-0.00306192
-0.00106062
0.0026257
-0.00096618
0.000127502
-0.0167878
-0.0019294
-0.00328247
0.00216595
0.00297315
-0.00230201
0.00194157
-0.00116243
0.0320111
0.00644471
-0.00163048
0.00557157
-0.0290791
0.00132655
-0.0126749
-0.00157047
-0.00407807
0.00150271
-0.000421955
0.00299731
0.000314629
0.000745669
-0.00255986
0.000918828
-0.00180712
0.00153432
0.000223677
0.0019785
0.00185871
0.00348451
-0.0038089
-0.00508322
-0.00184466
0.00150366
0.00341974
-0.00189874
-0.00251634
0.0176787
-0.00157192
0.00296685
-0.00539769
0.00271919
0.00232825
-0.00148686
-0.001811
-0.00120703
0.00577863
-0.00850515
0.0038523
-0.00402932
-0.0020563
-0.00262471
0.00222951
0.00235778
-0.000494125
-0.00391996
-0.000218357
0.00357089
-0.00233674
0.00348099
-0.00109799
0.00276626
-0.00188663
-0.000652341
-0.00486391
0.00304618
0.00213304
-0.00176731
-0.00328234
-0.0030909
0.00338727
0.000688914
0.0119592
0.000543549
-0.000875249
-0.000358819
-0.00224829
0.00446582
0.0733837
-0.00121243
-0.00188949
0.0448652
-0.0429757
0.0431659
-0.00982759
0.00257416
-0.0115207
0.00217746
0.0104514
-0.0114221
-0.000942461
0.00848372
0.00388083
-0.00731608
-0.0119649
0.0137181
-0.006649
0.00222328
-0.00244926
0.00394432
0.000689381
-0.00142278
0.000884799
-0.00348364
-0.00422959
0.00460827
-0.0012623
-0.00338814
0.00014473
0.0009799
-0.00133093
-0.00063916
-0.0176252
-0.00359073
-0.00071065
-0.00197037
0.00063661
-0.00163724
-0.000133872
0.000911597
-0.00160238
0.000446659
0.000351963
-0.00115938
-0.0261111
-0.00788682
-0.00248876
-0.0111463
-0.0436618
-0.0268129
0.016967
0.00668773
0.00315816
-0.0211269
-0.00139802
-0.00210711
0.00423944
0.000490298
-0.00222602
0.00262294
-0.000108152
-0.0020869
-0.000272934
-0.00369074
0.00504494
-0.00178772
0.00140443
-0.000673274
-0.000671497
0.00276515
0.00472117
-0.00314141
-0.00412063
0.00525707
0.00245558
-0.0111619
0.000958124
-0.000731778
-0.00258761
-0.00219497
0.00654878
-0.00248925
0.00210777
-0.00441721
-0.0267708
-0.00383748
0.0505959
-0.000717755
-0.00332593
-0.000816247
-0.003063
-0.0014676
9.43387e-06
0.00364712
0.0044868
0.000322302
0.000620646
-0.00100058
0.000152126
0.0029145
-0.00243792
0.000876086
7.38602e-05
0.000882719
-0.00419144
0.0105349
-0.00297137
-0.0157322
-0.0027275
0.00461845
0.00665243
0.00176477
-0.000657708
0.00797016
-0.0172039
-0.00628492
0.0039056
-0.00410119
-0.00063169
-0.0105186
-0.00118438
0.00187602
-0.00190108
0.00367034
0.00275738
-0.00175629
-0.00290216
0.000696079
0.000202672
-0.010046
0.0123649
0.00469618
0.0063961
-0.011303
-0.00646829
0.00622933
0.00120658
-0.000822914
0.00083828
-0.000858533
0.000459427
-0.00248836
0.00467999
0.00455355
-0.0265064
-0.149274
0.0986119
0.0230928
-0.0343826
0.0246403
0.063388
-0.0541926
0.0286402
-0.0522525
-0.0983681
0.0208788
-0.0330948
-0.00736099
0.00674852
-0.00604429
0.00240194
0.00531624
0.0874403
0.0024656
-0.00908282
-0.000138757
-0.0725871
0.0616594
-0.0112374
-0.0718244
-0.0707725
-0.0484106
-0.00213455
-0.00638833
-0.0402005
0.00424896
-0.00111228
-0.00978219
-0.000964917
-0.000667634
0.000628431
0.000485479
0.00248332
-0.00737132
0.0023933
-0.00160796
-0.00141806
6.09141e-05
0.000194724
0.00360261
-0.00889745
0.00239314
0.00178963
0.0011254
-0.000774379
-0.000275141
-7.58753e-05
-0.00177378
-0.00188733
0.000770868
-0.000485916
-0.000530553
0.000394039
-0.000937285
0.00381724
-0.000250534
0.00214917
-0.0177154
0.0016109
0.0198849
-0.00742047
-0.0135763
0.00737475
-0.0039545
-0.00086197
0.008091
0.00214196
2.16108e-05
-4.39637e-05
0.00253752
0.00118477
0.0043352
-0.0104357
-0.00133437
0.000507759
0.00168886
0.00132148
-0.001244
0.000973967
-0.00394057
0.00239173
0.00339416
-0.00206975
-0.00127715
0.00011397
0.00432957
-0.00104024
-0.00988566
0.00212241
0.00101856
0.00150271
-0.000332012
0.0029473
0.000263015
-0.00162955
-0.00225444
-0.000327983
0.0012313
-0.000386656
-0.00221498
-0.000441914
-4.19766e-05
0.0746452
-0.00381998
0.117404
0.0287877
-0.152977
-0.0496971
-0.0606348
-0.00292462
-0.062867
0.0132188
0.0390169
0.0078359
-0.00183714
-0.00456192
-0.00143684
-0.00799462
0.00507944
-0.00883752
-0.000589356
-0.000133925
-0.000387499
-0.00125465
-0.00397484
0.00237863
-0.0012977
-0.0062843
0.00520336
0.000332018
0.00352065
-0.000448223
-0.00340445
0.00349095
-0.00118226
-0.00149862
-0.00725826
-0.00291399
-0.00204528
-0.00250969
-0.00515041
0.00813018
0.0012577
-0.000952262
-0.000986147
-0.0018092
-0.000968105
0.00168247
0.00144958
0.00016309
-2.24306e-05
-0.00115786
-0.00946951
0.00138628
-0.000951927
-0.00127423
-0.000472599
0.000845604
-0.000107122
0.00108101
-0.00742832
0.00153854
0.000799341
0.000933798
0.000812174
-0.00104553
-0.00205916
0.00229252
0.000602138
-0.00160353
0.00091417
-0.00160849
-0.000595299
-0.000495634
0.00189027
0.0616319
-0.0220356
-0.00211087
0.0546639
0.0440782
-0.0670229
-0.0556277
0.00131036
-0.0417458
-0.0187891
0.00844145
-0.0224991
0.0566044
-0.0315213
0.0426442
-0.0415668
0.00624737
0.0362173
0.0321467
0.00952171
0.0473376
-0.0457419
0.0933184
0.0145749
0.00155018
-0.00348639
-0.0200981
0.0399695
0.00225203
0.00606183
0.00665798
-0.000482222
-0.00541861
0.00961316
-0.000524208
0.00897694
-0.00511722
0.00282341
0.00533068
-0.000456632
0.062233
0.00944043
0.0557986
0.000931284
0.000508785
0.000799291
0.0223891
0.0464862
0.0984169
-0.0556414
0.00303622
-0.000402794
-0.00127036
0.0149943
0.0191406
-0.001173
-0.000391984
-0.00817095
0.00616691
0.00217986
-0.00550856
0.00325346
0.000133217
-0.000838885
0.000411719
0.000293949
-0.00584583
-0.000470857
0.00270045
-0.000299162
-0.00193043
-0.000524928
-0.000524851
0.00544566
-0.0748829
0.000639206
0.0742437
-0.143969
-0.00752907
0.00579004
-0.010346
-0.000511642
0.00962026
0.0011406
-0.0102492
0.00184484
-0.0104194
-0.00928513
0.0120965
0.000358356
0.00159747
0.000121553
-0.000350628
0.0113535
-0.0123156
0.00399446
0.000960099
-0.000940094
0.00047305
-0.00662057
0.00173211
0.0010788
0.017114
0.0398432
-0.00213017
0.00292281
0.0121603
0.00293288
0.00475432
-0.0123941
-0.00612116
0.00708546
-0.000812301
0.000694458
-0.00252916
-0.0104566
0.00753018
0.00545556
0.00242909
0.0103031
0.000817007
0.00117537
0.0169013
-0.00629624
-0.00184002
-0.000179638
0.00121976
0.00641905
-0.0140518
0.0241509
0.00680881
-0.0111721
-0.0162617
0.00835578
0.014937
-0.00703108
0.00963413
0.0135649
0.00243732
0.000112212
-0.00177867
0.000692393
0.00156505
-0.00132032
0.00109796
0.000724162
0.00282564
-0.000644872
0.00301084
-0.00162017
-0.00133472
-0.000517267
-0.000587973
-0.0010322
0.0027083
-0.000769056
0.000905814
0.000774821
-0.000151072
-0.00182144
-0.00146654
0.0022533
-0.00290199
0.000760417
-0.00254984
0.00220731
2.38002e-05
0.00184915
-0.00118243
0.00160767
-0.000631939
0.000857806
-0.00138925
0.000443641
-0.000422933
-0.0104223
0.00926499
-0.00108318
0.00428542
0.000550598
0.00220269
-0.00247557
-0.00027772
0.00159985
0.000687744
-0.00650316
-0.00862401
0.0139534
0.0056706
0.0114807
-0.00314424
-0.000479916
0.000530229
0.00296485
-0.00072976
-0.00126101
0.00102574
-0.000278993
0.000734112
-0.000912781
0.00136528
-0.000610509
0.000337575
-0.000879649
-0.000431829
-0.00273937
-0.00290712
0.000216686
0.00212938
0.000164353
-0.0012591
-0.00174378
0.0015962
-0.00185175
-0.00217281
0.00350109
-0.000694533
-0.00113887
0.000514527
-0.000120488
-0.00774734
0.00350633
-0.00151037
0.000172269
2.6744e-05
-0.00204189
0.00198077
-0.00067994
0.00191046
5.90386e-05
-0.00128955
-0.0013681
-0.00290997
0.00291097
-0.00152306
-0.000262122
-0.00154329
0.00136731
0.00043811
-0.000767952
-0.00182754
0.00268232
-0.00255319
-0.000897083
8.04338e-05
-0.000342556
-0.00115774
-0.00101722
-0.000378239
-0.00102025
0.00254928
-0.00236064
0.000588728
0.00185031
-0.00243903
0.00211608
-0.000436856
-0.00142462
0.000293247
-0.00173744
0.000855141
0.00110736
-0.00546859
0.00261455
-0.0042909
0.00225565
0.00263388
-0.00187832
0.000173523
0.00145825
0.000715614
-0.000388368
0.00184661
-0.00167418
0.00194533
-0.00120163
-0.000707383
-0.00297835
0.00207725
1.16064e-05
0.000942245
1.8754e-05
-0.00257394
0.00138956
0.000984598
-0.00230016
0.00192684
0.000131867
0.000223204
0.000978937
0.156303
-0.0958865
-0.0500081
-0.00574796
-0.000363221
0.00375845
-0.00030043
0.00105599
0.00101791
-0.00262373
0.0013054
0.0482766
0.00148711
-0.00102047
-0.0627752
0.0608857
-0.0334055
0.0958484
0.00851161
0.00661376
-0.0114122
0.001216
0.13921
0.0440414
0.0104665
-0.0121366
-0.00201483
-7.24393e-05
-0.000742531
-0.00103678
0.000503665
0.000575595
-0.00107926
-0.000699805
-0.00137753
-0.000975337
0.00174376
-0.00223076
0.000537161
0.000316068
0.00232655
-0.000513611
0.00310804
-0.000572354
-0.000875654
0.000600333
0.000847674
0.000655801
-0.000311633
-0.000596504
8.34471e-05
0.000631958
-0.000727929
9.59715e-05
-0.000942903
-0.000525825
0.00208922
-0.000538905
-0.000310946
-0.00336012
0.000682484
0.0746154
-0.0581744
-0.0642506
0.0120581
0.00954051
0.00807898
-0.110402
-0.00222246
-0.00189269
0.00882935
0.00220845
-0.0114297
-0.000774325
-0.0179849
-0.00557172
-0.00369262
0.0402162
0.00454278
-0.0365461
0.0143314
0.00772928
0.00264823
-0.00860736
-0.00799103
0.0139502
-0.00287238
-0.000247958
0.0180069
-0.0120495
-0.00595738
-0.00591015
-0.000683681
-0.00449146
-0.00141739
-0.00060037
0.00300067
-0.00377868
0.011613
0.000499047
-0.00462078
-0.0116104
-0.0157807
-0.00268852
0.00242658
-0.000403118
0.0118591
0.012818
-0.00132318
0.00173784
-0.0111934
-0.00173137
-0.00408102
0.0044873
0.00199866
0.00252149
-0.00119267
0.000552231
-0.00188105
-0.00236441
0.00207299
0.0019485
-0.00490452
-0.0105545
-0.00920971
-0.000795199
0.0071037
0.00612172
-0.0050217
-0.000624933
0.000271256
-0.000300598
0.00367283
-0.00695756
-0.00675625
0.00656706
0.00449047
-0.00239183
0.0048259
0.00263519
-0.00161776
-0.0017988
-0.00103049
-0.00119678
-0.000115088
-0.00340839
0.00379011
-0.000266633
-0.00143881
0.000632501
-0.000316863
0.00112317
0.000663853
0.000532532
-0.000446809
-0.000194123
0.000512001
0.000934995
-0.00202583
-0.00137684
0.00306583
-0.000547457
0.00214616
-0.00468148
-0.00187348
0.000549634
-0.00207164
-0.000219271
5.69109e-05
0.000958138
3.74048e-05
0.000775717
0.00071315
0.000114787
-0.00168285
-0.00236253
0.000279531
-0.000226504
-0.000495303
0.00973405
-0.0179672
-0.013206
-0.00380969
-0.0137865
0.0148687
-0.0138542
-0.00561812
0.0191646
0.00101342
-0.00042204
0.000226163
0.00448867
-0.00788601
0.00327106
-0.000556354
-0.000312123
-0.00211017
0.000206212
0.00141259
-0.00465376
-0.00782534
0.000350637
-0.00231554
0.00188159
0.0022829
0.000377004
0.00224397
-7.80893e-05
-0.000551509
-0.00163107
-0.00622199
-0.000833923
0.000582961
0.00319747
-0.00136208
0.00197782
0.00482625
-0.00480856
0.0034338
-0.000303554
0.0053065
-0.00638367
0.00251764
-0.00528657
0.00150775
-0.000983475
-0.000697795
-0.000390291
0.00114049
0.000599864
-0.000909497
-0.000673842
0.0459108
0.000737917
0.0191455
0.000805606
0.000278808
0.00398727
0.00304623
-0.00107781
0.000708494
-0.005677
-0.0012485
0.000887487
-0.00266221
0.000350856
0.000142826
-0.000979124
-0.000479324
0.000977848
-0.0020025
0.00516399
-0.00413934
-0.00013696
0.00218328
-0.00276115
0.000714829
0.00133282
-0.0094435
0.00421234
-0.00322425
0.000606842
0.00524215
-0.00131406
0.00660006
0.00900893
-0.00422049
0.0318136
0.0179919
0.00427202
-0.00213729
-0.00232644
0.000101464
0.00337479
-0.000670666
0.00248375
-0.0039491
-0.000540491
-0.00195916
0.0108152
-0.00616959
0.00183766
-0.00479082
9.8028e-05
-0.00456533
0.000546949
-0.00289779
0.000128379
-0.0207063
0.00255414
-0.009519
0.0180027
-0.0088798
0.000986837
-0.00373654
0.00399761
-0.0399302
-0.00798791
7.66202e-05
-0.000369131
0.00024725
0.00370177
-0.00144429
-0.00296107
0.00403138
0.0103321
-0.0134654
-0.0128513
0.000409375
0.0112922
-0.00382398
0.00159188
-0.00124896
-0.00235394
0.000481863
0.000580726
-0.0028537
0.00533973
0.00204291
0.0275405
-0.00100301
-0.0152066
0.00867464
0.00809138
3.5876e-05
-0.000181961
0.000543421
-0.00146825
0.000725779
0.00390208
0.00185134
0.00300684
-0.00413626
0.0100557
-0.00475951
-0.00015096
-2.21795e-06
0.00113599
0.00111807
-0.00137856
0.0158838
-0.0153108
0.00603537
-0.00974741
-0.00415162
-0.000650367
0.000136515
0.0119696
-0.00682311
-0.00696188
-0.000601565
0.00210816
0.00011566
-0.00167061
0.00167592
-0.000120968
0.000772543
-0.00189788
0.00137319
0.000231403
0.00229749
-0.00238357
0.00154048
0.00266857
-0.00528486
-0.00466321
0.00146193
-0.00652194
-0.0011117
-0.00047051
0.00247056
-0.00112041
0.000631537
0.00246341
-0.0014161
-0.00104732
0.00131985
-0.000548705
0.000952278
0.00874088
-0.00316828
-0.000295848
-0.0137306
-0.0100317
-0.00043999
0.00114134
0.000848354
-0.0046035
-0.00185995
0.00425945
0.000253363
-0.0120591
-0.00280431
-0.00675519
0.000295386
-0.0109106
0.0174774
-0.00136992
2.90825e-05
0.0018225
-0.00271876
-0.00628948
-0.00772021
0.00261995
0.00557282
-0.000645534
6.64411e-05
-0.000714966
0.00122212
-0.00408789
-0.00472701
0.000933289
-0.000922951
-0.00190418
0.00116476
0.000332516
-0.000481655
-0.0025483
0.00394705
-0.000856557
0.00462246
0.00301215
-0.00239769
0.00256345
-0.000190616
-0.00280215
0.000429311
0.0106242
-0.0270051
0.00770014
-0.00687206
0.00463186
-0.00438941
0.0358994
0.0132035
0.00497168
-0.0149758
0.0238393
-0.00886356
-0.00105833
-0.00105862
0.00222041
-0.00132303
0.00187178
-0.00314074
-0.00039486
0.00222638
0.000172593
-0.000795238
0.00222592
-0.00411586
-0.000907334
-0.00273546
0.00262296
0.00233926
-0.00133291
-0.00190828
-0.00132847
0.00155589
0.000330722
0.00256089
0.00464257
0.0015765
-0.00414592
0.00717889
0.00408433
-0.0120328
-0.00710404
0.0032291
-0.0106882
-0.00774755
0.00244417
-0.000424942
-0.0101267
0.00539319
0.00666046
-0.00523989
-0.00893751
-0.000270909
-0.00317893
-0.002218
-0.0106073
0.00125285
0.0102533
-0.0016417
-0.00792556
0.0126971
-0.0124783
0.000367593
-0.000735858
0.00813654
-0.002764
-0.000395266
-0.0137982
0.00308398
0.00251591
0.00767856
-0.00801098
-0.000879811
0.00345706
-0.0039721
0.00313456
-0.00134822
0.000276891
-0.00746322
0.0100179
-0.00246339
-0.00419745
-0.00595346
-0.00506317
0.0044117
-0.00340671
-0.00250533
-0.00147302
0.000250378
0.000133282
0.000141453
-0.000915236
-0.00431305
0.00455937
-0.0023431
-0.00541864
0.00914344
0.0028661
0.00123964
-0.0026855
-0.00656466
0.00363229
-0.0154067
0.0106546
-0.00293965
0.00899498
0.000844326
-0.00401444
-0.00100224
-0.011139
0.0075913
-0.00297252
0.00116883
-0.00545207
-0.000779281
0.000521733
0.00254379
-0.00301432
0.00285722
-0.000389199
0.000463246
0.0127371
-0.00106893
-0.000169938
-0.00474544
-0.00038117
0.00139524
-0.00203808
-0.00029599
0.00167031
0.00313826
0.000516663
-0.000101595
-0.0200456
0.00652098
0.00176747
-4.85824e-05
-0.000926993
0.0119665
-0.0111481
0.000342809
-0.0199875
-0.000844548
0.0264703
-0.00479799
-0.0015949
-0.00816098
0.00330797
-0.000494892
-0.0054802
0.0165387
0.0238771
0.0714036
-0.0527067
-0.00470119
0.0018287
-0.00495285
0.00143087
-0.00473318
0.00206085
-0.00874235
0.000368713
-0.0123432
0.0152357
-0.00599547
0.00390724
0.00118435
0.00927855
-0.00382826
0.00580669
-0.00202915
0.00659223
-0.00304592
-0.00116026
-0.00296521
0.00717138
-0.00295117
-0.000868127
-0.000664927
-0.00345423
0.00220816
-0.00232058
0.00647664
-0.00432325
-0.00777151
0.00150406
-0.00338397
0.00531987
0.000166045
0.000887622
-0.000563661
0.00047523
-0.00367371
0.00107037
-0.000408592
-0.00101381
-0.0198
0.00386799
-0.00825831
0.00129894
-0.00128661
0.0100902
0.00274022
-0.000998796
0.0131174
-0.00347614
-0.0040506
-0.0159952
0.00725956
0.00713732
-0.00347771
0.00182284
0.000436699
0.00274022
-0.0138008
0.00378239
0.00289561
-0.00224493
-0.00269425
-0.00678295
0.00714364
0.00684896
-0.00246109
0.00989337
-0.00252357
0.00108689
-0.000914452
0.00446065
-0.00118742
0.00198368
-0.00267496
9.23853e-05
-0.00633664
0.00228804
0.00523295
0.00138922
-0.00135221
0.00147593
0.00656283
-0.0139522
0.00457992
0.00859061
0.00640322
0.00157799
-0.000173492
-0.00168288
0.00538348
0.00721358
0.000341811
-0.00347915
-0.0096661
0.00122685
0.00328864
-0.0017595
0.00163298
-0.00192968
-0.00602953
-0.0102407
0.000242631
-0.00290304
0.00869137
-0.000392208
0.0246036
0.0209602
-0.00223525
0.000872588
0.000677988
0.00152986
-0.00269431
0.000223614
-0.00353436
-0.00182587
-0.000697331
0.00296131
-0.00206282
0.00512085
0.000426339
0.00456248
-0.00854568
-0.00106375
-0.00139347
0.0128503
0.0100326
-0.00945499
-0.0145767
0.00373113
0.000927987
0.000769644
-0.000240451
-0.000395976
0.000334337
-0.0019443
-0.000223889
0.0102177
0.018453
0.00159179
-0.00899002
-0.000973481
0.0104268
-0.000860645
-0.00199439
-0.00993155
-0.00917027
-0.0129183
0.00147855
-0.00335906
-0.000840784
-0.0018187
-0.000161903
0.000479739
-0.000146801
0.000769967
-0.000192473
0.00358883
-0.0180966
0.00567456
0.00987349
-0.00104164
-0.000770892
-0.00127884
-0.00141615
-0.00219571
-0.00379404
-0.000585432
0.00702369
-0.0126703
-0.00373134
0.000633393
-0.00193981
-0.00334836
-0.00108069
-0.000972973
0.00159905
0.00438286
-0.000397525
0.000645448
-0.00209619
-0.000634262
0.00109563
7.34982e-05
-0.000462159
0.000576926
0.000435463
-0.00761669
-0.00492219
-0.000862482
0.000378869
0.000591649
-0.00061664
-0.000512891
-0.000144711
0.000272416
-0.00169013
0.000322432
0.00269329
-0.00183515
0.00319305
0.000920436
-0.0106027
0.00266407
0.00104682
2.02877e-05
0.00379448
0.000823188
-0.00443517
0.00134934
0.00171809
-0.00635256
0.00468598
0.00111586
0.000610887
-0.000913534
0.000660007
0.00673689
-0.000423764
0.00607027
-0.00255711
-0.0109218
-0.0195866
0.00120875
-0.00909924
-0.000389071
0.00292622
-0.000808913
-0.00990201
-0.0139761
-0.0151597
0.0130312
0.00378936
0.00248346
-0.00472379
-0.00011757
0.00222935
-0.00411904
-0.00843358
0.0126018
0.00124837
0.00122976
-0.00888041
-0.0426559
0.0284809
-0.0542759
-0.0744651
0.115382
0.0633484
-0.0679218
-0.0130452
-0.000789634
-0.00969395
0.000401778
0.00155519
0.00918432
-0.00234394
0.00388242
-0.00116752
-0.00192365
-0.000889507
0.00431722
-0.00217784
0.00231638
-0.00238675
-0.00297573
-0.000674971
0.00125635
-0.00451277
-0.00103447
-0.00113231
0.00063053
0.000809789
-0.00252248
0.00253885
-0.00482602
0.00483438
-0.00178546
0.00117528
0.000251546
-0.00118279
-0.00114378
0.00477029
0.00524762
-0.00891864
-0.00182518
-0.000315484
-0.00125838
0.000710123
-0.00249068
0.00273204
0.000837453
-0.00578309
0.00019835
-0.00297893
0.00452627
0.015953
0.0181718
0.00212704
-0.0147261
-0.00862851
0.000400461
0.00730253
-0.00472594
0.00716975
0.00205988
-0.00244744
0.0044892
0.00116628
-0.00865009
0.0184305
-0.0115843
-0.00360351
-0.00873098
-0.000878978
0.00471998
-0.00183645
0.0193465
-0.0439673
0.0696281
0.136654
0.179977
0.00257534
0.00299432
-0.00333527
0.00114992
0.00274296
-0.00205146
-0.00382814
0.0124661
0.0108791
0.00552449
-0.0395522
0.00299185
0.057075
0.00164338
0.0170662
0.0167797
0.0167435
-0.0129605
-0.00691989
0.0208756
-0.0182143
-0.0206623
0.0388767
-0.00841197
-0.00263361
-0.00500665
-0.0468054
0.0217983
-0.0142916
-0.000678047
-0.062645
-0.0593889
0.0271043
0.00691821
0.0245256
7.34759e-05
0.00159894
-0.00173033
0.000727911
0.0262522
-0.0598502
0.00504459
0.000999776
-0.000621221
0.000787074
-0.101621
0.0790973
-0.00680641
-0.00300673
0.00822002
-0.00356318
-0.000874661
-0.000126046
-0.00163242
-0.00927308
-0.00332635
0.0134569
-0.0053155
0.00372687
-0.00253349
-0.000662153
0.00203039
-0.00163208
0.00264846
0.00257667
0.000192137
-0.0178037
0.0172517
0.00203997
0.00494017
0.000360157
0.00141833
8.58571e-05
-0.000909025
0.00207145
-0.00124828
-0.00116468
-0.000840991
0.00209153
0.00205423
-0.000755498
-0.00233015
-0.00194337
-0.0116146
-0.00774823
0.0100348
-0.00475639
-0.006944
-0.00672403
-0.00420167
0.00525962
-0.003776
0.0106007
-0.00359555
-0.00195576
-0.000947645
-0.0157899
-0.00365392
0.00712061
0.0158628
0.00300425
-0.000881142
-0.00388167
0.0708394
-0.0625735
-0.00826593
0.0295536
0.0443097
-0.0030466
-0.0160796
0.0026002
0.0422253
0.0346044
0.0141816
0.0166389
-0.014259
-0.000429044
-0.00351759
0.0167011
0.0025939
-0.000997325
-0.000528432
-1.62982e-05
0.00120503
0.0113604
-0.0140788
0.00697499
-0.0079406
0.00124316
-0.000689674
0.000602601
-0.00165671
-0.000888264
-0.0286508
-0.000986268
-0.00465709
-0.000487561
-0.000351581
-0.00177697
-0.000341735
9.27849e-06
0.00652407
0.000708654
-0.00172324
0.00170365
-0.00720493
-0.00256347
-0.000106387
-0.00127573
-0.0025633
0.0128009
0.000630769
-0.000276236
-0.00303971
-0.000200987
0.00022542
-0.00209233
-0.000811487
0.00033071
-0.000616552
0.00918968
-0.00282513
-0.00256401
-0.000809503
-0.000186958
0.00364159
0.00311856
5.36954e-05
0.0341007
0.0118946
-0.00366707
0.0453632
0.0165748
0.0257794
-0.0071665
0.0101889
0.00104879
-0.00832905
0.00929597
-0.0216082
-0.00837593
0.00717138
0.000802581
0.000401968
0.000657019
-0.0098139
-0.0201831
0.00788747
0.0109815
-0.00758581
-0.000656276
0.000818149
0.00282562
-0.00896032
0.00667802
-0.00912741
-0.00022878
-0.00544608
0.0175151
0.00155542
0.00771658
-0.00792531
0.000430994
-0.00269452
-0.00108631
-0.0019917
-0.00272674
0.00534897
-0.00160588
0.00660463
0.00336799
-0.00369151
0.0110637
0.0111014
-0.00980918
0.00628951
0.00125445
-0.0138855
-0.00159997
-0.00116203
0.0204815
0.00888778
0.0132367
-0.0231915
0.00133632
0.00429889
-0.00346227
-0.00385638
0.00207396
0.00353817
0.00441169
-0.00166699
-0.000750818
0.0019714
0.00314684
0.0016943
0.0005278
-0.00366175
-0.000506613
-0.00541748
-0.00636263
-0.00829323
-0.0162158
0.00673254
-0.00574348
-0.00269702
-0.00110091
-0.000446953
0.0291493
-0.0156631
0.0130127
-0.0259731
-0.0205947
0.00514439
-0.0124247
0.00493442
0.00455876
0.000145834
0.00820602
-0.00700063
0.00758119
0.00169626
-0.00174103
0.004888
-0.00862186
0.00699427
-0.0277225
-0.0121049
-0.00997172
-0.0104487
-0.0014666
-0.00317913
-0.00488841
-0.0528396
-0.0126552
0.00192575
0.0117669
0.010003
-0.022736
-0.00397029
-0.00108521
0.0160275
-0.0127478
0.00154633
0.00296404
-0.00164426
0.0059141
-0.00854482
0.000417501
0.000111046
0.000588779
0.00322033
-0.000959999
0.0276405
-0.0105185
0.0150671
-0.0164777
0.00113797
0.00169368
-0.00176488
-0.000964674
-0.00561081
-0.0119306
-0.00811744
0.0197223
-0.00921174
-0.0126749
-0.00703731
0.00465737
0.00176281
0.00337491
0.005675
0.0010852
0.000826876
-0.00259791
0.00762588
-0.00369427
-0.00922562
0.00673478
0.00267118
-0.00211116
0.00261559
-0.0101706
0.0148088
0.00784272
5.55248e-05
0.00455833
0.000774085
-0.00289927
-0.00341719
0.000120958
-0.00202443
-0.00220419
-0.00252248
-0.000846409
0.000381053
-0.00338297
-0.000236011
-0.00866676
0.00265244
-0.00118088
-0.0102039
0.00391297
-0.000454776
-0.003028
0.0092802
-0.00138064
0.000341522
0.007055
0.00038842
0.000563874
0.00246465
-0.000447715
0.00181307
-0.00323821
0.00211497
0.00197082
0.0015938
0.00220597
0.00254841
-0.000173718
-0.0164801
0.00167473
0.000933278
-0.00251157
0.00136488
0.0011018
-0.0023484
0.0012486
-0.0136676
0.0107622
5.05149e-05
-0.0164373
-0.000402354
-0.00577322
-0.005787
-0.00232533
0.00820951
-0.00127084
-0.0115537
0.00202395
0.0135118
-0.00458511
-0.00450536
5.20882e-05
-0.00160387
-0.00125867
0.00368846
-0.00138413
0.00128965
-0.000822661
-0.00170612
0.00326808
-0.000909313
-0.00749722
-0.00136272
-0.0109088
0.000687244
0.00140944
0.00181741
0.00113598
-0.00130072
-0.00208061
9.002e-05
-0.00236651
-0.00266222
0.00154398
0.00107364
-1.1953e-05
0.00350886
-0.00219349
0.00403634
-0.0074356
0.0167544
-0.00460076
0.00284161
0.0150245
-0.00785468
-0.0100114
-0.0143959
0.0142499
-0.000633026
-0.00678837
0.0069405
0.00867377
0.00669527
-0.000776674
0.00100134
-0.00119983
0.00139013
0.000783931
0.000676479
0.00534648
-0.000931485
-7.83441e-05
-0.0141358
0.0101776
0.000791625
-0.00464632
-0.000404043
0.00401214
-0.0210457
0.00959118
-0.00591457
0.00598497
-0.00771003
-0.00315418
0.00186276
-0.0133025
-0.00173762
0.003268
0.00463366
0.0208408
-0.00259525
0.0031965
0.00725232
-0.00217947
0.000123954
0.0178547
-0.00728483
-0.00731973
0.000639825
0.000551306
0.00385825
-0.00712906
0.00198299
0.00197566
0.00626715
-0.0495588
0.000572148
-0.00329545
0.000705982
-0.000538211
-0.000167772
-0.0091552
0.00312276
-0.000784366
-0.01835
0.00136197
-0.0047046
0.00526304
-0.00619773
0.000928968
0.000661934
0.0303933
-3.05245e-05
0.00202822
-0.00298174
-0.00692836
0.00558996
0.000490481
-0.000430841
0.000978653
0.00629096
0.0758098
-0.00318673
0.000523914
5.86025e-05
-0.00144884
-0.00445681
0.00496805
0.0186481
-0.000536678
-0.00503786
0.00758434
-0.000502169
-0.00235387
0.00509762
-0.00857592
-0.00124237
-0.0126048
-0.00615293
-0.0228748
-0.0120847
0.000278377
0.00566293
-0.0138837
0.00694466
-0.00265024
0.0148382
-0.00107029
0.0042616
0.00010715
0.00351646
0.00698414
-0.00343928
0.0123348
0.0146828
-0.00468894
0.00380676
0.0010467
0.0113856
-0.00290187
-0.00686916
-0.000720941
0.00302899
0.00113755
0.00102844
-0.00094624
-0.000498267
-0.0002727
-0.00208203
-0.00106969
-0.00186513
-0.000525219
-0.00141543
0.00174633
0.00137696
0.00903456
-0.000140732
0.000668081
-0.000118961
-0.000562664
0.000443652
-0.000667101
0.00475047
-0.0152576
0.004885
-0.00116563
0.00140693
0.000750305
-0.00247479
-0.00590915
0.000469966
0.00075059
-0.00913798
-0.00136189
5.94988e-05
-0.00112342
0.0510021
-0.108353
-0.00605164
0.00420196
0.00314408
-0.00355557
-0.00153199
0.0019403
-0.00139079
-0.00129614
-0.00337467
0.00395373
0.0368958
-0.0365774
-0.00572879
-0.068911
-0.0519418
0.0552743
0.0277973
0.00457927
-0.0048976
-0.0254024
-0.0053014
-0.0374541
-0.0449025
0.050647
-0.00628109
0.0563384
-0.0500573
0.0270456
0.0201394
-0.000663179
-0.00441199
-0.000541467
-0.0709698
0.101519
0.0544453
-0.00890801
-0.00764605
-0.00105611
-0.00373541
-0.00380552
0.00123024
-0.020243
0.00187069
0.00253386
0.00207012
0.0148474
-0.00887749
0.0503953
0.0344104
0.0223445
0.0184669
-0.0253679
0.00104881
0.0120258
-0.00135943
-0.00178095
0.00968955
-0.00780062
0.0090301
-0.0010679
-0.000550383
0.00149684
-0.000833618
-0.000861309
6.92625e-06
-6.40965e-05
0.00330285
-0.000745287
-0.000318462
-0.00303162
0.00716023
0.00600248
-0.00133463
0.00105691
-0.00070288
-0.00342445
-0.000599793
0.000356994
0.00699834
-0.00686348
0.0326168
0.0134197
0.00151162
-0.00522192
-0.00821566
0.00206816
-0.00161238
-0.00314088
8.99083e-05
-0.00632535
-0.0152359
0.000175192
0.0385254
0.0100946
-0.0209365
0.000450058
-0.00115615
0.00151134
-0.00394515
0.00173388
0.000779519
0.000747249
0.000211046
-0.00076404
1.57476e-05
-0.0493285
0.0281954
-0.0141051
-0.00536332
0.0508401
-0.055301
0.0730807
0.00309675
0.0492291
0.035324
-0.139048
0.000524855
0.000797707
-0.000955781
-0.000428351
0.00914817
-0.0107567
-0.00298895
0.017022
0.0094994
0.00222758
-0.0031392
0.00491324
-0.000682264
0.0126991
-0.016642
0.0150255
0.00132371
0.00200411
-0.00502578
0.00234767
-0.00761453
-0.0210298
0.00035246
0.0218931
0.00977339
0.00833235
-0.000542064
0.001124
0.0028811
0.027479
0.00918688
0.00189183
0.00376944
0.000602551
0.000874785
0.00356031
0.000977455
0.00152859
0.00104194
-0.000315293
0.00162618
-0.018348
-0.00366548
0.00735436
-0.00440553
0.000229607
0.000311164
0.00339411
0.00242891
0.00123912
-0.00157359
0.00054325
0.00176503
-0.00409958
-0.00252657
-0.00323492
0.00311582
0.00180441
-0.0016853
0.000206472
0.0140983
0.0108359
0.0118771
-0.00405181
-0.012074
-0.00177072
0.0133962
0.0276047
0.00347726
0.0312313
-0.0320384
0.00350527
-0.000540531
0.0134601
0.00267604
0.00254125
0.0134278
0.0113209
0.000641581
-0.00118336
-0.0279616
0.0106335
-0.00159603
0.000947321
0.00632179
-0.00220584
-0.000368904
0.00971771
-0.00564998
-0.000931997
0.00862489
0.00505721
0.000317157
-0.000364658
-0.00460331
-0.0124047
0.0140446
0.000674619
-0.0018853
-0.00444865
0.00315334
0.00269794
-0.0045945
0.00328754
0.000919574
0.00286989
-5.70045e-05
0.00178862
-0.00241686
0.00213199
-0.00104623
-0.00320351
0.00127552
0.0014808
-0.00338751
-0.0013898
-0.00535381
-0.00337747
0.00250323
-0.000643485
8.39089e-05
-0.00314027
0.0120203
0.00190446
0.00173435
-0.00125599
0.00158689
-0.0083677
-0.00123604
-0.00546907
-0.000351249
-0.00697247
0.00478281
-0.00897523
-0.0156968
-0.000176486
0.0017152
0.000310034
0.000245938
-0.00152753
0.00181807
0.00175119
-4.35018e-06
0.00120976
0.00676608
0.00251938
-0.012142
-0.00574429
0.00218026
0.000905964
0.00115336
0.00813929
0.0563432
-0.0502791
0.144018
0.00501159
-0.00506041
0.00455771
0.000865769
0.00164064
-0.000483542
-0.0611556
0.0554769
-0.0125495
0.0145289
-0.000387138
-0.000712894
-0.0186224
0.0766655
0.062964
-0.00608099
-0.00511223
0.000193077
0.0020111
-0.0014748
5.08548e-05
0.000748131
-0.00112572
-0.00387952
0.00494191
-0.000393416
0.0106205
-0.000796479
-0.000327165
0.000141412
0.000358224
0.0530183
0.0106198
-0.0266932
-0.0106198
0.00791911
0.0328257
-0.00326152
0.000538211
-0.000208838
0.00167955
0.00256867
-0.00567966
0.032093
0.0196198
-0.0149182
0.0161452
-0.00968773
0.0127638
0.00144461
0.0014278
-0.00325646
-0.0162985
0.000429765
0.00064765
-0.00623682
0.00296765
-0.00186781
0.0127348
-5.23929e-05
0.000814279
0.00171108
0.00453031
0.00440053
0.00255279
-0.00104812
-0.00530102
0.00013872
-0.0040282
0.0343091
-0.019908
-0.0065877
-0.025347
-0.0222337
-0.0356028
-0.00151543
-0.0136502
)
;

boundaryField
{
    outlet
    {
        type            calculated;
        value           nonuniform List<scalar> 0();
    }
    walls
    {
        type            calculated;
        value           uniform 0;
    }
    inlet
    {
        type            calculated;
        value           nonuniform List<scalar> 
36
(
-0.0813831
-0.0727182
-0.0696641
-0.0813831
-0.0729875
-0.0784507
-0.0665781
-0.073315
-0.0721533
-0.0680473
-0.0860794
-0.0819772
-0.075472
-0.0802144
-0.0999646
-0.0841839
-0.10715
-0.0633445
-0.0784955
-0.0822721
-0.0776536
-0.0803481
-0.0764233
-0.0836066
-0.0677273
-0.0940888
-0.0916515
-0.0814347
-0.0778858
-0.0677441
-0.101928
-0.0910155
-0.0825761
-0.0952081
-0.0965205
-0.0953546
)
;
    }
    model
    {
        type            calculated;
        value           uniform 0;
    }
    procBoundary3to1
    {
        type            processor;
        value           nonuniform List<scalar> 
15
(
0.0128417
0.0109402
0.015785
0.00746738
0.0155967
0.0142368
0.0103756
0.0118054
0.00315253
0.012085
0.0177227
0.0181999
0.00403517
0.0113364
0.017678
)
;
    }
    procBoundary3to2
    {
        type            processor;
        value           nonuniform List<scalar> 
93
(
0.00850155
0.00804583
0.00144389
0.00372609
0.00361268
0.01366
0.00273652
0.011352
-0.00193658
0.00324828
0.00735868
0.00392035
0.00428621
0.00351095
0.00313183
0.00279641
0.00124981
0.00156537
0.0382054
0.00836969
0.0029155
0.00209763
0.00282382
0.00291104
0.00105202
0.00377053
0.00971033
0.00327056
0.0133756
-0.000231333
0.00859877
0.00908676
0.0130918
0.000935738
0.00402851
0.0313874
0.0069459
0.00226041
0.0171014
0.0087923
0.0156331
0.00339549
0.0146335
0.00185665
0.00138666
0.0100187
0.00871838
0.00658673
0.00319744
0.0203444
0.0210649
0.0214311
0.00313609
0.00256867
-0.00221847
0.00861766
0.00210032
0.00381014
0.00258881
0.00821095
0.0031709
0.0117527
0.0204603
0.0109663
0.00181792
0.00192962
-0.0011325
0.00246768
0.00410288
0.000396076
0.00788345
0.00525361
0.00560052
0.0207601
0.0114097
0.0152634
0.00240585
0.00199178
0.00325965
0.0105529
0.00899171
0.0285318
0.0171996
0.00499399
0.00955841
0.0416326
0.0271204
0.005602
0.0063354
0.00123168
0.0041526
0.00265676
0.00328741
)
;
    }
    procBoundary3to4
    {
        type            processor;
        value           nonuniform List<scalar> 
176
(
0.0954238
-0.0201966
0.00624975
-0.00827634
-0.00899913
0.0819066
0.131936
-0.000157936
0.103037
0.0463873
-0.00266818
-0.00340183
-0.00413841
-0.00468406
-0.0149185
0.0463507
0.0914764
0.000369004
0.0812272
0.00289087
0.000587424
-0.00436943
-3.89988e-05
0.00225653
0.000269695
0.000303697
0.000831599
0.000821141
-0.00655182
-0.0021961
-0.00700675
-0.00543154
-0.0581767
-0.00309902
-0.00986022
0.00127113
0.0106602
0.000221228
-0.00247629
0.000237721
-0.00335815
0.0002048
0.000413714
0.000208629
0.000187009
-0.00373278
0.00176786
-0.00138819
-0.00417197
0.00480858
-0.0112015
-0.00371116
-9.03995e-06
0.000376381
-0.008519
-0.0113921
-0.019307
0.0718485
0.0637067
0.178702
-0.00243687
-0.00130084
0.000555553
-2.82075e-05
0.00207897
-0.00122282
0.00071676
0.0850311
0.0783332
-0.0125356
-0.000307869
-0.00360438
0.00145588
0.000420871
-0.00197926
-0.000586049
-0.00180435
-0.000694895
0.000123504
-0.00181064
0.000542632
0.0659947
0.000122507
-0.00300757
-0.00627096
0.00491466
0.00136115
0.000926049
-0.00423851
0.00501609
0.00735602
-0.00127912
0.13436
-0.00498711
-0.0285585
0.0813076
-0.0208976
0.064537
0.0916343
-0.0236969
0.000587575
-0.00390227
0.000887343
0.000596977
-0.00557904
-0.00217491
0.0773031
0.0772541
-0.0470016
-0.0342407
0.000677828
0.00132678
-0.028005
-0.0201802
-0.00181118
-0.00197239
-0.000222666
-0.00615143
0.001104
-0.0173699
-0.00386514
-0.00484624
-0.00314456
-0.00378037
-0.000379821
0.0546526
0.121141
0.101116
0.115598
-0.0147108
-0.016692
-0.00327138
-0.0138384
-0.0208754
0.000781713
-0.0101989
-0.0047554
0.000472757
-0.0023997
-0.0018203
0.00163789
0.000121631
-0.014745
-0.000425363
-0.000839451
0.002265
0.0898708
0.0740705
0.10048
0.0999087
-0.000489046
-0.00813342
-0.00911339
-0.0233063
0.000331238
-0.000803457
0.000554468
-0.00499186
0.000162889
0.0665021
0.00306383
0.0665524
-0.00415293
-0.00104632
0.000974845
-0.0286191
-0.026352
-0.0314372
0.000740564
-0.0441522
-0.0148202
0.131411
-0.0130589
-0.00330516
0.0534773
-0.00922247
)
;
    }
    procBoundary3to5
    {
        type            processor;
        value           nonuniform List<scalar> 
57
(
0.00827056
-0.00407829
0.0119886
0.00554783
0.0276953
0.000217375
0.0220476
0.000329085
0.00876341
0.00475518
0.000186551
0.000587209
0.00769736
0.0144791
0.00107129
0.000609532
0.00348977
0.000558126
-0.00335308
0.000882288
0.000380642
-2.78909e-05
0.00758212
0.0100886
0.0139744
0.00739447
0.000855216
0.00410295
0.0124528
0.0144456
0.0142365
0.00420411
0.00109001
0.00180219
7.35925e-05
0.00126134
0.00130389
-0.00856674
0.00898484
0.00777496
0.00444693
0.00458496
0.012737
0.00396082
0.000433337
0.00173033
0.00152298
0.0144657
0.00256432
0.00247035
0.0094398
0.00220687
0.00158761
0.00180119
0.00320296
-0.00117001
0.0060278
)
;
    }
    procBoundary3to6
    {
        type            processor;
        value           nonuniform List<scalar> 
51
(
-0.0233404
0.0349733
0.00806098
0.0293372
-0.044242
0.044451
-0.0246951
0.00884358
-0.0589912
-0.0547188
-0.0362995
-0.0253126
-0.0478336
-0.111791
0.0174721
0.11998
0.00206641
-0.0498659
-0.0423826
-0.0308746
-0.0247487
-0.0300024
-0.045585
0.0111269
-0.0105982
0.0600552
0.0486124
-0.01026
-0.0529538
0.0399696
-0.0176826
0.0341232
-0.0120147
0.0434838
-0.00793623
-0.0371669
-0.0238282
0.0284539
0.00559811
-0.031001
0.0154262
0.045883
-0.0854133
-0.00837489
0.00368652
0.00574942
-0.0337458
-0.00806275
0.0114236
-0.0351031
-0.0450545
)
;
    }
    procBoundary3to7
    {
        type            processor;
        value           nonuniform List<scalar> 
153
(
0.0175352
0.00112293
0.00325225
0.00682335
-0.00748361
-0.00678469
0.000831607
0.0179431
0.00436572
0.000609568
-0.000561637
0.00597208
-0.000826537
-0.00352315
0.0115261
0.0095753
-0.0014946
-0.0221727
-0.001639
-0.00048941
0.00225371
-0.00109896
-0.000193487
0.00495557
-0.000428977
-0.00476672
-0.000663006
0.00421071
0.0132068
-0.00803304
0.00295103
0.00285307
0.00514419
-0.00440281
-0.00852718
-0.000539474
0.00424848
-0.00299818
0.000729185
0.00181539
-0.000763117
-0.000116666
0.00811569
0.0145715
-0.00198527
-0.00350091
-0.00478778
-0.000343107
-0.00443218
-0.001177
-0.00111132
-0.000393518
-0.00285931
-0.00456996
-0.0108209
0.0178859
0.0112851
-0.00184103
0.00897545
0.00258424
0.00768369
-0.00123454
0.0112994
-0.000163504
-0.0010375
0.000124115
0.000983511
0.0231561
-0.013862
-0.00243902
0.0130038
-0.000881307
-0.000770687
0.00132509
-0.00428799
-0.00506121
0.00075359
0.000911236
0.0025364
-2.21787e-05
-0.000786377
8.38608e-05
0.01768
-0.0276311
-0.0113132
-0.000455118
-0.00270252
0.00248632
-0.000390292
-0.00479521
0.0109003
0.0129337
0.0141295
0.000592658
0.00126492
0.00959969
-0.00267794
-0.00072193
-0.000213742
-0.00134039
0.000928558
0.00121438
-0.00305878
-0.00320962
-0.00360707
-0.00335714
0.00681053
-0.00767844
0.0193228
0.0080571
-0.000307474
-0.000489448
0.000263835
0.000283361
2.61383e-05
0.000180555
0.0083293
0.00300547
-8.74318e-05
0.0106275
-0.00429533
0.00332733
0.00203776
-0.00451129
-0.0159589
-0.00271133
0.00612348
0.00323668
0.00427922
-0.00837776
-0.000382316
-0.0078625
-0.00113525
-0.000468081
0.00347987
-0.000632634
-8.34068e-05
-0.0326013
-0.00205591
0.0101763
-2.46145e-05
0.000630055
0.00813176
0.000194364
0.00102555
0.00169278
-0.000743345
0.00148668
-0.000208872
-0.00143072
0.00289337
0.00369121
0.00643112
)
;
    }
    procBoundary3to8
    {
        type            processor;
        value           nonuniform List<scalar> 3(0.00781665 0.0104413 0.00427307);
    }
}


// ************************************************************************* //
