/*--------------------------------*- C++ -*----------------------------------*\
| =========                 |                                                 |
| \\      /  F ield         | OpenFOAM: The Open Source CFD Toolbox           |
|  \\    /   O peration     | Version:  2506                                  |
|   \\  /    A nd           | Website:  www.openfoam.com                      |
|    \\/     M anipulation  |                                                 |
\*---------------------------------------------------------------------------*/
FoamFile
{
    version     2.0;
    format      ascii;
    arch        "LSB;label=32;scalar=64";
    class       volScalarField;
    location    "0.0207921";
    object      nut;
}
// * * * * * * * * * * * * * * * * * * * * * * * * * * * * * * * * * * * * * //

dimensions      [0 2 -1 0 0 0 0];

internalField   nonuniform List<scalar> 
3946
(
0.00665198
0.00546151
0.00419166
0.00485638
0.00519251
0.00686606
0.00352904
0.0046819
0.003363
0.00752377
0.00743497
0.00716185
0.00504658
0.00263203
0.00193914
0.00719944
0.00440491
0.00743048
0.00408343
0.0075127
0.00239836
0.00477239
0.00445793
0.00351544
0.00365956
0.00433239
0.00403233
0.00512503
0.00743098
0.00682866
0.00749615
0.00578077
0.00425252
0.00569629
0.00364202
0.00684722
0.00299764
0.00411616
0.00491762
0.00440364
0.00626562
0.00747038
0.00452273
0.00711001
0.0042203
0.0074245
0.00745749
0.00411923
0.00409756
0.00441079
0.00449296
0.00435799
0.00681944
0.00720449
0.00750639
0.00635746
0.00684289
0.00699019
0.00454727
0.00511184
0.00742604
0.000640263
0.00693305
0.00537926
0.00590286
0.000513592
0.000646516
0.000222619
0.00027106
0.00668977
0.00735105
0.00485433
0.00217425
0.00742701
0.00679104
0.00499558
0.0070576
0.00427516
0.00734135
0.00446338
0.000449638
0.00440812
0.00680469
0.00325728
0.00634593
0.00130921
0.00523094
0.000427477
0.00087809
0.00046463
0.00194093
0.0016186
0.00691601
0.00182284
0.00181175
0.00178035
0.00426175
0.00413546
0.00344408
0.00552538
0.00337393
0.00368149
0.0040709
0.00305583
0.00405623
0.00406759
0.00416207
0.00529623
0.00389154
0.00356248
0.00231449
0.00323478
0.0042381
0.00171507
0.0016783
0.00408499
0.00530713
0.00624538
0.000403842
0.000517101
0.00430173
0.00247339
0.00629612
0.00695057
0.00732877
0.00522328
0.00207547
0.00561941
0.00360462
0.00699567
0.0035293
0.00199422
0.0072118
0.00447962
0.00349167
0.00563318
0.0032114
0.00118002
0.00729108
0.00140785
0.00333981
0.00198619
0.000423886
0.00732472
0.0030632
0.00422873
0.00563775
0.00726166
0.00407374
0.00534379
0.00462604
0.00471421
0.00404087
0.00738119
0.00540765
0.00755399
0.00657984
0.006438
0.00653652
0.00467924
0.00497933
0.00701358
0.00219315
0.00424935
0.00530111
0.00275573
0.00419446
0.00536084
0.00390775
0.00153048
0.00414417
0.00296947
0.00408506
0.00228142
0.00679004
0.00696089
0.00604457
0.00706239
0.0048841
0.00388753
0.00741743
0.00665032
0.0074576
0.00731104
0.00435543
0.00439191
0.00515965
0.00529878
0.00743141
0.00386512
0.00712194
0.00458765
0.000968412
0.00406752
0.00108725
0.00100492
0.000390897
0.0074972
0.00428944
0.00623999
0.00745762
0.00635391
0.00708585
0.00677128
0.00515085
0.00381026
0.00343529
0.0047149
0.00347838
0.00483533
0.00424322
0.00333773
0.00734261
0.00703143
0.00632263
0.00740317
0.00716594
0.00539989
0.00748332
0.00722091
0.000425548
0.000630981
0.00449194
0.00580332
0.00660483
0.000476297
0.000408834
0.00605259
0.0067571
0.000563239
0.00401012
0.00687643
0.00544694
0.00606239
0.00741187
0.00265783
0.00581227
0.00294729
0.00268068
0.00360312
0.0075354
0.000388687
0.00037444
0.000600918
0.00285981
0.005772
0.00238708
0.00280632
0.00596359
0.00401343
0.0056309
0.00324434
0.00313094
0.0027481
0.00387196
0.00440708
0.00434686
0.00652221
0.00413499
0.0023044
0.00613361
0.000375058
0.00056843
0.00330389
0.00302048
0.00419155
0.00234112
0.00324747
0.00179399
0.0043696
0.0037844
0.00319771
0.0054452
0.00600138
0.00554981
0.00547403
0.00574584
0.00283495
0.00259324
0.00401551
0.00405163
0.00396438
0.00408058
0.00321182
0.00295717
0.00425122
0.00481701
0.00448756
0.00319629
0.00431856
0.0035382
0.00412135
0.00670523
0.00466521
0.00558678
0.0046834
0.00459984
0.00395076
0.00737866
0.000568206
0.00741647
0.000628006
0.00051302
0.000427029
0.00437927
0.00362166
0.00340759
0.00455739
0.00479321
0.000352078
0.000614798
0.00066627
0.000515013
0.000409731
0.00746866
0.00166047
0.00428292
0.00330678
0.00440334
0.00316629
0.00350396
0.00276744
0.00254365
0.00355868
0.00734971
0.00379579
0.00619758
0.00603024
0.00674707
0.00295814
0.00360703
0.0074723
0.00504061
0.00255831
0.00218667
0.0071478
0.00605899
0.000869135
0.000461711
0.000751635
0.00523473
0.00181579
0.0014479
0.00532969
0.00242928
0.00239066
0.00684519
0.00731713
0.00260915
0.00105564
0.000954379
0.00709422
0.00315128
0.00702696
0.00180592
0.000476539
0.00324628
0.00579347
0.00244075
0.000424686
0.00387735
0.00138215
0.00710986
0.00434707
0.00240478
0.00188788
0.00505338
0.00134948
0.000861794
0.00147268
0.00102167
0.00118585
0.00463488
0.00719549
0.0068492
0.00737241
0.00207419
0.00746611
0.00606516
0.00345964
0.0070619
0.00453461
0.00495897
0.00699728
0.00656701
0.00645504
0.00312755
0.00675278
0.0071666
0.00471977
0.00224792
0.00709526
0.00424607
0.00114254
0.00668302
0.000321169
0.00641975
0.00291371
0.0066241
0.00705899
0.00676018
0.00573333
0.00602341
0.00497454
0.00677727
0.00746279
0.00511788
0.00677042
0.00726929
0.0068218
0.00584241
0.00718562
0.00686727
0.00679894
0.00673961
0.00680128
0.00723362
0.00327465
0.00434693
0.00469992
0.00660304
0.00335073
0.00750631
0.00353866
0.00700296
0.0045495
0.00723392
0.00427508
0.00728825
0.00669922
0.00649657
0.00657832
0.00753019
0.00728541
0.00621329
0.00378143
0.0026336
0.00358104
0.00601914
0.00658622
0.00661867
0.00667775
0.00628394
0.00607155
0.00604463
0.00219915
0.00154417
0.00617494
0.0063937
0.00652934
0.00526434
0.00737884
0.00735351
0.00628494
0.00479899
0.00390586
0.00589865
0.00474095
0.00723814
0.00728097
0.00609362
0.00485901
0.00117236
0.00412417
0.00224912
0.00315864
0.00749947
0.0039703
0.00235326
0.00513811
0.00374904
0.00429983
0.00312651
0.00644782
0.00739634
0.00695087
0.00683107
0.0033908
0.006809
0.00265583
0.00123774
0.00248368
0.00202813
0.00672465
0.00332876
0.00748788
0.00345913
0.00597719
0.00720896
0.00721796
0.00727131
0.00434945
0.00718937
0.00750331
0.00743771
0.00709808
0.00699592
0.006327
0.00405016
0.0041045
0.00709546
0.00512847
0.00374478
0.00368629
0.00370121
0.00663383
0.0066097
0.00136973
0.000468472
0.00574498
0.00162999
0.00147737
0.0069898
0.00665884
0.004381
0.00173097
0.00655181
0.00704818
0.00430425
0.00569059
0.00519313
0.00674322
0.00379023
0.00677733
0.00519275
0.00438873
0.00659068
0.0068012
0.00598932
0.00337062
0.0008175
0.00446854
0.00412023
0.00187396
0.000744492
0.00231981
0.00565704
0.0050395
0.00262218
0.00648868
0.00651542
0.00709947
0.00308043
0.00707773
0.00715584
0.00609691
0.00356147
0.00617628
0.00397574
0.00515519
0.00647886
0.00598865
0.00440536
0.00743121
0.0067276
0.00449115
0.00735216
0.00547681
0.00464042
0.00376356
0.00493556
0.00440838
0.00705047
0.00729111
0.00680037
0.00729994
0.00497347
0.00495553
0.00734549
0.00214408
0.00568122
0.00716868
0.00703599
0.00721284
0.00511716
0.00502797
0.00758321
0.0074673
0.00749665
0.00731697
0.00733854
0.00613174
0.00737639
0.00750188
0.00395015
0.00703383
0.00486736
0.00735254
0.00751951
0.00738734
0.00673293
0.00748999
0.00472383
0.0074753
0.00730903
0.00737158
0.00746485
0.00359548
0.00735301
0.00428915
0.00735653
0.00416794
0.00632017
0.00221922
0.00534791
0.00330298
0.00465097
0.00711303
0.00673573
0.00742952
0.00455419
0.00719686
0.00358084
0.00731567
0.00720659
0.00486561
0.00748279
0.00738983
0.00332948
0.0050794
0.00362297
0.00246675
0.00275883
0.00269108
0.0048404
0.0068776
0.00688556
0.00599109
0.00521847
0.00698259
0.00486615
0.0029806
0.00646487
0.00561889
0.00544759
0.00477851
0.00644496
0.0062093
0.00665969
0.0059113
0.00459005
0.00496432
0.0072194
0.00652063
0.00420546
0.00747053
0.00727211
0.00537745
0.00435992
0.00428318
0.00641044
0.00654289
0.00535044
0.00319271
0.00272628
0.00398808
0.00383725
0.00642288
0.00388606
0.00502373
0.00384773
0.00537547
0.00439203
0.00746972
0.00468157
0.00393957
0.00668178
0.00441517
0.0047578
0.00497568
0.00690502
0.00517979
0.00742573
0.00268321
0.00231693
0.00248109
0.00736934
0.00654831
0.00480185
0.00751573
0.00372686
0.00228181
0.00759875
0.00233914
0.00493234
0.00370096
0.00625938
0.00731667
0.00690109
0.00725354
0.00437182
0.00619056
0.00738156
0.00450333
0.00744408
0.00635114
0.00182791
0.00107955
0.00588571
0.00191998
0.00191598
0.003206
0.00717434
0.00522907
0.00747185
0.00496414
0.00444565
0.00514516
0.00408512
0.00557293
0.00290093
0.00625829
0.00270124
0.007493
0.00392091
0.00358059
0.00628886
0.00412884
0.00450086
0.00432745
0.00412188
0.00542035
0.00480075
0.00738368
0.00412608
0.0069549
0.00358739
0.0064846
0.0039649
0.00557561
0.00742738
0.00750914
0.00749727
0.00726227
0.00370325
0.0034889
0.00591808
0.00648069
0.00657981
0.00562291
0.00465007
0.00730433
0.00725132
0.00444828
0.00659998
0.0075331
0.0030817
0.00693478
0.00633848
0.00646625
0.000870001
0.00260528
0.00564364
0.00200424
0.00124411
0.00218279
0.00195537
0.00468767
0.00233758
0.00134864
0.000996353
0.00287757
0.00659867
0.00755571
0.00687157
0.00587513
0.000594711
0.00576812
0.00544333
0.00491592
0.0055889
0.00701052
0.00613107
0.000968387
0.000948017
0.00205644
0.00122715
0.0011246
0.00116197
0.00689346
0.00360445
0.00746938
0.00276027
0.00310922
0.0052298
0.0069975
0.00646005
0.00298965
0.00366753
0.00411518
0.000944988
0.00404042
0.00569162
0.00487898
0.00438684
0.00731888
0.00749364
0.00525019
0.00703399
0.0035214
0.00685144
0.00561173
0.00688658
0.00339355
0.00696945
0.00546991
0.00719278
0.00718192
0.00692015
0.00674258
0.0054039
0.00746348
0.00472392
0.00347081
0.00702664
0.00559802
0.00391476
0.00359141
0.00318948
0.0068436
0.00490903
0.00343517
0.0035568
0.00648228
0.00347038
0.00664367
0.00627224
0.00631822
0.00672317
0.0045276
0.00271909
0.00677939
0.00699459
0.00474253
0.00623887
0.00704956
0.00183289
0.00505348
0.00670889
0.0031579
0.00248918
0.0068396
0.00477977
0.0026299
0.00688521
0.00200875
0.00242951
0.00195499
0.00426031
0.00426996
0.00300666
0.00382567
0.00550029
0.00656415
0.00112879
0.00040017
0.00620207
0.00642918
0.00706152
0.00731626
0.00641374
0.00645161
0.00673795
0.00705294
0.00418035
0.00480766
0.00478464
0.00742172
0.00720841
0.00738471
0.00698425
0.00494814
0.00636738
0.00716805
0.00350369
0.00646999
0.00731676
0.00308976
0.00614247
0.00617357
0.00656247
0.00750934
0.0040616
0.00730412
0.00422864
0.00633055
0.00382476
0.00635475
0.00417888
0.0057954
0.0072837
0.00311213
0.00444263
0.00383493
0.00691953
0.00709336
0.0074185
0.00647743
0.00650479
0.00707366
0.00722262
0.00382478
0.00594527
0.00602235
0.00707966
0.00386159
0.00434765
0.00372615
0.0025091
0.00356821
0.00347789
0.000401424
0.00486493
0.00488138
0.00699886
0.00728232
0.00739215
0.00211345
0.00334295
0.00121582
0.00228609
0.00188167
0.00112298
0.00395582
0.00505061
0.00723739
0.00137777
0.00601734
0.00644152
0.00440884
0.00368486
0.000872555
0.0012466
0.00222288
0.00249526
0.000654009
0.00711639
0.00234682
0.00203517
0.00681009
0.0020971
0.00146285
0.00234685
0.0036328
0.0010895
0.00043915
0.00671881
0.00243435
0.00285311
0.00176565
0.00279787
0.00680311
0.00269468
0.000394989
0.00120503
0.00753951
0.00238906
0.00116191
0.00432542
0.00708976
0.00352042
0.00195357
0.00141368
0.00306865
0.0070945
0.00697781
0.00734687
0.00705889
0.00672376
0.00555382
0.00604567
0.006765
0.00720639
0.0063201
0.00162973
0.00196412
0.0020719
0.00212263
0.00192947
0.00171252
0.00668337
0.00569155
0.00517663
0.00246936
0.00310007
0.00467497
0.00691699
0.00613653
0.00259032
0.00687502
0.00507134
0.0033647
0.00284863
0.00651868
0.00707407
0.00524632
0.00598371
0.00687497
0.00686444
0.00522918
0.00696568
0.0043876
0.00460598
0.00696108
0.00394779
0.00527902
0.00401934
0.00564362
0.000430482
0.000996105
0.0069515
0.00490181
0.00442091
0.00439514
0.00629756
0.00442386
0.00750457
0.00698028
0.00617981
0.00744411
0.00603323
0.00367887
0.00552637
0.00459722
0.00509629
0.00360051
0.00352334
0.00350162
0.00417133
0.00299235
0.00348612
0.00428305
0.00754653
0.0075574
0.00749834
0.00584775
0.00670674
0.00653303
0.00646756
0.00749873
0.00450592
0.00587293
0.00750616
0.00431569
0.00695451
0.00592556
0.00181023
0.00226835
0.00639498
0.0041591
0.000980755
0.002063
0.00155899
0.00492446
0.00249613
0.00428952
0.00280659
0.00654989
0.00362457
0.00712362
0.00514698
0.00672293
0.0068061
0.00188876
0.00357747
0.00433598
0.00371053
0.00657014
0.00666512
0.00623186
0.00743612
0.00639104
0.00606045
0.00728277
0.00491376
0.00561917
0.00412078
0.0070747
0.00701308
0.0071662
0.00741136
0.00248315
0.00746905
0.00731397
0.00566258
0.00752745
0.00746799
0.00643685
0.00700995
0.00697163
0.00645355
0.00522316
0.00743312
0.00746795
0.0069123
0.00734257
0.0054335
0.00738505
0.00630395
0.000941165
0.00240701
0.00276234
0.00753992
0.00573961
0.0034399
0.00716304
0.0074917
0.00752685
0.00749232
0.00743083
0.00743804
0.00730522
0.0067261
0.0074495
0.00710127
0.00336744
0.000964939
0.00198236
0.00337696
0.00163766
0.00267013
0.00669889
0.00731511
0.00756475
0.00753701
0.00746823
0.00744371
0.00748046
0.00752522
0.0072322
0.00617308
0.00431714
0.00746587
0.00508206
0.00746896
0.00547346
0.0073255
0.00730069
0.00578045
0.00715757
0.00685285
0.00527378
0.00331048
0.00663249
0.00683141
0.00262412
0.00518372
0.00651487
0.00360517
0.00452466
0.00494639
0.00751691
0.00709734
0.00740778
0.00623802
0.00506728
0.00443207
0.00347157
0.00725913
0.00652399
0.00648218
0.00695259
0.0074292
0.00752884
0.00525357
0.00738384
0.00392315
0.00665544
0.005009
0.00506477
0.00572072
0.00641479
0.00717702
0.0052585
0.00731136
0.00728395
0.0074197
0.00717683
0.00750175
0.00452383
0.00434134
0.006664
0.00574174
0.0066626
0.00727095
0.00625899
0.00728711
0.00632319
0.00751567
0.00563502
0.00610056
0.00696802
0.00751505
0.00606566
0.00519517
0.00735173
0.00401898
0.0075534
0.00488345
0.00752907
0.00739537
0.00743868
0.0064238
0.0068942
0.00722228
0.00739486
0.00714023
0.00669708
0.00627257
0.00535738
0.00751202
0.0043165
0.00651304
0.00435726
0.00528108
0.00752611
0.00742874
0.00515647
0.0066913
0.00711469
0.00363599
0.00746759
0.00463448
0.00733701
0.00719901
0.00479222
0.00718257
0.00532737
0.00521858
0.00751711
0.0052244
0.00463291
0.00565546
0.00732272
0.00207607
0.00759177
0.00742811
0.00748363
0.00657747
0.00525251
0.00335652
0.00745436
0.00378881
0.0039779
0.00494925
0.00540161
0.00547022
0.00433032
0.00628189
0.00433647
0.00487288
0.0050366
0.00461963
0.00545699
0.0032729
0.00748916
0.00333878
0.00745071
0.00748327
0.00739604
0.00734757
0.00739492
0.00742608
0.00256262
0.00572416
0.00747422
0.00747024
0.00288004
0.00484358
0.00439222
0.00466532
0.00722879
0.00743903
0.00641356
0.00263865
0.00698756
0.00505268
0.00467519
0.00554057
0.00466354
0.00306084
0.00308144
0.0067677
0.00555307
0.00371114
0.00724772
0.00326301
0.0074405
0.0048878
0.00693637
0.00603333
0.00425145
0.00624567
0.00652657
0.00694374
0.00689656
0.00703412
0.00748794
0.00700575
0.00753237
0.00666401
0.0074438
0.00743495
0.00731843
0.00742762
0.00738769
0.00732063
0.00704062
0.00733886
0.00448225
0.00705172
0.00668048
0.00374347
0.00612464
0.00465009
0.00744829
0.005285
0.00350522
0.00630074
0.00652853
0.00314821
0.00392798
0.00624645
0.00737872
0.00722927
0.00350342
0.00751575
0.00746191
0.00726672
0.00721796
0.00716802
0.00729469
0.00490997
0.00490844
0.00354428
0.00705993
0.00314266
0.00501934
0.00707885
0.00745141
0.00749243
0.00749049
0.00699235
0.00758587
0.00408606
0.00708967
0.00379793
0.00386874
0.00512734
0.00618072
0.00613572
0.00756955
0.00618603
0.00730179
0.00380581
0.00350103
0.00397359
0.00699751
0.00481454
0.00487864
0.0068849
0.00548841
0.0074246
0.00210332
0.0037956
0.000472396
0.00635122
0.0004407
0.00744678
0.00722458
0.00727389
0.00738596
0.00722728
0.00472638
0.00637536
0.00323752
0.00644752
0.00650922
0.0039127
0.0063588
0.00443675
0.00731461
0.00750632
0.00026968
0.00294408
0.00732886
0.00294792
0.00499945
0.0073895
0.00753725
0.00738983
0.0074704
0.00714374
0.0039217
0.00730097
0.0054808
0.00733122
0.0027764
0.00512717
0.00421431
0.00486804
0.00324589
0.00422487
0.0032177
0.00753693
0.0048904
0.00733815
0.00743744
0.00748683
0.00724586
0.00744308
0.00661059
0.0048601
0.00545893
0.00596355
0.00730256
0.00453444
0.00608698
0.00488562
0.00599225
0.00353922
0.00470573
0.00704571
0.00750426
0.00746281
0.00676248
0.00732751
0.00471931
0.006437
0.00732507
0.00107934
0.00744796
0.00747237
0.000836841
0.000884971
0.00346744
0.00275008
0.00069221
0.00287894
0.00236237
0.000673537
0.00399182
0.00468509
0.0016931
0.00264833
0.00626306
0.000434472
0.00103148
0.00157434
0.000389002
0.00377658
0.00458606
0.00324279
0.00236872
0.00310041
0.00359395
0.00635042
0.00733333
0.00126021
0.00102368
0.0024844
0.00578401
0.00745624
0.00741737
0.00227493
0.00703506
0.00208926
0.00699154
0.00747154
0.00728295
0.0070053
0.00743848
0.00527233
0.00735674
0.00563323
0.00360351
0.00419134
0.00647781
0.00593972
0.00560734
0.00553065
0.00724151
0.003854
0.00387749
0.00711044
0.00263796
0.00280896
0.00641514
0.00747281
0.0059845
0.00627238
0.00423085
0.00656128
0.0065308
0.00622123
0.00754575
0.00405561
0.00569687
0.00504636
0.00728066
0.00725829
0.00675981
0.0032101
0.00735487
0.0036212
0.00745507
0.00747337
0.00636753
0.00373365
0.00691115
0.00748944
0.00469159
0.00733492
0.00405197
0.00700112
0.00704168
0.00347741
0.00690658
0.00606055
0.00324586
0.00750451
0.00661651
0.00613017
0.00639705
0.00753123
0.00522931
0.00498745
0.00610871
0.00642141
0.00747359
0.00706235
0.0074877
0.00750678
0.00665541
0.00731082
0.00497042
0.0072396
0.0074786
0.00742151
0.00616829
0.00350872
0.00753256
0.00393451
0.0042507
0.00499816
0.0039589
0.0052822
0.00631965
0.00149851
0.000934784
0.00696436
0.00529898
0.00504078
0.00557412
0.00426869
0.00504887
0.00571771
0.00712044
0.00508029
0.00399144
0.00578124
0.00749688
0.00277866
0.00195927
0.00671597
0.00509542
0.00697015
0.00708054
0.00250775
0.0021023
0.00462557
0.00280478
0.00192766
0.00323873
0.00752353
0.00398802
0.00530747
0.0071495
0.00748483
0.00504993
0.00625398
0.00740269
0.00514256
0.00748583
0.00456117
0.0074427
0.00440571
0.00291173
0.00735202
0.00483376
0.0043008
0.00740355
0.0062961
0.00698501
0.00312516
0.00437244
0.00444799
0.00490332
0.0075722
0.00375507
0.00398811
0.00394527
0.00461169
0.00740592
0.00362389
0.00657536
0.00502286
0.00736247
0.0038044
0.00670246
0.00736088
0.0035308
0.00697925
0.00628903
0.00553819
0.005959
0.00503062
0.00580147
0.00690001
0.00284376
0.00665643
0.00444657
0.00604889
0.00751554
0.00577414
0.00352017
0.00734125
0.00430026
0.0044149
0.0032075
0.00399355
0.00383419
0.00385964
0.00254403
0.0070631
0.0071531
0.00407847
0.00753157
0.00231357
0.002349
0.00574297
0.00534337
0.00361894
0.00456524
0.00506403
0.00529331
0.00466935
0.00500354
0.00433284
0.00395961
0.00457887
0.00407355
0.0032905
0.00322435
0.00320621
0.00460353
0.00436266
0.00674421
0.00368001
0.00433327
0.00406127
0.00646468
0.00732291
0.00741545
0.00653292
0.00546036
0.00531907
0.00723943
0.00497979
0.0038944
0.00258953
0.000720371
0.00230005
0.00744121
0.0054617
0.00476856
0.00708035
0.00597978
0.00354775
0.00706088
0.00718235
0.00593803
0.00287946
0.00632681
0.00279411
0.00203445
0.00593998
0.00513239
0.00401592
0.00398099
0.00101575
0.00105572
0.00196502
0.00518709
0.00216415
0.00428413
0.00335404
0.00147622
0.00544956
0.000475339
0.00180572
0.000628072
0.00480471
0.00505205
0.0037704
0.00372032
0.00495545
0.00708616
0.00340087
0.0020221
0.00440947
0.00369773
0.00355061
0.00115182
0.00247686
0.00175371
0.00280488
0.000719577
0.000651757
0.0035648
0.00399042
0.0047127
0.00393394
0.00499904
0.0057335
0.00235512
0.00502099
0.00734364
0.000280345
0.00151192
0.00240497
0.006859
0.00663192
0.00340348
0.00279897
0.00347388
0.00743735
0.00751241
0.00675482
0.00745029
0.00302922
0.00635451
0.002854
0.000638185
0.00287109
0.00703742
0.00523446
0.00747715
0.00339307
0.00710254
0.00397891
0.00395216
0.00428761
0.00179572
0.00330208
0.00685663
0.00378202
0.00552945
0.00612709
0.00692925
0.00590287
0.00351307
0.00518266
0.00706193
0.0069079
0.00721963
0.00548321
0.00745848
0.00403663
0.00404665
0.00315094
0.00358219
0.00693329
0.00702207
0.00620164
0.00671481
0.00359913
0.00392296
0.0041954
0.00688922
0.00400881
0.00692888
0.00715528
0.00650326
0.00675838
0.00629367
0.00458946
0.00385475
0.00659706
0.00415868
0.00419513
0.00498537
0.00490888
0.00492354
0.00599556
0.00367319
0.00741185
0.00489535
0.00543613
0.00362502
0.00753425
0.00751846
0.00753758
0.00752738
0.00447544
0.00384575
0.0074354
0.00744666
0.00741555
0.00444535
0.00733119
0.00699798
0.00512455
0.00745298
0.00750214
0.00727683
0.00489247
0.0055981
0.00463951
0.007361
0.00740414
0.00726959
0.00452164
0.00725756
0.00741382
0.0074591
0.00746195
0.00622283
0.00735858
0.00750517
0.00753059
0.00745812
0.0075026
0.00355276
0.00486986
0.00739996
0.00704737
0.00492978
0.00294441
0.00393996
0.00725137
0.00608698
0.00647271
0.00750632
0.00682238
0.00608758
0.00418206
0.0045626
0.00750743
0.00749599
0.00721879
0.0073656
0.00607256
0.00691318
0.00740439
0.000379596
0.00394576
0.00392116
0.00747511
0.00746463
0.00679976
0.00708919
0.00736521
0.00752074
0.00472871
0.00522455
0.00457424
0.00299658
0.00050172
0.00715911
0.00670582
0.00752152
0.00749218
0.00686405
0.00751193
0.00746766
0.00699399
0.00276645
0.00386249
0.00389148
0.00504846
0.00427036
0.00744028
0.00532492
0.00460647
0.00733635
0.00747033
0.00749891
0.00751261
0.0070994
0.00754599
0.00743781
0.00744992
0.00734996
0.00473855
0.00712358
0.00633368
0.00744237
0.0074127
0.00496368
0.00470804
0.0069616
0.00501758
0.00633529
0.0060369
0.00481614
0.000744499
0.001723
0.00129045
0.00200871
0.0017593
0.00270538
0.00293932
0.00214918
0.00174798
0.000552027
0.00686786
0.00697332
0.00453657
0.000643628
0.000602656
0.00479019
0.00493341
0.00724301
0.00112548
0.00629696
0.00650212
0.0067957
0.0075755
0.00665227
0.00532968
0.00559486
0.00527658
0.00498675
0.00746861
0.00584462
0.00743801
0.00746465
0.00716821
0.00750837
0.00741627
0.00475131
0.00434262
0.00700285
0.00739866
0.00615412
0.00550113
0.00689538
0.00602057
0.00724389
0.00751375
0.00730972
0.00275122
0.00528966
0.00718103
0.00665293
0.00462464
0.00490013
0.00615916
0.0067139
0.00618093
0.00686921
0.00605433
0.00751176
0.000788857
0.000781377
0.00750686
0.00625831
0.00566823
0.00668595
0.00541654
0.0074826
0.00750593
0.00391491
0.00669445
0.00746103
0.00469604
0.00756123
0.00478129
0.00739957
0.0037691
0.00466405
0.00737647
0.00470452
0.00746387
0.00461006
0.00338077
0.00751763
0.00655238
0.00472145
0.00334279
0.00690861
0.00675
0.00484613
0.00739657
0.0069977
0.00487247
0.00597014
0.00424995
0.00312119
0.00266957
0.00455724
0.00312333
0.00730196
0.00411713
0.00500224
0.00505194
0.00408259
0.00676278
0.00624529
0.00540113
0.0050758
0.00293429
0.00103595
0.00397502
0.00571227
0.00421903
0.00749813
0.00639138
0.00595571
0.00691296
0.00468144
0.00328337
0.00410305
0.00575597
0.00397687
0.00369783
0.004875
0.00618943
0.00513278
0.00746359
0.00642848
0.00519242
0.00445274
0.00317444
0.00340454
0.00688374
0.00337032
0.00729775
0.00396897
0.00449741
0.0069524
0.00669234
0.00582028
0.0031428
0.00501437
0.00427437
0.00315107
0.00748197
0.00487786
0.00346345
0.00569703
0.0073878
0.00749181
0.006783
0.00662346
0.00655207
0.00750122
0.00453346
0.00517122
0.00391016
0.00433984
0.00414643
0.00384469
0.00694696
0.00409021
0.00383909
0.00585829
0.0062209
0.0040136
0.00741635
0.00673458
0.00734792
0.0075091
0.00737793
0.00732412
0.0072501
0.00394502
0.00745978
0.00589019
0.00415028
0.00389685
0.00433286
0.00654007
0.00489226
0.00331563
0.00386736
0.00466527
0.00689294
0.0041496
0.00685634
0.002115
0.00441074
0.00412848
0.00356961
0.004275
0.0040974
0.00721689
0.00694924
0.00386855
0.00748554
0.00745309
0.00603183
0.00469153
0.00657001
0.00531485
0.00713142
0.00733721
0.00689507
0.00747744
0.00349739
0.00390302
0.00698129
0.00040674
0.000465829
0.00273164
0.00238201
0.000605196
0.00176848
0.00265477
0.00177594
0.000400664
0.000542586
0.000539796
0.00106319
0.00100822
0.00273218
0.000510162
0.00143398
0.000795929
0.00181125
0.00159004
0.000623424
0.00156307
0.00237486
0.00240912
0.00063191
0.00120923
0.000576186
0.00262708
0.00686845
0.00655735
0.00603375
0.00530581
0.00744048
0.00528761
0.00471279
0.00485686
0.00695696
0.0074158
0.00415941
0.00512759
0.00710224
0.00429969
0.00650884
0.00715485
0.00637022
0.00401371
0.00326613
0.0030337
0.00746651
0.00500393
0.00478658
0.00734903
0.00534334
0.00546271
0.00306308
0.00594793
0.0062188
0.00331839
0.00508246
0.0052412
0.00518489
0.00579838
0.00740962
0.00504877
0.0047211
0.00684705
0.00641802
0.00747138
0.00649728
0.00564102
0.00476273
0.00560519
0.00630766
0.00573518
0.00720635
0.00464614
0.00606603
0.00700532
0.00431903
0.00595671
0.00131329
0.0031643
0.00516218
0.0067163
0.00241441
0.00628002
0.00668237
0.00529209
0.00695322
0.00550379
0.00401704
0.00651425
0.00499415
0.00397406
0.00530458
0.0039229
0.00197982
0.00736019
0.000769206
0.00580756
0.0017338
0.000644184
0.000379265
0.00120091
0.00121708
0.00227687
0.00213342
0.00199136
0.00247962
0.00728982
0.00470064
0.00660892
0.00690673
0.00719069
0.00438852
0.00566175
0.00671466
0.00721096
0.00549535
0.00743427
0.00708179
0.00740615
0.00730298
0.00697613
0.00703584
0.00153015
0.00738731
0.0030788
0.00152904
0.00250877
0.000584279
0.00371234
0.00709119
0.00733004
0.000629755
0.00650137
0.00150074
0.00755526
0.00451573
0.00512715
0.00552044
0.00585531
0.00217464
0.00175592
0.00559967
0.00618341
0.00586662
0.00587118
0.00312289
0.00409825
0.00258882
0.00067134
0.00136853
0.00034858
0.00744806
0.00503717
0.00728016
0.00571385
0.00195503
0.00194866
0.00286192
0.00728126
0.000216342
0.000497728
0.00262558
0.0015265
0.00450477
0.00302036
0.0028731
0.00450432
0.00269864
0.00154859
0.00212925
0.00106124
0.00733582
0.00721081
0.0037773
0.00688443
0.00326066
0.00691703
0.00442148
0.00639727
0.00660932
0.00491994
0.00562995
0.00718544
0.00565983
0.00679129
0.00682284
0.00687411
0.00641564
0.00409585
0.00271853
0.00470405
0.00537421
0.00683904
0.00663614
0.00571682
0.00435197
0.00609294
0.004874
0.00725784
0.00502436
0.00242676
0.00606983
0.0049171
0.00670675
0.00298283
0.00738438
0.00405698
0.00549678
0.00725968
0.00739924
0.00706223
0.00260246
0.00428335
0.00513298
0.0043376
0.00704263
0.00677122
0.00631745
0.00630261
0.00368447
0.00669221
0.0027006
0.00448578
0.00424309
0.00675334
0.00722346
0.00655577
0.00262121
0.006655
0.00700017
0.00697145
0.00622056
0.00713448
0.00689455
0.00681295
0.00708676
0.00690276
0.00684383
0.00657495
0.00679174
0.00675135
0.0043397
0.00705923
0.006764
0.00724606
0.00480608
0.00594545
0.0074286
0.00744708
0.00717758
0.00698774
0.00584065
0.00670079
0.00250872
0.00736931
0.00689633
0.00377294
0.000734666
0.00473961
0.00732684
0.00642848
0.00065165
0.000403649
0.00102484
0.00232936
0.00108922
0.00187278
0.00256157
0.00621888
0.000950467
0.00108134
0.00679732
0.00689184
0.00672243
0.00646969
0.0071104
0.00669107
0.00714741
0.00708032
0.00705659
0.00708279
0.00714943
0.00652254
0.00720523
0.00226173
0.000842411
0.000263264
0.000531083
0.00084909
0.00185502
0.00619103
0.0024007
0.00738259
0.00641456
0.00339137
0.00570474
0.00264846
0.00238534
0.00254788
0.00184323
0.00271805
0.00377868
0.00242588
0.00199037
0.00199073
0.00219297
0.0072303
0.007093
0.00668603
0.0073915
0.00694727
0.00296452
0.00344575
0.00719571
0.00689661
0.00744683
0.00374463
0.00749162
0.0065525
0.00522136
0.00750156
0.0049985
0.00571504
0.00748544
0.00348597
0.00703733
0.00423451
0.00352174
0.00669838
0.00748145
0.00746082
0.00745917
0.00208382
0.00750196
0.00738146
0.00698471
0.00451202
0.00600535
0.00517987
0.00735475
0.00442437
0.00385966
0.00389419
0.00736901
0.00489614
0.00705846
0.00628661
0.00751546
0.00748871
0.00548637
0.00742957
0.0071173
0.00748696
0.00751176
0.00439039
0.00749718
0.00753161
0.00745982
0.00630702
0.00503669
0.00670416
0.00747338
0.00512018
0.00735387
0.00509849
0.00670668
0.00752784
0.00752715
0.00738399
0.0068903
0.00344898
0.00366647
0.00519254
0.00358949
0.00283286
0.00175846
0.00448848
0.00167416
0.00116523
0.00211382
0.0024133
0.00206721
0.0033407
0.00449509
0.00279793
0.0034745
0.00689875
0.00707978
0.00513802
0.00497137
0.00602864
0.00620085
0.00697787
0.00711695
0.0071498
0.00702248
0.00392096
0.00353878
0.00378948
0.00728503
0.00743116
0.00538116
0.00413817
0.00391642
0.00610871
0.00515137
0.00343076
0.00449594
0.00644685
0.0048251
0.00726864
0.00719661
0.00505329
0.00310585
0.0030241
0.00685339
0.00749021
0.00698022
0.00717325
0.00736252
0.00736882
0.004127
0.00622026
0.00384065
0.0073441
0.00675566
0.00702969
0.0073218
0.00739678
0.00737561
0.00745912
0.00745226
0.00324953
0.00669113
0.00317012
0.00545448
0.00585762
0.00673711
0.000889813
0.00110876
0.0023292
0.00462041
0.00705988
0.00623617
0.00609723
0.00596583
0.00698948
0.00400859
0.00315102
0.0049551
0.00752664
0.00609508
0.00544834
0.00629954
0.0050096
0.00733199
0.00488732
0.00505386
0.00349199
0.00752219
0.00742576
0.00652434
0.00730949
0.00735718
0.00625444
0.0048237
0.00516278
0.0061353
0.00733462
0.00718838
0.0072707
0.00739258
0.00406174
0.00322718
0.00259618
0.00356504
0.00559284
0.00313355
0.00455339
0.00445916
0.00512979
0.00390318
0.00458214
0.00691799
0.00735391
0.00706293
0.00347514
0.00703322
0.00310296
0.00397105
0.00725141
0.00728411
0.00461081
0.00699884
0.00596587
0.00352791
0.00559627
0.00720705
0.00745812
0.0074882
0.00700322
0.00714026
0.00530762
0.00424736
0.00746342
0.00585425
0.00512314
0.00743223
0.003867
0.00327385
0.00750051
0.00101554
0.00148476
0.0010866
0.00213976
0.00738405
0.00196771
0.00467784
0.00358961
0.00343696
0.00267279
0.00441539
0.00638127
0.00480426
0.00583023
0.00738264
0.00427136
0.000668995
0.00253336
0.000401854
0.00255556
0.00496758
0.00492703
0.0055905
0.00732298
0.00732945
0.00365319
0.00450919
0.00540593
0.00432851
0.00535548
0.00593069
0.00575087
0.00520995
0.00344248
0.00732062
0.00636745
0.00725943
0.00562483
0.00650103
0.00611517
0.00577889
0.00214473
0.00750189
0.00750564
0.00744126
0.000463426
0.00224443
0.00700237
0.00677849
0.00118005
0.00105411
0.000669442
0.00488602
0.00719483
0.000387176
0.00412848
0.00368872
0.00350887
0.00339372
0.00750549
0.000874897
0.00433132
0.00746269
0.0048526
0.00674971
0.0069867
0.00701508
0.00738932
0.000646853
0.00743893
0.00116487
0.0073144
0.00630258
0.00703256
0.00510723
0.00638253
0.00751507
0.00748817
0.00750439
0.00738014
0.00360139
0.00409687
0.00321581
0.00569762
0.00328145
0.00392925
0.00542322
0.00748187
0.00471127
0.00428306
0.0073476
0.00453581
0.00669633
0.00652757
0.00753431
0.00743886
0.00725187
0.00746341
0.00748663
0.0049191
0.00665999
0.0074828
0.00650414
0.00500779
0.00716014
0.0036367
0.00755323
0.0054083
0.00628767
0.00706515
0.00726434
0.00501628
0.00718048
0.00738499
0.00342422
0.00558728
0.00673919
0.00752574
0.0074935
0.0037353
0.00738859
0.00712299
0.00311351
0.00298214
0.00238771
0.00353783
0.00562504
0.00667856
0.00722952
0.00703235
0.00647665
0.0067259
0.00627838
0.00691665
0.00659798
0.00680728
0.00460467
0.00568954
0.00380528
0.00430562
0.00642657
0.0052832
0.00583919
0.00319572
0.000719288
0.00136686
0.00349259
0.00672317
0.00698284
0.00713332
0.00484261
0.00392889
0.00617882
0.00682634
0.00407223
0.0071598
0.00406871
0.0068113
0.00439365
0.00528106
0.00619372
0.00456108
0.00750901
0.00749698
0.00532221
0.00738729
0.00750902
0.00594733
0.0057234
0.00744479
0.00334525
0.00722399
0.00267004
0.00189904
0.00723952
0.00748641
0.00598189
0.00740564
0.00499282
0.00279736
0.00528622
0.0044711
0.00235974
0.00731888
0.00236511
0.000880344
0.00571235
0.00479518
0.00236215
0.00708548
0.00204847
0.000434196
0.00721297
0.00477303
0.00600071
0.00507523
0.00672442
0.00681899
0.00416829
0.00704605
0.00747226
0.00698952
0.00689769
0.00734221
0.00630269
0.0069541
0.00644188
0.00156426
0.002484
0.00156547
0.00200984
0.00363732
0.000790231
0.00664494
0.0074605
0.00707385
0.00552605
0.00259708
0.000417364
0.00381722
0.00289737
0.00103909
0.00222074
0.00222866
0.00528726
0.00194829
0.0020501
0.00502315
0.00678717
0.0064242
0.00226426
0.00635577
0.00613906
0.0054715
0.00737097
0.00370991
0.00656273
0.00597841
0.00624211
0.00346195
0.00674017
0.00707294
0.0074575
0.00572684
0.00372942
0.0075088
0.00492825
0.00206632
0.00470842
0.00692699
0.00666182
0.00575583
0.00668059
0.00733663
0.00387914
0.00693293
0.00275709
0.00580287
0.00629768
0.0070203
0.00463387
0.00650726
0.00704616
0.00728887
0.00692132
0.00642508
0.00716718
0.00376012
0.00680319
0.00330058
0.00692218
0.00719217
0.00616231
0.00532382
0.00489736
0.00735568
0.0048546
0.00745726
0.00739473
0.00733863
0.00061772
0.000744595
0.00251615
0.00624844
0.00248645
0.00196453
0.00502447
0.00533025
0.002383
0.00178228
0.000848892
0.00126278
0.0020659
0.00250909
0.00195288
0.00179257
0.000717489
0.00348027
0.00359719
0.000506358
0.00265168
0.00534676
0.00277971
0.00366205
0.00535285
0.00439744
0.0052196
0.00702646
0.00536209
0.00637719
0.00672981
0.00705717
0.00698394
0.00713296
0.00102505
0.00235218
0.000765687
0.00704531
0.00517701
0.0071823
0.00700106
0.00660461
0.0067176
0.0064789
0.0065748
0.00530861
0.0063444
0.00706311
0.00262736
0.000641523
0.00253026
0.00662628
0.00657974
0.00681843
0.00207415
0.00399571
0.00297569
0.00649112
0.00519246
0.00716064
0.00737164
0.00751467
0.00706279
0.00747026
0.00611413
0.00605293
0.003605
0.0074222
0.00749101
0.00381715
0.00721395
0.0075132
0.00760081
0.00467208
0.00740153
0.00377923
0.00749173
0.00752663
0.00691081
0.00664818
0.00742951
0.00405579
0.00753499
0.007501
0.00387843
0.00750769
0.00311514
0.00683056
0.00667416
0.00748829
0.0075213
0.00654684
0.00690295
0.00431935
0.00733409
0.00712539
0.00745275
0.00730609
0.00576365
0.00596354
0.00628679
0.00696013
0.0066198
0.00749916
0.00747415
0.00750437
0.00525624
0.00428198
0.00612914
0.00751582
0.00726496
0.00737828
0.00711854
0.00551796
0.006412
0.00356414
0.00736601
0.00329947
0.00558021
0.00383101
0.00741568
0.00745566
0.00679227
0.00279025
0.00452492
0.00693122
0.00750607
0.00734161
0.00752034
0.005139
0.00439717
0.00321643
0.00340741
0.00536336
0.00607854
0.00711644
0.00661348
0.00313201
0.00518148
0.00422958
0.00395604
0.00728319
0.00727005
0.00748195
0.00262442
0.0075035
0.0057611
0.00653231
0.00459555
0.00627631
0.00457403
0.0060882
0.00641626
0.00632192
0.003141
0.00614305
0.00663199
0.00536099
0.00483709
0.00741949
0.00503225
0.00589046
0.00709171
0.00490798
0.00751128
0.00641126
0.00313622
0.00414244
0.00410185
0.00317923
0.0064999
0.00657554
0.00660398
0.00623624
0.00663134
0.00639663
0.00749739
0.00749545
0.0069126
0.0074644
0.00745127
0.00678091
0.00746261
0.00712468
0.00388182
0.00666674
0.00594659
0.00752899
0.00669718
0.00718333
0.00585329
0.00570695
0.00469311
0.00732492
0.00607593
0.00470399
0.00335437
0.00620765
0.00711476
0.00354299
0.00325843
0.00681088
0.00288283
0.00557542
0.00554816
0.0074582
0.00481148
0.00741457
0.0039226
0.00750993
0.00618689
0.00485301
0.00432131
0.00646291
0.00483531
0.00358055
0.00746879
0.00404105
0.00433403
0.00329132
0.00686263
0.00745119
0.00417052
0.00369018
0.0039562
0.007264
0.00386338
0.0050564
0.00447259
0.00373974
0.00637477
0.00339149
0.00712942
0.00623992
0.000430246
0.000600861
0.00102678
0.00666912
0.00426098
0.000602994
0.00447492
0.00348002
0.00176098
0.00412913
0.00298744
0.00665925
0.00746584
0.00454432
0.00695246
0.00748502
0.00748027
0.00685824
0.00697099
0.00690084
0.00515737
0.00665834
0.00552619
0.00734359
0.00725961
0.0052043
0.00206256
0.00539725
0.00685078
0.00677479
0.00347895
0.00339875
0.00345478
0.00163856
0.0019277
0.00683429
0.000580861
0.00507551
0.0048981
0.000599537
0.00214856
0.000605199
0.00220235
0.00728559
0.00459004
0.00724467
0.00443324
0.00580158
0.00477142
0.00747168
0.00734271
0.00539389
0.00746522
0.00480233
0.00637252
0.00742844
0.00629232
0.00475253
0.00749475
0.00725271
0.00211117
0.00444893
0.00743207
0.00708959
0.00728776
0.00732724
0.00373789
0.00660672
0.00735846
0.00713903
0.00719798
0.000373919
0.00745572
0.00132908
0.0067017
0.0036941
0.00273572
0.000695414
0.00748448
0.000524885
0.00722192
0.00454953
0.00153676
0.00682242
0.00664424
0.00632254
0.00640901
0.00473665
0.00750445
0.00713838
0.00440046
0.00704605
0.00150675
0.000857941
0.00116004
0.000392423
0.00636394
0.00611438
0.00374563
0.00690108
0.00679668
0.000380996
0.00689084
0.00637203
0.00427496
0.00408641
0.00597262
0.00189829
0.0039765
0.00723372
0.00352456
0.00528467
0.00752435
0.00720403
0.00508708
0.00713167
0.00355285
0.0075245
0.00298204
0.00455847
0.00376733
0.00361163
0.00184213
0.000584696
0.00152834
0.00424446
0.00513252
0.00294029
0.0065443
0.00462176
0.00481649
0.00680458
0.00230738
0.00126379
0.00730701
0.00311154
0.00251083
0.00644389
0.00630862
0.00704012
0.0072804
0.00601534
0.0042275
0.00733898
0.00525215
0.00556767
0.00715177
0.00698559
0.00663487
0.00717058
0.00610995
0.00730614
0.00646815
0.00467899
0.00737048
0.00568829
0.00150315
0.00162002
0.000503197
0.00403
0.00726755
0.00582787
0.00735429
0.00434996
0.00475284
0.00611144
0.00406563
0.00677376
0.00738708
0.00181429
0.00750279
0.00692566
0.000633441
0.00339481
0.00723967
0.00677315
0.00613246
0.00404066
0.00713539
0.00459533
0.00507052
0.0048516
0.00514938
0.0035611
0.00384834
0.00339802
0.00608758
0.00587656
0.00682817
0.00332884
0.00661811
0.0068582
0.0069718
0.00293257
0.00349364
0.00666175
0.000457437
0.00291641
0.00393592
0.00753545
0.00502768
0.000939298
0.00247767
0.0017881
0.00236872
0.00173667
0.00574468
0.00339027
0.00347023
0.00410681
0.00472437
0.00309614
0.00590637
0.00306503
0.00249743
0.00192271
0.00198104
0.00472539
0.00438605
0.00338964
0.00454758
0.00282104
0.0035255
0.00519223
0.00468515
0.00581874
0.00550047
0.00696093
0.00708514
0.00506104
0.00528472
0.00399962
0.00397677
0.00386575
0.00123897
0.0017676
0.000207407
0.00289312
0.00260865
0.000417965
0.00410714
0.00503523
0.00226543
0.00488189
0.00465145
0.00475225
0.0044237
0.00397684
0.00444323
0.00677154
0.00487541
0.000878067
0.00129145
0.00209564
0.00641948
0.00652217
0.00258727
0.00242949
0.00708356
0.00347168
0.006693
0.00651489
0.00717361
0.00646494
0.00689552
0.00706791
0.00500515
0.00343543
0.0055746
0.00301865
0.00716983
0.00270041
0.00668487
0.00692608
0.00645448
0.0068525
0.00679909
0.0041493
0.00655656
0.00687654
0.00461338
0.00605795
0.0035575
0.00360149
0.00256462
0.00454289
0.00432449
0.00430725
0.00439238
0.00730545
0.00746453
0.00750199
0.00667619
0.00709701
0.00722804
0.00358986
0.00693521
0.00701535
0.00691953
0.00669329
0.00708191
0.00581821
0.00661512
0.00481211
0.00677265
0.00373391
0.0039109
0.00596297
0.00608153
0.00691836
0.00674488
0.00687765
0.00712253
0.00400225
0.00749964
0.00533336
0.00643717
0.00508279
0.00746938
0.00444169
0.00547205
0.00554763
0.00706094
0.00424629
0.00420345
0.00265235
0.00428879
0.00708695
0.00383633
0.0040873
0.00743445
0.00714632
0.00317672
0.0031356
0.00321919
0.00326555
0.00687808
0.000419839
0.000824905
0.000363714
0.000313928
0.00496648
0.00304365
0.00282366
0.00353794
0.00464107
0.00630544
0.00676634
0.00641841
0.00679721
0.00673907
0.00494633
0.00456744
0.00664984
0.00737515
0.00745677
0.00704425
0.00691758
0.00383612
0.00676277
0.00420844
0.00647951
0.00689144
0.007429
0.00743286
0.00747855
0.00750717
0.00616119
0.00635104
0.0054856
0.00746177
0.00529344
0.00117648
0.00187097
0.00133076
0.0071301
0.00729929
0.00744583
0.00733564
0.00499826
0.00578972
0.00710768
0.00667296
0.00176139
0.00751583
0.00547011
0.00565852
0.00563774
0.00349707
0.00353696
0.00283329
0.00434447
0.00286446
0.00476672
0.00464897
0.0030694
0.00431199
0.00495106
0.005534
0.00211359
0.00107231
0.00174197
0.000975254
0.00430368
0.00430399
0.00590162
0.00675513
0.0022637
0.00641802
0.00700752
0.00496479
0.00461891
0.00604204
0.00696158
0.00747854
0.00719108
0.00725742
0.00715572
0.00757115
0.0039542
0.00669527
0.00748385
0.00748088
0.00696349
0.00641129
0.00737081
0.00710448
0.0073436
0.00714857
0.00467586
0.00714775
0.00378541
0.00336165
0.00357004
0.0068715
0.00745582
0.0074054
0.00750146
0.00686616
0.00677968
0.00362267
0.0074308
0.0069227
0.00508222
0.00434339
0.00748685
0.0059226
0.00747812
0.00428976
0.00504019
0.00557957
0.00550414
0.00744904
0.00718898
0.00749957
0.00681612
0.00393412
0.00746646
0.00749321
0.00598739
0.00740476
0.0074465
0.00750805
0.0039125
0.00755909
0.00721421
0.00736635
0.00577186
0.0074174
0.00728968
0.00719625
0.00734693
0.00724206
0.00735235
0.00646645
0.00497867
0.00718439
0.00453954
0.00408514
0.00496039
0.0041567
0.00379297
0.00309333
0.000608789
0.00176988
0.00144205
0.00373824
0.00340929
0.0018809
0.0053335
0.00396353
0.00391671
0.00448801
0.00394262
0.00304793
0.0053781
0.00280558
0.00142573
0.00679669
0.00240168
0.00469695
0.00411649
0.00383111
0.00738847
0.00734397
0.00444508
0.00732054
0.0074188
0.00528865
0.00520791
0.00682568
0.00586884
0.00381428
0.00724714
0.00305146
0.00496055
0.00397686
0.00484179
0.00487733
0.00718275
0.00505733
0.00551545
0.00725666
0.00412029
0.00670366
0.00404695
0.00676427
0.00740857
0.00314004
0.00676957
0.00570676
0.007424
0.00743792
0.00751616
0.00746483
0.00408684
0.00710402
0.00324475
0.00279374
0.00175102
0.00222533
0.00419757
0.00411063
0.00689852
0.00417712
0.00491994
0.00417676
0.00313852
0.00751374
0.00303603
0.00752593
0.00748279
0.00221221
0.00184842
0.00443463
0.00542108
0.00717333
0.00192736
0.00594415
0.00603053
0.00729792
0.00406165
0.0067831
0.00532105
0.00585923
0.00603847
0.00594531
0.00608144
0.00752047
0.00716365
0.00414502
0.00337468
0.00639809
0.00737364
0.00502163
0.00618239
0.00604853
0.00743464
0.00744493
0.00745733
0.00697554
0.00517961
0.00694404
0.00455511
0.00730424
0.00321788
0.00392689
0.00382434
0.00541206
0.00731702
0.00493111
0.00391371
0.00518558
0.00737782
0.00614195
0.00480455
0.00545158
0.00754422
0.00412119
0.000376031
0.00260145
0.000390242
0.00108661
0.00317818
0.00631611
0.00740701
0.00747139
0.0061568
0.00748038
0.00071237
0.000334401
0.00640071
0.00397902
0.00437684
0.000474843
0.00150769
0.0025327
0.00251371
0.00739317
0.00150415
0.0018934
0.00135974
0.00129742
0.00740745
0.00668824
0.00583472
0.00467547
0.00670237
0.00747809
0.00703691
0.00714583
0.00689839
0.00592546
0.00446009
0.00733339
0.00712425
0.00748259
0.00634549
0.00689626
0.00704268
0.00715045
0.00746944
0.00631205
0.00659377
0.00733845
0.00744202
0.00724564
0.00706673
0.00713036
0.00687
0.00723874
0.00420593
0.00653515
0.00387876
0.00427059
0.00430918
0.00335308
0.00694485
0.00391281
0.00502974
0.00405219
0.007142
0.0052696
0.00539211
0.00550817
0.00423641
0.00745216
0.0046949
0.00688201
0.00725368
0.00640132
0.00728553
0.00387682
0.00749516
0.00683267
0.00531513
0.00744643
0.00417065
0.00116639
0.000453171
0.00648123
0.00508222
0.00655104
0.000367057
0.00725051
0.00406192
0.00566786
0.00695186
0.00593634
0.00716273
0.00685929
0.00744976
0.00743405
0.00472307
0.00684969
0.00577056
0.00705913
0.00358742
0.00338902
0.00512863
0.00409802
0.00718204
0.00358046
0.00628868
0.00498915
0.00652152
0.00656734
0.00708342
0.00733305
0.0072999
0.00711538
0.00146988
0.00317267
0.00736833
0.00247034
0.000751126
0.00693571
0.00695536
0.00606697
0.00181677
0.00272297
0.00278626
0.00257823
0.00108474
0.00181269
0.00211422
0.00181331
0.00476177
0.00708468
0.00743832
0.0067707
0.00674203
0.00691493
0.00686527
0.00689832
0.00394338
0.00672604
0.00302042
0.00358193
0.00408691
0.00442924
0.00559037
0.00338716
0.00531732
0.00371329
0.00732115
0.0073818
0.0044988
0.00634456
0.00611699
0.00604721
0.00403286
0.00723109
0.00703012
0.00723652
0.00718916
0.00669064
0.00678399
0.00679919
0.0068514
0.00742477
0.00384113
0.00484106
0.0048262
0.00671582
0.00324082
0.00275696
0.00720465
0.00746917
0.00741188
0.0051018
0.00447475
0.00525528
0.00728299
0.00743251
0.00666852
0.00719114
0.00739078
0.00747279
0.00743929
0.00606249
0.00706566
0.00732628
0.00473245
0.00534131
0.0039713
0.00622954
0.00665858
0.0035327
0.00465721
0.0067695
0.00428165
0.00711648
0.00730315
0.00715623
0.00723524
0.00698058
0.00683896
0.00642414
0.00318105
0.00726357
0.00485646
0.00377829
0.00470803
0.000994722
0.00437937
)
;

boundaryField
{
    outlet
    {
        type            calculated;
        value           nonuniform List<scalar> 0();
    }
    walls
    {
        type            nutkWallFunction;
        blending        stepwise;
        value           nonuniform List<scalar> 
630
(
0.000297498
0.000366758
0.000328836
0.000241067
0.000389356
0.000361602
0.000437519
0.000433882
0.000490742
0.000486837
0.000436838
0.000433222
0.000470203
0.000439536
0.000346383
0.000473099
0.000353238
0.000350162
0.00037327
0.000337137
0.000299772
0.000450496
0.000335461
0.000383714
0.000393164
0.000301311
0.00037094
0.000332315
0.000377951
0.000390942
0.00036176
0.000453983
0.000445818
0.000388257
0.000347642
0.000371845
0.000326662
0.000375736
0.000349869
0.000363936
0.000368332
0.000435876
0.000352891
0.000481652
0.000379873
0.000429411
0.000485262
0.00043723
0.000433681
0.000468771
0.000594234
0.000344165
0.000598167
0.000338092
0.000333751
0.00037423
0.00045153
0.000456244
0.000560678
0.000439165
0.000385252
0.00031808
0.000388485
0.000379851
0.000345745
0.000469433
0.000560663
0.000473639
0.000477738
0.00049155
0.000316066
0.000376911
0.000509447
0.000394764
0.00050541
0.000424594
0.000486766
0.0004762
0.00050094
0.000397955
0.000379426
0.000391334
0.000463288
0.000467013
0.000359674
0.000436698
0.00035557
0.000350829
0.000304571
0.000359534
0.000270586
0.000266801
0.000357264
0.000353809
0.000271238
0.000375831
0.000244216
0.000240313
0.000312818
0.000525321
0.000408488
0.000364633
0.000309775
0.000522579
0.000470662
0.000362418
0.000459866
0.000462455
0.00041155
0.000500914
0.000303131
0.000520319
0.000468058
0.000360538
0.000451606
0.00045752
0.000351774
0.000509105
0.000360537
0.000356619
0.000265833
0.000680022
0.000356834
0.000351993
0.000379203
0.000376058
0.000466502
0.000463896
0.000435955
0.000319219
0.000524324
0.000461391
0.000464828
0.000412372
0.000373203
0.000369258
0.000407928
0.000376725
0.000415652
0.000318177
0.000573675
0.000521998
0.000470785
0.000506033
0.000418413
0.000413319
0.00042872
0.000424572
0.000353046
0.000431873
0.000530507
0.000525996
0.000462201
0.000458632
0.000411016
0.000276564
0.000543099
0.000570137
0.000323942
0.000495916
0.000577223
0.000370556
0.000511215
0.000515543
0.000519311
0.000466831
0.000644842
0.000501501
0.000277569
0.00051599
0.000389362
0.000692259
0.000440482
0.000518977
0.00042521
0.000302774
0.000422439
0.000419514
0.000430301
0.000426067
0.000436178
0.0004337
0.000529512
0.00051474
0.000461364
0.0004577
0.000512298
0.000516119
0.000542563
0.000546985
0.00030785
0.000393773
0.000397357
0.000521753
0.000325733
0.000396
0.000407121
0.00039114
0.000333386
0.000384656
0.000390055
0.000427755
0.000547321
0.000344518
0.000347651
0.000449314
0.000446946
0.000529071
0.000451951
0.000534937
0.000532735
0.000515712
0.000512684
0.000441893
0.000439333
0.00062693
0.000423845
0.000541504
0.000544837
0.000443286
0.000446421
0.000337301
0.000430686
0.000549825
0.000560655
0.000513151
0.000534447
0.000510054
0.000513156
0.000341677
0.000399047
0.000450285
0.000522453
0.000456043
0.000453555
0.000532588
0.00052876
0.000426985
0.000421882
0.000439065
0.000430991
0.000389974
0.000393407
0.000530099
0.000557413
0.000523433
0.000527219
0.000345725
0.000515821
0.000538447
0.00056321
0.000416923
0.000423141
0.000524187
0.000399094
0.000451814
0.000447914
0.000453253
0.000449823
0.000432579
0.000429364
0.000425394
0.000435556
0.000433049
0.000429721
0.000474443
0.000320475
0.000415799
0.000419924
0.000535052
0.000519974
0.000532526
0.00053016
0.000528288
0.000357164
0.000403354
0.000566369
0.000555305
0.000317246
0.000411366
0.000533648
0.000563827
0.000444746
0.000387797
0.000470899
0.000484072
0.000446747
0.000475027
0.000452225
0.000449979
0.000456458
0.000452849
0.000571997
0.000459545
0.00041903
0.000409852
0.000414842
0.000307822
0.000506544
0.000511056
0.000497364
0.000538795
0.0005264
0.00032382
0.000383055
0.00052593
0.000493531
0.000529684
0.000499722
0.000545634
0.000489487
0.000475191
0.000472076
0.000450792
0.000446931
0.000457069
0.000453728
0.000461591
0.000459503
0.000353553
0.000511487
0.00051417
0.000549806
0.000494707
0.000502867
0.000505795
0.00048541
0.000390899
0.00038706
0.000565479
0.000559938
0.000570593
0.000614655
0.00038131
0.000386617
0.000663481
0.000479227
0.000581904
0.000586677
0.000475257
0.000503895
0.000481883
0.000589544
0.000514007
0.000508842
0.000512323
0.000489068
0.00048678
0.000318785
0.000296512
0.000322862
0.000477466
0.000299566
0.0004702
0.000481119
0.000392124
0.000474669
0.000397171
0.00039469
0.000263362
0.000433243
0.000396823
0.00039122
0.000334807
0.000401549
0.000341287
0.000338368
0.000305726
0.000504569
0.000300607
0.000443249
0.000513292
0.000439226
0.000510261
0.000446893
0.000303322
0.000420414
0.000326942
0.00032337
0.000473824
0.000381486
0.000471897
0.000466215
0.000453914
0.000450494
0.000432856
0.000456303
0.000387915
0.000467993
0.000399059
0.000393676
0.000336627
0.000333344
0.000441043
0.00049425
0.000433898
0.000296843
0.000436137
0.000447908
0.000479635
0.000444952
0.000396219
0.000377856
0.000412245
0.000661996
0.000469414
0.000502949
0.000497476
0.000451542
0.000506921
0.00046894
0.000318877
0.000554235
0.00043615
0.000541619
0.000559406
0.000546604
0.000434276
0.000484369
0.000487204
0.000566669
0.000480969
0.000533491
0.000536335
0.000563498
0.000482784
0.000411023
0.000441659
0.000472012
0.000365967
0.000379478
0.000374666
0.000448651
0.000388598
0.000321767
0.000453422
0.00044047
0.00032502
0.000507055
0.000503096
0.000527252
0.000510398
0.000481465
0.000435019
0.000438124
0.000610913
0.000430978
0.000486474
0.000374135
0.000352157
0.000349156
0.00038691
0.000514416
0.000448503
0.000391177
0.000481161
0.000476927
0.00053081
0.000526169
0.000495401
0.000393022
0.000433771
0.000439543
0.00045037
0.000278885
0.000389673
0.000393952
0.000437209
0.000369364
0.000384353
0.000514311
0.000425948
0.000422002
0.000476702
0.000646114
0.000522267
0.00051274
0.000387469
0.0004808
0.000695391
0.000351146
0.000433059
0.000435177
0.000384926
0.000492887
0.000394815
0.000430147
0.000354867
0.000473506
0.000384181
0.000390547
0.000387742
0.000361774
0.000368938
0.000365835
0.000514267
0.000378546
0.000390505
0.000604392
0.000394582
0.000314119
0.000379661
0.000498685
0.000403466
0.000406447
0.00043296
0.000437049
0.000553998
0.000399975
0.000534182
0.00042508
0.000579234
0.00042786
0.000420995
0.000469039
0.000309737
0.000428041
0.0005562
0.000380324
0.000473579
0.000547239
0.000364652
0.000477656
0.000374901
0.000545272
0.000602585
0.000475215
0.000492299
0.000486484
0.000496671
0.000404693
0.00041023
0.000436637
0.000421191
0.00035948
0.00039778
0.000401497
0.000400562
0.000442548
0.00055439
0.000551338
0.000428379
0.000432833
0.000397095
0.000382363
0.000354857
0.000591686
0.000445796
0.000508298
0.000445784
0.00049204
0.000607378
0.00034736
0.000415129
0.000432047
0.000506923
0.000397051
0.000530359
0.0004249
0.000447916
0.00050536
0.000501476
0.000427662
0.000431236
0.00042825
0.000384151
0.000448497
0.000373217
0.000502537
0.000389955
0.000435046
0.000431862
0.000434384
0.000393809
0.000415157
0.000420701
0.00037214
0.00030781
0.000313145
0.000310527
0.000423889
0.000419308
0.000395211
0.000427462
0.00040337
0.000399749
0.000197795
0.000447367
0.000210535
0.000361138
0.000274644
0.000209043
0.000443053
0.000365032
0.000201853
0.000411325
0.000364834
0.000212484
0.000549796
0.000544614
0.000420977
0.000554011
0.000427449
0.000424882
0.000392887
0.000644444
0.000397463
0.000481153
0.000412605
0.000367631
0.000450028
0.000453505
0.000489319
0.000491667
0.000361095
0.000476077
0.000541896
0.000500144
0.000485622
0.000493132
0.000482322
0.000643441
0.000650347
0.00048343
0.000541082
0.000486591
0.000490162
0.000476639
0.000486511
0.000647597
)
;
    }
    inlet
    {
        type            calculated;
        value           nonuniform List<scalar> 0();
    }
    model
    {
        type            nutkWallFunction;
        blending        stepwise;
        value           nonuniform List<scalar> 
129
(
0.000195294
0.000240201
0.000210778
0.000193407
0.000175623
0.000205251
0.000212886
0.000177291
0.000208841
8.3046e-05
9.0766e-05
3.54431e-05
8.34146e-05
7.81561e-05
6.94579e-05
8.48239e-05
7.38608e-05
4.13848e-05
9.21542e-05
9.09493e-05
8.91003e-05
0.000102311
3.8991e-05
9.06661e-05
8.14824e-05
9.79639e-05
8.08326e-05
8.11964e-05
7.63901e-05
9.29094e-05
0.000105778
0.000115128
0.000111271
9.15633e-05
9.76424e-05
0.000102946
0.000104712
0.000110314
8.3496e-05
7.69365e-05
0.000103402
0.000109609
7.91654e-05
8.89953e-05
0.000133938
5.73369e-05
6.16706e-05
6.46994e-05
6.95538e-05
6.64151e-05
6.06191e-05
7.34454e-05
4.39834e-05
6.42102e-05
4.87755e-05
4.8107e-05
7.85145e-05
7.7962e-05
8.56912e-05
8.54324e-05
7.20709e-05
7.2373e-05
9.97788e-05
7.49701e-05
7.19172e-05
0.000102973
7.54117e-05
0.000199662
0.000173643
0.00017571
0.000192712
0.000237125
0.000148402
0.000186572
0.000150403
0.000195447
0.000201701
0.000195644
0.000183403
0.000242283
6.99131e-05
7.18056e-05
7.53289e-05
7.82313e-05
8.71381e-05
6.8021e-05
6.92761e-05
0.000121774
0.000124317
8.38457e-05
9.23989e-05
9.0455e-05
9.39888e-05
7.81529e-05
9.4124e-05
7.8394e-05
8.20985e-05
0.00010813
0.000112481
8.33698e-05
0.000113874
0.000111803
0.000135802
0.000133012
0.000104005
0.000190138
0.000178621
0.000127721
0.000182047
0.00012997
0.000102117
0.000112074
0.000127218
0.000177741
0.00017838
0.000131142
0.000178174
0.000184414
0.000141757
0.000183547
0.000199744
0.000171083
0.000148404
0.000201446
0.000148967
0.000177957
0.000196452
0.000183525
0.000193405
)
;
    }
    procBoundary1to0
    {
        type            processor;
        value           nonuniform List<scalar> 
151
(
0.00738079
0.00674762
0.00681024
0.00746896
0.00749642
0.00329444
0.00355085
0.00484566
0.00514956
0.00723218
0.00442229
0.0069505
0.00546888
0.00739331
0.00444163
0.00398769
0.00737849
0.0052665
0.00721849
0.00724347
0.0033142
0.00399137
0.00647435
0.00412223
0.0070037
0.00632629
0.00647256
0.00723218
0.00472813
0.00737698
0.00407041
0.00759297
0.00647256
0.00679791
0.00689907
0.00335796
0.00385107
0.00415595
0.00424808
0.00627551
0.00458079
0.00635173
0.00659784
0.00726257
0.00745176
0.00360125
0.00392467
0.00710721
0.00530224
0.00739237
0.00730485
0.00745954
0.00745954
0.00749549
0.00351186
0.00742003
0.00754352
0.00754535
0.00546253
0.00641845
0.00753057
0.00750412
0.00380472
0.00720985
0.00742888
0.00747226
0.00662128
0.00519816
0.005509
0.00746256
0.00669687
0.00641845
0.00736855
0.00746027
0.00749771
0.00609905
0.00391629
0.0051697
0.00314635
0.00337003
0.00604744
0.00376698
0.00728952
0.00738031
0.00665954
0.00382822
0.00698395
0.00418079
0.00303655
0.00483279
0.00392666
0.00469901
0.00636617
0.00413204
0.00721734
0.00468349
0.00753135
0.00752199
0.00532713
0.00736512
0.00277497
0.00728463
0.00562315
0.00562315
0.00609492
0.00567367
0.00750564
0.0075298
0.00754469
0.00667468
0.0044863
0.00691027
0.00753882
0.00729764
0.00464909
0.00467128
0.00757275
0.00724578
0.00563761
0.00317515
0.00746037
0.00572315
0.00400494
0.00729912
0.00753159
0.00365036
0.00740636
0.00698328
0.00378467
0.00749872
0.00707925
0.00747989
0.0057939
0.00749021
0.00722714
0.00347004
0.00610029
0.00740153
0.00739541
0.00749176
0.00717259
0.00451945
0.00745166
0.00752616
0.00708558
0.00501972
0.00395844
0.00402363
0.00748505
0.00735537
0.00518694
)
;
    }
    procBoundary1to2
    {
        type            processor;
        value           nonuniform List<scalar> 
103
(
0.00603851
0.00495905
0.00183069
0.0027644
0.00110867
0.00656259
0.00662861
0.00620729
0.00426994
0.00501345
0.00186777
0.00428414
0.00533987
0.00598299
0.00663523
0.00548461
0.00659443
0.0033981
0.00656941
0.00651136
0.00640889
0.00598066
0.0018627
0.00572332
0.00520495
0.00692472
0.00663397
0.00155142
0.00197925
0.00463148
0.00602222
0.00652362
0.00271991
0.00333177
0.0070004
0.00671116
0.00407728
0.006128
0.00234265
0.00398894
0.00219582
0.00634646
0.00661138
0.00237806
0.00579901
0.00554121
0.0061429
0.00698193
0.00417281
0.00530309
0.00687069
0.00339528
0.00630467
0.00599505
0.0053059
0.00630952
0.00318828
0.00603005
0.00290104
0.00565598
0.000524803
0.00380392
0.00685204
0.00168832
0.00174456
0.00558738
0.00604612
0.00595364
0.00475347
0.00549187
0.00208392
0.00603005
0.00468952
0.00344095
0.00238021
0.00594325
0.00437061
0.00651136
0.00659966
0.0038396
0.00200045
0.00595393
0.00603224
0.00277858
0.0028781
0.00609689
0.00448211
0.00507263
0.00469908
0.00559259
0.00209966
0.00610682
0.0064991
0.00658008
0.00592209
0.00380384
0.00290652
0.00397101
0.0060728
0.00363829
0.00363829
0.00434695
0.0068843
)
;
    }
    procBoundary1to3
    {
        type            processor;
        value           nonuniform List<scalar> 
15
(
0.00351042
0.0018517
0.00222859
0.00218259
0.00203378
0.00196215
0.000351335
0.000678755
0.000678755
0.00188627
0.00436144
0.00193351
0.00229252
0.00196543
0.00434934
)
;
    }
    procBoundary1to4
    {
        type            processor;
        value           nonuniform List<scalar> 
43
(
0.00710439
0.00339481
0.0026855
0.00711132
0.00318252
0.00308762
0.00691858
0.00706736
0.00708734
0.00588848
0.0050105
0.00578768
0.00379674
0.00692205
0.00690354
0.00295765
0.0044377
0.00341878
0.00606595
0.00683074
0.00491413
0.00539169
0.00498883
0.00433282
0.00379674
0.00517807
0.00264489
0.00704245
0.00518556
0.0068065
0.00342204
0.00677319
0.00702763
0.00712353
0.00447495
0.00708054
0.00657692
0.00684009
0.00668494
0.00696305
0.00512747
0.00702686
0.00519097
)
;
    }
    procBoundary1to5
    {
        type            processor;
        value           nonuniform List<scalar> 
57
(
0.00182501
0.00442779
0.00031643
0.00332542
0.00150555
0.000908014
0.000589086
0.00228525
0.0018671
0.0019727
0.00426185
0.00213364
0.00611542
0.00608893
0.00209097
0.00660604
0.0010333
0.000636902
0.00311623
0.00403273
0.00293917
0.00217732
0.0025656
0.00134113
0.00214399
0.000610511
0.000610511
0.00289429
0.00252542
0.00241106
0.00376928
0.00643094
0.00302163
0.0046435
0.00345599
0.00117552
0.00505342
0.00119482
0.000839533
0.00137351
0.00314109
0.0049818
0.00661872
0.00326979
0.00356278
0.00641263
0.00676078
0.00297995
0.00629427
0.0024296
0.00625885
0.00472291
0.00519625
0.000908539
0.00353162
0.00491792
0.00359381
)
;
    }
    procBoundary1to7
    {
        type            processor;
        value           nonuniform List<scalar> 6(0.0024598 0.00182858 0.00319507 0.00517571 0.0019981 0.00161118);
    }
    procBoundary1to8
    {
        type            processor;
        value           nonuniform List<scalar> 
109
(
0.00713789
0.00350138
0.00178509
0.00512411
0.0038234
0.00235685
0.00257376
0.0038284
0.00335304
0.000583091
0.00398077
0.00503802
0.00696109
0.00247687
0.00446799
0.00689938
0.00625934
0.000337565
0.00051924
0.000816171
0.000304481
0.00356629
0.00475231
0.00402512
0.00608043
0.00215566
0.00200552
0.00629274
0.00443479
0.00254742
0.00284864
0.00280186
0.00350138
0.00443977
0.00363351
0.00657784
0.00402473
0.00440968
0.005327
0.00626806
0.00617106
0.00467163
0.00699886
0.00209172
0.00192022
0.00211131
0.00435572
0.00387719
0.00192101
0.00206583
0.00257376
0.00212516
0.00389052
0.00285889
0.00679198
0.00326921
0.0015918
0.0071929
0.00690676
0.00216079
0.00615958
0.00155962
0.00649243
0.00399182
0.00474773
0.00196044
0.00721639
0.000967538
0.00186293
0.00410232
0.00564365
0.000860278
0.00249823
0.00352163
0.00611092
0.00166002
0.00233635
0.00459033
0.00531131
0.00437893
0.000721061
0.00536375
0.0044917
0.00246322
0.000426071
0.00229636
0.00439377
0.00587598
0.00611092
0.00166002
0.0044917
0.00275948
0.00662226
0.00501882
0.00131391
0.000668776
0.00558993
0.00611007
0.00192022
0.00507717
0.00481785
0.00298104
0.00293715
0.00249688
0.00229036
0.00447922
0.00263282
0.00626259
0.00350236
)
;
    }
    procBoundary1to10
    {
        type            processor;
        value           nonuniform List<scalar> 
67
(
0.00444753
0.00331084
0.00192991
0.00462445
0.00734956
0.00726693
0.00727154
0.00258075
0.00403382
0.00293413
0.00716207
0.00675686
0.00723596
0.007122
0.00724189
0.00436176
0.00435967
0.00606445
0.00728415
0.0073361
0.00333879
0.00510053
0.00454195
0.00579452
0.00732728
0.00382889
0.00382889
0.00686237
0.00605484
0.00735437
0.00444549
0.00389402
0.00661264
0.00539156
0.00371105
0.00487358
0.0074034
0.00563714
0.00622537
0.00693692
0.0066109
0.00680081
0.00727458
0.0058829
0.0048179
0.00707774
0.00711354
0.00522251
0.0072276
0.00475256
0.00680081
0.00737723
0.00739488
0.00742224
0.00731272
0.00587406
0.00521146
0.00521146
0.00386905
0.00477902
0.00464224
0.00718276
0.00483059
0.0067752
0.00716543
0.00433235
0.00408221
)
;
    }
}


// ************************************************************************* //
