/*--------------------------------*- C++ -*----------------------------------*\
| =========                 |                                                 |
| \\      /  F ield         | OpenFOAM: The Open Source CFD Toolbox           |
|  \\    /   O peration     | Version:  2506                                  |
|   \\  /    A nd           | Website:  www.openfoam.com                      |
|    \\/     M anipulation  |                                                 |
\*---------------------------------------------------------------------------*/
FoamFile
{
    version     2.0;
    format      ascii;
    arch        "LSB;label=32;scalar=64";
    class       surfaceScalarField;
    location    "0.0948794";
    object      phi;
}
// * * * * * * * * * * * * * * * * * * * * * * * * * * * * * * * * * * * * * //

dimensions      [0 3 -1 0 0 0 0];

oriented        oriented;

internalField   nonuniform List<scalar> 
7240
(
0.0221301
-0.0395647
0.0429023
-0.0254677
0.0193836
0.0096807
-0.0252791
-0.00378529
0.0321831
-0.0255049
0.0127054
0.00467868
-0.0414432
-0.034338
-0.0399113
-0.00252715
-0.0394911
0.0110278
-0.0547821
-0.0540117
-0.00259035
0.0548056
0.00179649
0.0502745
0.0601383
-0.0719781
-0.0384347
-0.0326028
0.0511442
-0.0580325
0.0314199
-0.0636491
-0.000373581
0.0609673
-0.0601946
-0.0322574
0.0314847
-0.131128
0.0325502
0.0294817
0.0690959
0.0148254
-0.0621727
0.0375363
0.00981095
0.0602711
0.00927268
-0.0547184
-0.0683652
0.0428577
0.0621364
-0.0366288
-0.047496
0.0733751
0.0395503
-0.0654295
-0.0383149
0.0840467
-0.0462329
0.000501024
-0.0547913
0.0273748
0.0109624
0.0164542
-0.0124616
0.0257471
0.0374251
-0.0507105
0.0418967
-0.0765802
-0.0278472
0.0625307
0.0443489
-0.0330269
-0.0681335
0.0568115
-0.0180506
0.0494766
-0.116151
0.0847246
0.0708827
0.0169854
-0.0315856
-0.0562824
-0.059163
-0.0340978
0.00787758
0.0853832
0.0117777
0.00586866
-0.0965312
0.0788848
-0.0734466
0.0168087
0.0834448
-0.0268069
0.0187873
-0.097962
0.0759032
0.00327155
-0.024798
0.0600988
-0.0524395
0.0171387
-0.0707587
0.000564895
0.0701938
-0.0367006
-0.00163368
0.0325259
0.0187046
-0.0636921
-0.0723386
-0.0163902
0.00639784
0.0823309
0.0272452
0.170991
-0.0854088
-0.0578705
-0.0277113
-0.0183547
0.119326
-0.0435445
-0.0574263
-0.0123392
-0.0353184
0.0553552
-0.00769754
-0.05337
-0.013903
0.0549338
-0.0897601
0.105634
-0.0503135
0.0344394
-0.0574592
-0.0035239
-0.0136273
0.0746104
0.135403
-0.0538573
-0.00242412
-0.0791212
-0.000741703
-0.0863563
0.00344709
-0.0518321
0.0372942
0.0518069
-0.037269
0.0722332
0.0393865
-0.0719727
-0.039647
0.00368436
-0.00765595
-0.0373229
0.0412945
-0.0168767
-0.0448907
0.0617674
-0.00416087
0.0308868
-0.0230415
0.00618464
0.0279123
-0.0417529
0.0978856
-0.0907258
-0.00215448
-0.00500536
-0.0214162
0.101598
-0.0184829
-0.061699
-0.14321
0.00196513
0.00380156
0.137443
0.0304709
0.0123563
-0.0411109
-0.00171631
0.0400425
-0.0571633
0.0204348
-0.00331402
-0.0146733
-0.00112025
-0.0120846
0.0477327
0.000348671
-0.0359968
0.00511625
0.0964351
-0.0935883
-0.00796312
-0.0483849
-0.000471871
0.0367721
-0.0483019
-8.29065e-05
0.110807
0.0441715
-0.136996
-0.017983
0.0184538
-0.116205
-0.0226697
0.120421
-0.0528753
0.0527435
0.000131737
-0.0104595
0.0762209
-0.0720097
0.00624836
-0.0603003
-0.0030345
-0.0172195
0.00402975
0.0472778
-0.034088
0.0483307
0.0897064
-0.0381518
-0.0998853
-0.0126368
-0.0441474
-0.0727654
0.00342256
0.0671103
0.00223252
0.0390036
0.038276
-0.0772796
0.0190869
-0.0599126
0.0281888
0.0643752
0.0567331
-0.0396798
-0.0814285
0.00583542
-0.087335
0.0826721
-0.00117257
0.0201926
0.0478607
-0.0489663
-0.0468502
-0.0498493
-0.0150026
-0.0222429
0.0870948
-0.0499344
8.50815e-05
0.0116063
0.01674
0.0166777
-0.0450239
-0.0385775
0.0418793
-0.0648753
0.0615735
0.00120131
-0.0499447
-0.0304952
0.0416355
0.0157237
0.033476
-0.0908352
0.103858
-0.10834
0.043486
0.0609073
-0.00622785
-0.0184938
-0.0361857
-0.0930431
-0.00752319
0.0117674
0.00120276
-0.0531658
-0.0102938
0.0622568
0.0457949
0.028598
-0.102045
0.0276517
0.0162222
-0.142329
0.0914526
0.0346541
0.00138409
-0.061763
-0.00392203
0.0520026
0.000433185
-0.107227
-0.0484904
0.0443992
0.0499853
-0.0458941
-0.0423223
0.0818187
-0.0394963
0.05377
-0.0721131
0.0830658
-0.0647226
0.0148655
-0.0438949
-0.0194609
0.0344367
-0.03437
-6.67799e-05
0.0493022
0.133348
-0.119534
0.0378281
-0.0516425
0.0106806
-0.0465914
-0.0108167
0.0467274
0.0507739
0.00859651
-0.0511875
-0.00818296
0.0661385
-0.0377859
-0.0526541
0.0243014
0.0268165
-0.0938096
0.0897055
-0.0227124
-0.0114776
0.0482111
0.0140409
-0.0507743
0.0838859
-0.00456102
0.0510751
-0.1304
-0.067169
0.0589382
0.0742565
-0.0660257
-0.0774499
0.0753272
0.00212272
0.0603234
-0.000764261
-0.0595591
-0.0111273
0.123469
-0.000399069
-0.111942
0.00984038
-0.0310294
0.0327953
-0.0237337
-8.96729e-05
-0.0562307
-0.0675311
0.0114929
0.066317
-0.0102788
0.0554594
-0.0094508
-0.022534
-0.0234746
0.0362441
-0.00535502
-0.0364307
0.00554167
8.40102e-05
0.0667098
-0.000195313
-0.0665985
0.00758085
-0.0709412
0.0190854
0.0442749
-0.0428139
-0.0318375
0.0416555
0.0329959
0.0489704
-0.0587968
0.0473444
-0.037518
-0.0626868
-0.00685378
-0.00794636
-0.0281167
0.0628348
0.0787555
-0.113474
0.0301465
0.0474882
-0.0602112
-0.0174235
0.0119097
-0.0754967
-0.0215724
0.0851594
0.000830711
0.101772
-0.000935293
0.0232466
0.00741491
0.00470708
0.0924126
-0.0971196
-0.0339702
-0.0871294
0.0274536
0.093646
0.0218508
0.0613601
-0.0244279
-0.058783
-0.0644701
-0.000806076
0.0199362
0.0453399
0.000220976
0.0607287
-0.0609497
-0.042659
0.0470263
0.125842
-0.130209
0.00370398
0.0525074
-0.00407465
-0.0521367
0.0483762
-0.0694822
0.060059
-0.0389529
0.0319119
-0.036546
0.0486859
-0.0440518
0.0012389
-0.0443306
0.0533107
-0.053672
-0.0361846
0.0968925
0.01762
-0.02406
-0.0904524
0.0277554
-0.0497944
-0.00324
0.0287624
-0.0265119
-0.0867034
0.00261055
0.020299
0.00332679
0.049514
-0.04304
0.0290071
0.0102476
-0.0825549
0.095598
-0.0130431
0.0464915
-0.0489159
0.0544269
-0.037474
-0.00720122
-0.044716
-0.0864153
0.0036322
0.0827831
0.0407069
0.0124149
-0.0986327
0.105623
0.00669555
-0.0136854
0.00181287
-0.0042005
0.0874002
-0.0850125
-0.0407538
0.0245646
0.0405959
-0.0244067
0.0537237
0.0206535
-0.0721327
-0.0022445
-0.123517
-0.0432034
0.0398524
0.126868
0.0482344
-0.0375538
-0.0319289
-0.0377048
-0.0311159
0.10075
-0.0310643
-0.0808455
0.0289148
0.082995
-0.0296449
-0.028412
0.0205828
-0.00571489
0.00561506
0.0253312
-0.077509
-0.0856722
0.13785
0.0571514
-0.0601487
0.0479794
-0.0449821
0.0870118
-0.0864952
-0.0187427
0.0182261
0.026633
0.0219052
-0.0633957
0.0148576
-0.127438
0.0739476
0.0183944
0.035096
0.00875764
-0.0475976
0.0809986
-0.0421586
0.037182
0.00811298
0.0269382
-0.00513672
0.04637
0.0529457
-0.0941789
0.0618598
0.0170921
-0.0923502
0.0133984
-0.0181713
0.000197573
-0.0515195
0.0694932
-0.0778605
0.0386608
0.0391997
0.0465195
-0.0545466
0.00802708
-0.0602685
0.0335443
0.0450341
-0.01831
-0.0190592
-0.0154484
-0.00913659
0.0436442
-0.0529688
0.000657129
0.0332525
-0.000225299
0.0764092
-0.000413666
-0.052858
0.113819
-0.00909878
0.0229601
0.0702306
-0.0840918
-0.0126808
0.0334804
0.0552276
-0.0352492
-0.0534588
0.0119105
0.159653
-0.180038
0.00847531
-0.0544624
-0.0451901
-0.0656982
0.165351
0.0495735
-0.0553659
0.00579239
-0.0729532
0.135187
-0.0716846
0.0329272
-0.0299362
0.0862043
-0.00340464
-0.0691379
-0.0136618
0.0693693
-0.0695393
0.0117773
-0.0116073
-0.0109
0.0319843
-0.0425644
0.0214801
0.011736
-0.0382479
-0.000728159
-0.00262438
-0.0780153
-0.00340239
0.0582877
-0.0819637
0.0270784
0.0790496
0.0125615
0.00226109
-0.0938722
0.00502419
-0.000908102
-0.0689531
0.0648371
-0.110352
0.0964552
-0.087618
0.101515
0.0492149
-0.0026108
0.00112861
-0.129709
0.00251767
0.0743338
0.0389618
-0.000866149
-0.0852722
0.0471765
-0.0379413
0.0476368
0.0461772
-0.0558727
-0.0669871
0.0899642
-0.152708
0.129731
-0.0118337
0.0106149
-0.0367225
0.0121965
-0.0461464
0.0343482
-0.0529978
0.00681595
0.0247403
-0.00719967
-0.0251493
0.00760871
-0.00807677
0.0144198
0.018368
-0.0321323
0.0385046
-0.114327
-0.0148652
0.0267089
0.102483
0.0570303
-0.0341935
0.0278485
-0.0506854
-0.017035
-0.0370608
0.108536
-0.00700552
-0.112657
-0.0262903
0.0555527
-0.0462973
0.0392642
-0.12218
0.0153422
0.0675734
0.00369202
0.0492695
-0.0830018
0.0891366
-0.0554043
-0.0959472
0.096126
-0.0074968
0.00731805
0.0891698
0.000453434
-0.0170171
-0.0726062
-0.000869607
0.0546396
0.0238678
-0.126958
0.105444
-0.00235407
-0.0709793
-0.000265901
0.0712452
-0.0535269
0.000111815
0.053415
-0.0541812
0.0624589
0.0782198
-0.0864975
-0.0677746
0.0497327
-0.0542967
-0.0748193
0.0700973
0.00774962
-0.00302759
0.0575332
-0.050527
-0.0557756
0.0487695
-0.0313546
-0.0708683
0.110922
-0.00869914
0.0620814
-0.087534
0.0641428
-0.0386902
-0.0835811
0.0189198
0.000430458
0.0499138
-0.06721
-0.016674
0.0252397
0.1026
-0.00305872
-0.124781
-0.056621
-0.0352208
-0.0703763
-0.00945465
0.0199184
0.0875854
-1.06e-05
-0.0875748
0.0570176
-0.00503401
0.0356018
-0.0180847
0.0411691
-0.0638382
0.058572
-0.0710745
0.0662262
0.0793551
-0.0793657
0.0524106
0.00329823
0.00451821
-0.0602271
0.0532872
0.0605394
-0.061416
0.0270793
-0.0712229
0.0583732
-0.0142296
0.0133972
-0.0409125
-0.112958
0.0111297
0.0396559
-0.0123574
-0.0449541
0.00816201
-0.0591662
-0.00371416
0.0417529
-0.0178662
-0.0272888
0.00796475
-0.0491188
-0.00824384
0.0684514
-0.0110887
0.0121645
0.0818921
-0.0701888
-0.0379368
0.0535047
-0.0546997
0.0391318
-0.0577023
0.0630332
-0.0782515
0.0729206
-0.0354383
0.000119885
0.00792261
-0.0656249
0.00317145
-0.0441366
0.00302832
0.0354976
-0.0333736
0.00104745
5.92481e-05
0.00025457
-0.0108034
0.0477365
-0.00137145
-0.0355616
0.0376945
-0.0477132
-0.000784698
0.0376883
6.11168e-06
-0.0363069
-0.00670824
0.0165586
0.0264565
-0.0364584
0.000346408
-0.000194911
-0.0321023
-4.98776e-05
0.0321522
0.0164983
-0.045777
-0.00282351
-0.00036951
-0.0195906
-0.057184
0.0524603
-0.0178102
0.0571307
0.000114154
-0.0279094
0.0158293
-0.0615939
-0.0168915
-0.094599
-0.0119012
0.0475021
-0.0520936
0.00392709
0.000664413
-0.0811623
0.04792
-0.0647911
-0.0656315
0.0492603
-0.0475881
-0.000713812
-8.60584e-05
0.0124185
-0.0450144
0.0349216
-0.00232572
-0.0340234
0.0484307
-0.00198876
-0.0262943
-0.0229955
0.0042754
-0.0339502
-7.32851e-05
0.0444538
-0.0590668
0.0221938
0.0195727
0.0562659
-0.0313848
-0.00612634
0.00982083
-0.0740708
-0.0600793
-0.0602374
0.000158029
-0.0453167
0.0453446
-2.79026e-05
0.00362512
-0.0481442
0.0463209
-0.00180178
0.0403862
0.0264306
-0.0363459
-0.000299028
-0.0904452
-0.0524656
-0.0399482
-0.00174341
-0.0481277
-0.00960835
0.0497667
-0.0663471
0.0148562
0.00172416
-0.0527927
-0.0504411
0.0882312
0.106998
-0.118155
-0.000167721
-0.0339362
0.0356677
-0.0508504
0.000973114
0.0553123
0.118087
0.00191263
-0.118385
-0.00161453
0.0732757
-0.0788571
-0.0573396
0.0629211
-0.0564067
0.0564484
-4.16387e-05
-0.0702029
-0.0117341
0.0255302
0.00612728
-0.0408694
0.0347421
-0.0386276
0.0583103
-0.0696274
0.0122954
-0.0897453
0.0953113
-0.0285365
-0.0696389
0.00286402
-0.0538077
0.0692038
-0.00503029
-0.0103659
0.0805136
-0.0586628
0.0483664
-0.00820518
-0.0401612
-0.0784679
-0.0173043
0.0482762
-0.0471133
-0.00265318
0.0763995
0.0730448
0.0364499
-0.0665475
-0.0429472
-0.0434089
0.0319313
0.0478041
0.053533
-0.0228392
-0.0792715
-0.000875942
0.0785504
0.00159701
-0.0995945
-0.0119439
0.0154625
0.0960758
0.059118
0.000568842
0.0497669
-0.043035
-0.00730078
0.0329994
-0.0290704
0.0668794
-0.0708084
0.00606976
-0.0426748
-0.042839
0.0288898
0.026447
-0.0553368
-0.00528384
0.0686947
0.0267459
-0.0901567
0.0770841
-0.0607477
-0.0541263
0.0377899
-0.0637272
-0.0256251
0.0835006
0.00585162
0.0385847
0.0376418
-0.0762266
0.0569932
-0.0589205
0.0935797
-0.0916524
-0.0320746
0.0490205
-0.0169459
-0.0521406
0.0351668
-0.0774726
0.00836963
0.000464606
-0.00149177
-0.041183
0.120092
0.00418596
0.0138723
-0.0247052
-0.0409499
0.00685828
0.062448
0.00284573
-0.0652937
0.0094349
-0.0267872
-0.0383386
0.0556909
0.0262501
-0.0213491
-0.0880876
-0.0723751
-0.0929669
0.0675727
0.0977692
0.0451147
0.0675657
-0.108226
-0.00445466
-0.0790414
0.038108
-0.05112
0.0175838
0.00389132
0.0168304
-0.121186
0.0803357
0.0240197
0.0797646
-0.0227342
-0.000921
-0.0803014
0.0870579
0.0319925
-0.0859326
0.0499843
0.000166813
0.00502488
-0.055176
0.0121937
0.0162292
-0.103682
0.0752593
0.0895396
-0.0853382
-0.0042014
0.0593693
0.00274265
0.011814
-0.073926
-0.156584
0.0110599
0.157434
-0.00439628
-0.0201333
-0.0315512
-0.0371571
0.0318992
0.0439155
-0.0386576
0.0303621
0.01956
0.00829346
-0.0582156
-0.0382454
-0.0407961
0.0830921
-0.0115852
-0.0715069
0.0376369
-0.0444319
-0.00492222
-0.0417204
0.0239952
0.0343224
-0.0134372
-0.0448805
0.0794156
-0.00430984
0.0357016
-0.0662241
0.0670548
-0.0351835
-0.0355539
0.0707374
-0.104404
0.104005
-0.00615579
0.00655434
0.0370777
0.00647757
-0.000314924
-0.0369632
0.0372781
0.0314271
-0.0180266
-0.0381058
0.0536133
-0.048646
0.0739531
-0.0789205
-0.0160563
-0.0584115
0.0976157
-0.0231479
0.0264001
0.000261045
0.066065
-0.0927262
0.0247036
-0.0760363
0.0323666
-0.0136662
0.0474382
0.0101222
0.0397916
-0.0653799
0.00138959
0.0639903
0.0115191
-0.00587103
0.0735401
-0.0791881
-0.0922454
0.012018
0.125213
-0.0449857
-0.104627
0.0981422
-0.006158
0.0126426
-0.0567356
0.031396
0.0583736
-0.033034
0.0290033
0.047047
-0.0151829
-0.0608674
-0.0501432
-0.101108
0.09463
-0.0348764
0.0611127
0.0606071
-0.0868434
0.0958492
-0.00101951
-0.100997
0.00616728
0.0477761
3.24098e-05
-7.19741e-05
-0.10981
0.0295303
0.126422
-0.0461422
-0.104814
-0.113705
0.0998929
0.118625
-0.0685696
0.0784635
0.0695674
-0.0794613
-0.0652622
0.045547
0.0651133
-0.0453981
0.0987091
-0.112734
0.0168332
-0.00280849
0.0857515
0.000883323
-0.000853484
0.0709433
0.0249688
-0.035691
-0.0602211
-0.000240035
-0.0649531
0.0584171
-0.0398671
0.0395783
-0.0581283
-0.083494
-0.00227455
0.110127
-0.0243584
-0.110415
0.114451
0.0272539
-0.0312904
0.0135975
0.0808819
-0.0673559
-0.0271235
0.0631278
-0.0629961
-0.000131643
0.0467194
0.00164706
2.18238e-06
0.0282892
0.0191354
0.000351442
-0.0619999
-0.0573288
0.0725937
0.046735
0.0574681
-0.0585473
0.0441262
-0.0698236
-0.0547621
-0.0281441
0.0385163
-0.0408441
0.005626
-0.0270776
0.0643402
-0.00939911
0.0160193
-0.0709603
-0.0409438
-0.0499344
-0.000308772
-0.0352052
7.71523e-05
0.0351281
0.0375534
-0.0708489
-0.00190975
0.0121675
-0.0131914
0.0385773
0.0377208
-0.0376835
0.0663013
-0.000328597
3.72585e-05
-0.0918335
0.0645206
0.0650151
-0.0377022
0.00324013
0.0474395
0.00972744
-0.0604071
-0.0704807
7.84433e-05
0.0704023
-0.0121831
-0.053646
0.0615566
0.00427248
-0.0620262
0.0892809
0.0685945
0.0043011
0.00362301
0.0839147
-0.108887
-0.0595807
0.0595362
0.00292419
-0.00287971
0.0560851
0.000363322
0.046054
-0.000341094
0.0103722
0.0460947
-4.07231e-05
0.017637
0.0577638
-0.0754008
-0.119913
0.00869155
0.048379
-0.029463
-0.0763752
0.0960373
-0.083025
0.0620069
-0.0750193
2.81487e-05
0.0483509
0.0476548
-0.00196357
-0.0751543
-0.0104995
0.0472261
-0.038098
-0.0575007
-0.00499075
0.0624914
-3.01999e-05
0.047685
-0.00881496
0.0654695
0.0194594
0.0942149
-0.047526
-0.000379282
0.0479052
0.136329
-0.0048151
-0.129701
-0.000289233
0.0480873
-0.0477981
-0.00027818
-0.0474826
0.0477608
0.0679169
0.00914541
-0.0185433
-0.058519
-0.006124
0.0819704
0.0447674
0.0163228
0.0769767
-0.000721563
-0.0925779
-0.0727627
0.00865675
0.0778426
-0.0137367
-0.0636225
-0.013647
0.0544568
0.0228127
-0.0568067
-0.0081341
0.0632491
-0.0654
0.00666911
-0.0842012
-0.0345806
0.0585547
0.0267256
0.00184113
0.0346823
-0.0204667
-0.0464764
-0.0144051
-0.0148945
0.0373741
-0.0316162
-0.0398271
0.0255898
0.000177006
-0.000669378
-0.0331966
5.59454e-05
-0.06349
0.0152067
-0.0243617
-5.33039e-05
-0.0001386
2.07068e-05
-0.00244076
0.0283796
-0.0489071
0.0229683
-0.0482157
0.0279647
0.0352947
-0.0602804
0.0533251
-0.0283394
-0.0033519
-0.0828537
0.01521
-0.0508184
-0.000313708
-0.0373807
-0.051148
0.0208621
-0.13774
0.0338527
0.0442874
-0.00532557
0.0152201
0.00499644
0.0204915
-0.0407081
-0.00040147
-0.0719151
0.0723165
0.0455203
-0.00690645
0.0106011
0.00201189
-0.00463583
-0.0113337
0.0447931
-0.0331108
0.0379363
-3.55827e-05
-0.0379007
-0.0578584
0.0134589
0.0618128
-0.0174132
0.0350451
-0.0468506
0.05588
0.00274236
-0.0586224
0.0253235
0.0427223
-0.102922
0.0267594
-0.068452
0.0129728
0.0287197
0.0270976
-0.0307506
-0.0525147
0.0561677
0.0299099
-0.00841686
-0.0925042
0.0710111
0.053391
-0.0525287
0.036674
0.00527644
0.106932
-0.0703121
-0.0207834
-0.0487889
0.0487591
2.98194e-05
0.0757258
-0.0513939
0.0645489
-0.0653646
0.000815627
-0.0150587
-0.0275582
-0.0638476
-0.0520383
-0.0280439
-0.0121087
-0.0732796
0.113432
0.0662289
-0.0555962
-0.00315451
-0.00747817
-0.0879285
0.00280995
0.0871594
-0.00204082
0.0666418
-0.000412934
-0.0318773
-0.0144568
0.0868205
-0.0404865
-0.00439452
-0.0666233
0.0691505
0.00186729
-0.0718006
-0.00261665
0.0700227
0.000877676
-0.0570326
0.059859
0.0182017
0.0752191
-0.0200615
-0.0639592
0.00371478
-0.027441
-0.0202454
-0.0819415
-0.0246333
0.0259072
0.0806676
-0.00191678
0.00348296
0.053855
-0.058134
0.00236228
-0.038252
-0.0216113
0.0248471
0.043625
-0.0468607
0.0126936
0.0117508
-0.0460558
-0.037249
0.0226538
-0.0431065
-0.0048494
0.0485559
-0.0948266
-0.0449759
0.0191513
-0.0181932
0.0440177
0.000241328
-0.000274723
-0.0449425
-0.037033
-0.0354925
-0.0212061
0.0185213
0.0485801
-0.0294288
-0.000210379
0.0520496
-0.07658
0.0247407
0.0337943
0.00872637
0.0060268
-0.0485475
0.00562034
-0.0357174
0.00978917
-0.00884441
-0.0396024
-0.0303589
-0.037619
0.0713524
0.0502698
-0.0146012
-0.0919165
0.0562479
0.0460189
-0.0790587
-0.0061281
-0.0337203
-0.00426627
-0.0106965
0.0084033
0.0863562
-0.100514
-0.0494646
0.0573776
-0.0278281
-0.0504447
-0.00666136
-0.0356132
-0.03774
-0.0457511
-0.0160513
0.00403815
-0.0686828
0.043594
0.0216864
-0.0454535
0.00752896
-0.0364745
-0.00639589
0.0364144
0.00645602
0.0171766
-0.053399
0.036012
0.000111908
-0.066459
-0.0639132
0.0157422
0.0630272
0.0197799
0.0151322
-0.0416203
-0.0371289
0.00338193
-0.0520096
-0.0518978
-0.107378
0.116579
0.150452
-0.0280604
0.0135654
-0.14517
0.092279
0.0393253
0.0172828
-0.0649561
-0.0137315
0.0389183
0.0179818
-0.0431687
-0.0261183
0.0261111
7.2016e-06
0.00972373
0.00597779
0.0133449
0.00569098
-0.0352439
-0.0508742
-0.0303084
0.0881916
-0.0292459
-0.0218105
0.0198109
-0.0538731
-0.0472896
0.0260727
-0.043109
0.0766861
-0.0142011
-0.0548762
-0.0489417
0.0089579
0.0279362
-0.095599
0.0539966
0.000147498
0.0186798
-0.0247394
-1.07539e-05
-0.036916
0.0369532
-0.0133079
-0.0322101
0.0378204
-0.0483
-0.00458436
0.0557943
-0.00290992
-0.0482776
-2.23825e-05
-0.0575249
4.61926e-05
0.0574787
-0.00050731
-0.00309809
-0.0198084
-0.0581686
0.081075
0.0761307
-0.0938206
0.0852003
0.0765051
-0.082608
0.023109
-0.0170062
-0.0392226
-0.0631123
0.080092
-0.0957184
0.0411818
-0.0578219
0.0687476
0.0710627
-0.0819884
-0.0462049
-0.0256638
0.0718686
-0.0462351
0.0405202
-0.00481626
0.0701902
-0.0653739
0.0100781
-0.0389506
-0.0985656
-0.0452767
-0.0154209
-0.00561043
0.066308
-0.0935471
0.0760293
0.0372174
-0.0196996
0.0418238
-0.00353235
-0.0639419
0.0256504
0.0375848
-0.0376347
0.061336
-0.0577836
0.0228768
-0.0264292
-0.0759766
-0.000356517
0.0763331
-0.0872576
0.000547171
-0.0838293
-0.000553817
0.0838359
-0.0939667
0.000315774
0.0936509
0.0316894
0.0767689
-0.0503111
-0.0581471
-0.0229473
-0.0514516
0.106088
0.0653901
-0.0625503
-0.00283978
0.09496
0.00929101
-0.0963284
-0.0190064
0.000244881
0.0807117
0.127752
-0.0298274
0.00151921
0.0778359
0.0827582
-0.101523
0.0939491
-0.0751845
5.46372e-05
-0.0600563
0.0730887
-0.0165562
-0.0137892
-0.0444584
-0.0135062
0.0265385
-0.0663063
0.0397678
-0.00760854
0.00675939
-0.0332389
-0.00444873
-0.0630824
0.0642815
-0.0641695
0.000368211
0.000232651
-0.0644022
-0.0650831
0.0653158
-0.0155206
0.000551953
0.0491368
0.0912427
0.0244809
-0.0299721
-0.0804077
-0.0287867
0.049138
-0.0832737
-0.0258185
0.0217151
-0.0619169
0.00503851
0.0705025
-0.0136242
0.0052219
-0.0450202
-0.0231237
0.062922
-0.0340736
-0.0586725
0.0538332
0.0389129
0.0105531
0.096157
-0.121207
0.0144965
-0.0517211
0.0133847
0.0383364
-0.0906107
0.0608366
0.01804
0.00967359
0.070014
-0.0378638
0.0654764
-0.0683583
-0.0521238
0.0550057
-0.0771105
-0.0153781
0.0493796
-0.0285446
-0.047163
0.0479948
0.0277128
-0.047478
-0.00842542
0.059806
0.00719141
0.0455482
-0.0733698
-0.0144987
0.0423203
-0.113058
-0.0411904
0.0542823
0.0999662
0.0973544
-0.0967202
0.00400649
-0.0046407
-0.00903448
0.10225
-0.00884651
-0.0843694
-0.0696131
0.0804787
-0.0191094
-0.0104617
-0.0462523
0.0126696
0.0440445
0.0934902
-0.0458406
-0.0476496
-0.0718824
0.00239191
0.0694905
-0.0362811
-0.0606317
0.0429011
0.0255165
-0.0778299
0.0691439
-0.067005
-0.0424427
0.0737248
0.0357229
-0.0694226
-0.0100834
0.00292578
0.145767
-0.0913723
0.018881
-0.0112739
0.0802356
0.0114282
-0.0803898
0.0409525
-0.0412674
0.0106221
-0.0609569
-0.00347282
-0.00750536
-0.0642585
0.062765
-0.00356547
0.00785533
-0.00340138
-0.107336
-0.00719107
0.117928
-0.000396787
0.125887
-0.125877
0.000387209
-0.0597359
0.00286362
0.000317636
-0.0420005
0.0384766
-0.0762625
-0.0370218
-0.00608476
-0.0356886
0.0560019
0.0346132
-0.0549265
0.100643
-0.0360636
-0.104805
0.0402256
0.0646828
-0.0848506
0.00970599
-0.0589419
0.0561895
0.0104123
-0.00765981
0.0212633
-0.0298749
0.0991253
-0.0905137
-0.026516
0.00317582
0.0582875
-0.00788187
-0.0535814
-0.000616146
0.00063592
-0.0893101
0.0892903
0.0266038
0.0588867
-0.0905246
0.125018
0.00731144
0.0669274
-0.0714166
0.0140376
-0.00954833
0.0726912
0.0462926
-0.0999523
-0.0190315
-0.0608526
-9.70967e-05
-0.0684755
0.0929031
0.0495199
-0.102805
-0.125996
0.112734
0.116067
0.0733353
0.0196612
-0.00241435
-0.127368
0.135696
-0.0395578
0.0312295
-0.0742784
0.0647373
0.0021512
0.00738986
0.0848866
-0.00191359
0.00765882
-0.0906318
-0.0367709
0.0761574
-0.0857149
-0.00279082
0.0885057
0.0325648
-0.0629123
0.0303474
-0.0612891
-0.0554023
0.0847625
0.0650749
0.00709356
-0.00625126
-0.0659172
-0.0131809
0.0669363
-0.0537553
-0.0855605
-0.0275991
0.0551471
0.0580125
0.107985
-0.0359411
-0.0720444
-0.0675569
0.0671601
-0.1
0.0318973
0.0540884
-0.0362448
-0.0497408
-0.0267613
0.0424384
-0.0201547
0.00447764
0.104536
-0.0248804
-0.0166221
0.0932329
0.0711929
-0.120364
-0.044062
0.0397416
-0.0557488
0.0206761
-0.00466882
-0.0191674
0.0289809
-0.117125
0.107311
-0.00172904
-0.0865841
0.00313556
0.0851776
0.116841
0.00118939
-0.000961396
-0.117069
0.113189
0.0024335
-0.111277
-0.00434552
0.0835422
0.00115096
-0.00355551
-0.0811376
0.00823813
-0.0879019
0.0433827
0.0422475
-0.0494841
0.00723658
-0.0189234
0.0194651
0.0645332
-0.0375285
-0.0175606
0.0550891
-0.0100014
-0.0899033
0.0587455
0.0411593
0.0551189
0.0339768
-0.0591858
-0.00703787
0.0853629
-0.0112965
-0.0670286
0.0665808
-0.071397
-0.039676
0.0926954
0.00651679
-0.0201888
0.0376804
0.0412304
-0.0587219
0.0136445
0.0846141
-0.0876365
-0.0605457
-0.000646397
0.0611921
0.0326453
0.0277196
0.0291963
-0.0895612
0.0662958
0.000781773
-0.0667598
-0.000317813
0.0760668
-0.0840398
-0.00719054
0.0151635
0.044444
-0.0398043
-0.00463964
-0.112788
0.00440082
0.111197
0.0602286
-0.046408
-0.00935636
-0.0691128
0.152107
-0.0736375
-0.0548935
0.0976893
-0.0427958
-0.0692085
0.0368891
0.0323194
0.0487779
-0.0481467
-0.000631224
-0.0089749
0.0868879
-0.0300987
-0.0478143
-0.00336404
-0.0303208
-0.0691199
-0.0965969
-0.00490587
0.0825795
0.0353077
0.0335235
-0.0688312
-0.0451943
0.0520595
-0.00686515
0.0558747
0.0540627
0.00376758
-0.0180635
-0.0397668
-0.00840413
-0.0478914
0.0465488
0.00974674
0.000668519
-0.053951
-0.0039074
0.0877347
-0.087259
-0.00047574
0.053126
-0.0927744
0.0904894
-0.00338053
-0.0767063
-0.0104026
0.0842129
-0.122496
-0.0308172
0.0691003
-0.0250787
-0.0529628
0.0770574
0.000984138
0.00751192
-0.00595063
-0.0501466
0.0485853
-0.0655961
0.113833
0.0172393
0.0622355
0.0799648
0.0287903
0.0182061
0.0593402
-0.0738543
-0.0144963
0.0397712
0.122501
0.00445477
-0.166726
0.0489987
0.0670829
-0.0994039
0.0905936
-0.00719933
0.0400743
-0.0279936
-0.0270933
-0.0650268
0.120114
0.0801066
0.00142848
-0.0815351
0.0364766
-0.00956032
-0.103266
0.07635
0.0354839
0.0338854
-0.0517354
-0.0147417
-0.00926584
0.075743
0.00197258
0.0319462
-0.0339188
0.000141079
0.0529136
-0.00710077
0.00763942
0.0585794
-0.052344
0.0155424
0.0368016
0.0274331
-0.0830091
0.0735131
-0.0179371
0.13829
-0.00637139
-0.141304
0.00938537
-0.00740148
-0.00322217
-0.0997912
0.133795
-0.0134249
-0.0943812
-0.0259894
-0.0822089
0.0418612
0.0403477
0.10094
-0.0176698
0.00525204
0.0601381
0.0662377
-0.0578002
-0.00246504
-0.00597241
0.008687
-0.00931075
-0.042445
0.0430688
-0.0392075
-0.0654283
0.0816403
0.0427886
-0.0102512
-0.0844955
0.0519581
0.0021747
-0.0373265
-0.0136617
0.0488135
-0.0341596
0.0291087
-0.0669114
0.0719623
-0.030738
0.0886213
-0.0505863
-0.00256088
0.0531472
0.0571904
-0.0141409
-0.0343931
-0.00865634
-0.000510419
0.0700148
-0.0921742
-0.02266
0.0448193
-0.0384177
-0.0924219
0.112271
-0.00880678
-0.0110422
0.0391662
-0.046853
0.0477293
-0.0263814
0.270803
-0.122708
-0.121713
0.0222268
-0.0755026
-0.00112636
0.0597463
-0.05862
0.0472594
0.0115525
-0.125981
-0.0874875
0.0369555
0.0717227
-0.0211907
-0.0119646
-0.0349651
0.020594
0.0263357
-0.0596469
-0.00044866
-0.0825548
0.0812744
-0.0523577
-0.00170439
0.0540621
-0.0506088
0.088955
-0.00116949
-0.0885498
-0.0442217
0.0901958
-0.0779255
-0.0336865
-0.000510169
-0.0952082
-0.041714
0.00943196
0.0702279
-0.0379458
0.020224
0.0470953
-0.0187605
-0.0485588
-0.000243628
-0.0822658
-0.00461991
0.0309312
-0.125594
0.0203849
-0.10119
0.0872737
0.0448471
0.0553694
-0.103646
0.0336757
-0.0280799
-0.0236413
-0.0575885
0.0469559
0.0220312
-0.0113985
0.0660515
-0.00108912
0.00507228
-0.0700347
0.00989168
-0.0504009
0.053092
-0.127171
0.00438706
0.0146102
0.108174
-0.0956241
0.0825898
0.0152954
0.00586335
-0.0671668
-0.0595261
0.12083
0.0883079
-0.0298023
-0.0375597
-0.000575589
-0.0949887
0.095185
0.000512714
-0.0680015
-0.0342128
0.0284284
0.0737859
-0.0871361
0.0604731
-0.0204173
0.0470803
-0.0175436
-0.0590351
0.0765788
0.0359085
-0.000863425
-0.00583091
-0.0640992
0.0638056
0.0485925
-0.0482988
0.0307156
0.0499763
-0.034897
-0.0167015
0.129902
-0.126828
0.0190854
0.0152419
0.0365554
-0.0500726
-0.0258257
0.0523833
0.00028822
-0.08836
-0.114258
0.000125285
0.0869613
0.0271715
-0.0466149
-0.0273802
0.0704945
0.129105
-0.0725687
-0.12703
-0.00692801
-0.0735603
0.0804883
0.115163
0.0864028
-0.0883766
-0.0694528
-0.0106021
-0.000907463
0.0809624
-0.0058277
0.0895908
-0.0695478
0.06147
-0.0224174
-1.84872e-05
-0.0717821
-0.00514399
0.0938205
0.0122635
0.0249354
0.0483691
-0.0733046
-0.0814016
0.0390792
0.0389946
-0.0469507
0.0101398
-0.00218377
-0.0315926
-0.0202287
0.0606687
-0.00144536
0.0407939
-0.047616
0.0595946
-0.0527725
-0.0202278
-0.0160978
0.0771196
0.063708
-0.0578192
-0.00197813
-0.00391071
0.00504465
0.0525243
-0.0980708
0.0401177
0.0528164
0.0381623
-0.0455177
0.0498776
-0.0425221
0.0887712
-0.1021
0.0238823
0.0110256
-0.0465944
-0.100113
0.135682
0.0297403
-0.0285166
-0.0706463
0.107462
0.0130818
-0.0950278
0.00359575
0.059532
0.00502897
-0.0673115
0.0869467
-0.0246642
-0.0452541
0.0107292
0.107101
-0.0725757
-0.0637528
-0.0752004
0.0602698
0.04034
-0.0254093
-0.020889
0.110071
-0.00570278
-0.0942325
0.072
0.0563431
-0.0341105
0.043181
0.0741788
-0.0703945
-0.0469652
0.00797063
0.0091072
0.0522328
0.0563189
0.036278
-0.0314385
0.0884883
-0.0933277
-0.101305
0.0840136
0.0172912
-0.0212783
-0.0293182
-0.055946
0.012676
-0.0716335
0.0391392
0.0987808
-0.0662865
0.0235759
-0.0207772
-0.0609559
0.0581571
-0.0407074
-0.0366306
0.0362272
0.0541062
-0.103695
-0.0358927
0.0854812
-0.0242274
0.0261662
0.085073
-0.0228659
-0.0351437
-0.0913507
0.14936
0.0469008
-0.0507621
0.0310222
0.0176102
-0.0389086
0.0195573
-0.0747202
-0.0530281
0.0515429
-0.0492253
0.0840262
-0.129455
0.0155538
-0.164561
0.078063
0.0148355
0.0716628
-0.0401217
0.0457367
0.106565
-0.111478
0.0179563
-0.0130428
-0.0920966
0.00981193
0.0671738
0.0151109
-0.125266
0.0752385
-0.0169776
-0.101528
0.0142673
0.0192925
0.0679686
0.00271936
-0.100311
-0.0029224
-0.0722987
0.0697408
0.00255788
-0.0709359
-0.00136281
0.0485648
-0.0494407
0.0335501
-0.0802409
0.0602561
0.0645013
-0.0637863
-0.0021652
0.00145023
0.0025208
0.0133503
0.0486301
-0.0487078
0.000430227
0.00847594
0.0879697
-0.0197649
-0.0766807
0.00873337
0.0493673
-0.0581006
0.0628914
0.00431658
0.00987619
0.0480682
-0.126639
-0.00635472
-0.0779946
-0.0152452
-0.0840836
-0.0378726
-0.0392379
-0.0457137
0.0850525
-0.0393388
-0.0511141
-0.00287626
0.00653551
0.0474549
0.090898
0.00272968
-0.106797
0.0131695
0.00471647
0.0154148
0.0490726
-0.0120631
-0.0581779
0.0599255
0.0103156
0.049846
-0.0651727
0.0200431
-0.07186
0.0214576
0.058373
0.0432348
0.00505876
-0.0603566
-0.0353053
0.0160074
0.00268082
-0.0903123
0.0692719
0.0183596
0.0466585
0.0218132
-0.0647225
0.0553971
-0.0276378
-0.0408957
-0.00839641
0.0521341
-0.002842
0.0874213
0.0124687
-0.09989
0.0734619
0.0744035
-0.0210459
-0.126819
0.0291065
-0.0270827
-0.129562
0.121494
0.0229858
-0.0149184
-0.0313888
-0.0452432
-0.0359031
-0.0332856
0.0788623
-0.0807276
0.0127383
0.00304787
0.0686019
-0.0727389
-0.0861399
0.0054123
0.00318136
0.089272
-0.116681
0.0109948
0.124408
0.133082
-0.104936
-0.000253425
-0.0278933
0.03901
0.0370568
0.0226889
0.0819334
0.0377665
0.0542747
-0.0291498
0.029317
-0.0646606
0.0353435
0.10475
-0.0595942
-0.0841234
0.0389673
0.00632
0.118773
-0.111607
-0.013486
0.00884896
-0.0092392
-0.04099
-0.000873623
0.0418636
-0.00282603
-0.0504101
0.0564119
0.0605961
-0.0881559
0.022276
0.0549186
0.00362265
0.0754408
0.0772507
-0.0154561
-0.137235
0.0419875
-0.0671819
0.0716738
-0.0464794
-0.0203517
0.0210137
0.0345048
0.0972098
-0.105462
-0.00312186
-0.104251
0.0687457
0.0107585
0.10047
-0.0387999
-0.0724289
0.091451
0.00428758
-0.0894279
-0.00631075
0.0465027
-0.00762656
-0.0439064
0.00216441
0.0774581
0.00187128
-0.0728072
-0.00294738
0.064719
-0.0617716
0.0851246
0.0215875
-0.0568661
0.00283936
0.0810318
-0.078847
0.0350358
-0.103347
0.101721
-0.0334092
-0.0213848
-0.0650357
-0.045142
0.0247903
-0.080596
-0.0726959
-0.000724015
0.0708032
0.0529109
-0.0415794
-0.000350031
0.0825607
-0.0686132
-0.00747965
0.0560436
-0.118017
-0.0409827
-0.0442594
0.0852421
0.0354518
-0.0156038
0.0927144
-0.112562
-0.0652777
0.0585608
-0.0329591
-0.0424576
-0.0313641
-0.068311
0.142133
-0.083792
0.0840465
-0.0823508
-0.00144117
0.00283753
-0.0765775
-0.00425461
-0.0762402
0.0756487
-0.000893105
0.0014846
-0.00473649
-0.0776739
-0.0180532
0.100464
0.0077799
0.0900191
-0.0131488
-0.0846503
0.0739069
-0.00309635
-0.00597336
-0.0648372
0.0802153
-0.089394
-0.0154388
0.0855834
-0.128458
0.0583132
0.0028129
0.0962
-0.0990129
-0.0629615
0.0984454
-0.0950453
0.0386618
0.0111294
0.00862722
-0.00205416
-0.0834206
0.0285122
-0.0366463
-0.0756185
0.0761657
-0.0055536
-0.0819515
-0.105864
0.132636
-0.107073
0.0481618
-0.000385117
-3.19983e-05
0.128169
-0.0431719
0.0664671
0.0837973
-0.107092
0.000455899
0.052575
-0.104026
0.0988331
-0.0473816
-0.0526833
0.0209526
-0.0755539
0.0364419
0.0749512
-0.0358393
0.0386997
-0.122412
0.0312922
0.0524198
0.000542385
0.0707028
0.0155894
-0.0647306
-0.0707716
0.0699605
0.0505385
-0.0535759
-0.0669232
-0.0269308
0.0809935
0.0623535
-0.000180705
-0.0621728
-0.00182674
0.115056
-0.0967268
-0.0165019
0.0635678
-0.0122541
0.0840578
0.0788132
0.0602609
-0.046911
0.0263917
0.00564376
-0.0670182
-0.0598114
-0.0109153
0.0473285
-0.020449
-0.0810074
0.103005
-0.10267
-0.00105513
0.000719566
-0.00105709
-0.0525889
0.000918465
-0.0730316
0.0505584
0.0650964
-0.0311423
-0.0845124
-0.0891701
0.0613103
-0.0642368
-0.0829806
0.0810511
-0.00547192
-0.0219307
-0.110747
0.115134
0.117742
0.080798
-0.0862738
0.0764085
-0.0709328
0.144937
-0.0333833
-0.101475
0.0383977
-0.0804677
0.04207
0.0611024
0.0227409
-0.109758
0.0259142
-0.0782062
0.00735144
-0.00594101
0.0767958
0.04413
-0.134096
0.000205454
0.0129593
0.0832936
-0.100933
0.00468022
-0.068457
-0.0596821
-0.0359432
0.0490105
0.0593848
-0.0606966
0.00131181
0.0510898
-0.00185944
-0.0492304
-0.0296494
-0.06202
0.0229866
-0.0255584
-0.0518434
0.0322074
0.0146463
0.0524907
-0.0853382
0.039716
0.00933448
-0.102231
0.0350746
-0.00143209
0.106939
-0.044404
-0.0530528
0.0293816
0.0489947
-0.0460182
-0.0621451
0.0380611
0.0701022
0.0111601
-0.0606032
0.0522988
-0.0240519
-0.00729432
0.0433097
-0.0287786
-0.0346908
0.0201597
0.0280943
-0.033193
-0.0290537
0.0341523
-0.00453475
0.0128794
-0.0332398
0.0920887
-0.0757256
-0.0528124
0.07441
0.0289608
-0.053932
0.0419091
-0.00834116
0.0203641
-0.0172103
0.0433578
0.0466778
-0.0728253
0.0457141
0.0404909
-0.12686
0.0406554
-0.0774777
0.0690143
0.0541775
0.00103207
0.0292565
-0.0763068
-0.00588164
-0.0717122
0.00161133
0.0759826
-0.0860825
0.053041
-0.0736846
0.072284
0.00140056
-0.0822353
0.0175129
0.00407091
-0.000756691
-0.000497947
-0.0523979
0.0528958
0.0107378
0.069505
-0.0766948
-0.00354807
-0.0657089
0.0724384
0.00400833
0.0431511
-0.035016
0.0637445
-0.0718796
-0.00190429
0.0423289
0.0265772
-0.0807103
-0.0721311
0.00275334
0.0230185
-0.084902
-0.0692623
0.0843701
-0.0211877
0.00155491
-0.000246706
-0.00920285
0.0938197
-0.0755276
-0.00125785
-0.0593114
0.0630266
-0.0110876
-0.0417648
0.135602
-0.0827493
0.0853011
-0.107232
0.00421804
0.094689
-0.00428894
-0.00573643
0.00503158
0.0474093
-0.0467044
-0.0698358
0.0289799
0.00583998
4.33674e-05
-0.0612059
0.0611625
0.000368091
0.0232395
0.0357617
-0.00143123
0.0713628
-0.0710579
-0.000331573
0.0655538
-0.0652222
-0.000387572
0.0812695
-0.080403
0.00734833
0.100975
-0.0279203
0.0363891
-0.0227203
0.0636241
-0.0772929
0.0589186
0.0556686
-0.0439704
-0.0706169
-0.0103234
-0.0841764
-0.058529
0.0385471
0.104158
-0.107268
-0.0411706
0.0685269
0.0799115
0.0586769
-0.027661
-0.0350335
0.00876248
0.0695548
-0.00496246
-0.0645924
0.10036
-0.106873
0.0760677
0.0156033
0.12555
-0.159465
0.0183122
-0.0653759
0.0887109
-0.106829
-0.0716911
0.123234
0.0933936
0.0791033
-0.0128363
-0.0710926
-0.012991
0.11145
-0.0992681
-0.097672
0.0854897
0.00320205
0.0697369
-0.00464299
-0.068296
-0.0821756
-0.00128671
0.0866644
0.0817334
-0.0818105
7.70786e-05
0.00546206
-0.004595
0.0840195
-0.027334
0.0672903
0.0596011
-0.0995573
0.0184469
0.0683934
0.049491
-0.0959793
-0.0300722
0.065812
0.0573885
-0.0931283
0.0302806
0.0349244
-0.00368221
-0.0615228
-0.0815209
0.0261196
0.0856819
0.0292978
0.117565
-0.0186233
-0.101436
0.0874019
0.0140341
0.0626621
-0.074606
0.0842877
-0.050135
-0.0721803
-0.000194817
-0.0276705
-0.0360566
-0.061274
0.0336035
-0.0686178
0.120021
0.00995725
0.0978839
-0.0739052
-0.0565509
0.0325723
0.14549
-0.0267254
-0.0208811
0.126464
-0.059734
-0.00985538
-0.056875
-0.0464649
0.0847881
-0.0801796
0.0418564
-0.0869078
-0.00193391
-0.0254851
-0.0550396
0.0567472
-0.00170756
0.0617999
-0.0547064
0.128706
-0.00431303
-0.038098
-0.086295
-0.0913535
-0.00166404
0.0155449
-0.0547287
-0.0421767
0.00555192
0.0450879
-0.0575691
0.0552102
-0.0694782
0.0698223
-0.000344133
0.0662136
0.141209
-0.0558061
-0.151616
-0.0152507
-0.10821
-0.0882032
0.000607954
0.0881377
-0.0674365
0.00654894
0.1122
-0.00878048
-0.0537997
0.0593445
0.00323568
0.117982
-0.0539402
-0.0581783
0.000538336
0.0409296
0.0078016
0.023875
-0.0143043
-0.0317297
0.0317461
-0.0132078
-0.00142243
0.159133
-0.15885
0.00114033
-0.0756171
0.0150695
-0.123091
0.0183932
0.033889
0.0708093
0.0045182
0.0683065
0.00250244
-0.00935489
0.0949298
0.00807102
-0.0812674
-0.0395048
-0.00618563
0.0504003
-0.0757677
-0.10463
0.00408322
-0.00385664
-0.0496724
0.0152719
0.0549945
0.0782506
-0.0159632
-0.036753
-0.0255343
-0.00446849
0.0890671
-0.0548583
-0.10218
0.0219945
0.0931451
-0.0428396
0.0539199
0.0317083
0.00270554
0.0388372
-0.0500424
-0.0425789
0.0023989
-0.00594094
0.0461209
-0.0406623
-0.0544001
0.0515498
0.0435125
0.00222161
-0.102531
0.0735413
0.0110184
0.00421147
-0.0791221
0.0812866
-0.0219808
0.109433
-0.0492896
-0.0776089
0.0662135
0.0516449
-0.0530671
-0.0647912
-0.0425515
0.00848541
-0.0996255
-0.070112
-0.0471455
0.0746786
0.0901571
-0.0708166
0.0780139
-0.0538755
0.00985115
0.0882502
-0.0894742
-0.0473804
0.0331848
0.0525711
0.0010454
-0.0451792
0.0441338
-0.0624481
-0.00293005
0.0653782
0.00671501
-0.0335298
-0.0373098
0.0641245
0.0251371
-0.0326781
0.0918287
-0.000268321
0.0546108
-0.127621
0.0123323
-0.011883
-0.0594461
-0.00982086
0.104331
-0.0653721
-0.00835028
-0.0306085
0.0640351
-0.103505
0.100243
-0.0607723
0.0455312
-0.0489074
0.104551
-0.0556438
0.0455665
0.0310752
-0.0590578
-0.0771738
0.0382372
0.0389366
0.0475133
-0.0739721
0.041352
-0.0148932
0.0837467
-0.0724356
0.0362021
-0.041878
-0.0409757
-0.0581995
0.0590207
-0.000821234
-0.108418
-0.00699747
0.000247277
-0.0577008
0.0278493
-0.0838064
0.0384951
-0.0197719
0.0512622
-0.0613582
-0.028173
0.038269
-0.0276908
0.0277115
-0.0994624
-0.00457411
-0.0133769
-0.00928644
-0.083201
-0.0978452
0.0371402
0.0175332
0.00567866
-0.0949516
-0.00857226
-0.0630743
0.0666052
-0.00109737
0.0369773
0.0605378
0.00901411
0.0376942
-0.107246
0.0712946
0.0122139
0.0208225
-0.0976898
0.00675726
-0.0450479
0.0317799
-0.0697127
-0.0665762
0.018397
0.0853194
-0.0683827
0.0417431
0.058446
0.0488116
-0.055208
-0.0766269
-0.0306745
0.134183
-0.0268814
-0.0107221
0.0706852
-0.0599631
0.0192448
-0.0422398
0.0850764
0.0647735
-0.0924485
0.0486395
-0.0551273
0.00648783
0.0787281
-0.0745101
0.00316634
-0.032079
-0.0661327
-0.000705221
-0.115976
-0.034875
0.12064
-0.00832417
-0.0199366
0.101063
0.0901124
-0.102094
0.113754
-0.063277
-0.0544133
0.019272
-0.0464829
0.0708475
0.0577092
-0.0707044
-0.000745135
-0.069028
0.0519304
-0.102993
-0.0551227
0.115583
0.0425325
-0.0924224
-0.0573388
0.0750546
0.0186733
-0.0175132
0.00587208
-0.105482
0.0270919
0.00877992
0.0696098
0.0515697
-0.0108713
-0.0514205
0.0400203
0.0664411
0.0584642
0.00100348
-0.00102204
-0.0584457
-0.0364073
0.122542
-0.135042
0.0195535
0.0136372
0.064245
-0.0974356
0.122083
-0.00101809
-0.000637817
-0.120427
0.0401716
-0.0187468
0.0698445
-0.0912693
-0.0330378
0.0698655
-0.0368276
0.139274
-0.0511826
-0.0612011
0.0978379
-0.0790945
-0.108745
0.0226516
0.0248918
-0.035873
-0.00356487
0.0376944
0.0609647
-0.0557731
-0.0523546
0.0775023
-0.0479017
-0.0908008
0.0693406
-0.116091
0.137552
-0.094654
0.153639
-0.0853666
0.095894
-0.0767291
-0.0301968
-0.100078
0.00681819
-0.0404226
-0.0532003
0.0868047
-0.0090207
-0.0139216
0.0598437
-0.0369014
-0.0615192
-0.00196513
0.00225466
0.0612297
-0.0322968
0.0960113
-0.0568963
0.0453515
-0.0285564
-0.101721
0.0849254
0.0512684
-0.147493
-0.0865959
-0.0508689
0.0634243
0.0740405
0.0102469
0.0803214
-0.0115479
-0.0146005
0.102221
-0.00455432
0.0584789
0.0394772
-0.0344917
-0.0634643
-0.0646008
-0.0142296
0.083869
-0.102714
-0.0410903
0.0206434
0.0120759
0.0671943
0.11162
0.018556
-0.00135048
0.0367533
0.0309622
-0.0550806
-0.00553093
-0.0286716
0.00834992
0.0290086
0.00791344
-0.0574735
0.04956
-0.0522224
0.0442969
0.0638597
0.0107242
-0.00441884
-0.070165
0.0120566
-0.0542997
0.000831007
0.0414121
0.00921068
-0.0470483
-0.0105165
0.0872768
-0.0119868
-0.0994243
0.14464
-0.145133
0.0999174
0.00955177
0.0908253
0.00961317
-0.10999
0.0596039
-0.0819503
0.0377471
-0.0154007
-0.0285755
-0.0455175
0.0575662
-0.1263
-0.0234408
0.0133546
0.0882768
-0.0805452
-0.0210862
-0.113243
0.16176
0.0796797
0.0131472
0.0885271
-0.067528
-0.0378736
-0.0151736
0.0852221
-0.0704475
0.0211899
0.108196
0.0187317
0.00873339
0.0648837
0.025971
0.0728878
-0.0693905
-0.115519
0.112022
-0.00305681
-0.0121734
0.06831
0.0785056
-0.0767183
0.0406777
-0.077085
0.0380612
0.00998699
-0.0241526
-0.0299286
0.0588184
-0.0446556
0.0849696
0.0176391
-0.0579531
-0.0539122
0.0445573
0.0953149
0.0081913
-0.0292497
-0.0609912
0.0933144
-0.00345567
-0.0745071
-0.0153517
-0.0240479
-0.0623673
0.0373846
0.0465294
-0.112031
-0.0438123
-0.0352464
0.0479997
-0.0478416
0.111451
-0.0108951
0.00637652
0.0961702
-0.000358842
0.0261354
-0.0455263
-0.0644384
0.0269975
-0.0269416
-0.0214178
-0.0802863
0.0264096
-0.095046
0.0101584
-0.091041
-0.0470461
0.00491084
0.00542019
0.0742831
0.0400033
-0.040845
-0.0948455
0.0956872
0.024371
0.063464
-0.0377528
0.0109678
0.0870459
0.0174625
0.00151832
0.0127785
-0.0593905
-0.0356234
-0.0247098
0.0417637
0.0226106
0.0403268
0.064068
-0.052985
0.0505133
-0.0430461
0.106771
-0.132723
0.0652165
0.0928063
-0.0843564
0.0560847
-0.0382788
-0.0788803
-0.0197544
0.0984233
-0.0235499
-0.0347751
0.105694
-0.0313095
0.0138922
0.0319573
-0.0522911
1.20733e-05
0.0523224
0.0606067
0.058642
-0.0647299
-0.0545188
0.0363224
-0.0595106
-0.0291473
0.0403566
0.0373627
-0.127309
-0.0509765
-0.0381158
0.095109
-0.0672901
0.000836927
-0.000713656
-0.0579987
-0.00916021
0.132456
-0.00884393
0.0460524
-0.0438825
-0.0425955
0.130827
-0.00500053
0.0952064
0.0964545
-0.0924026
0.0841183
0.0370505
-0.0112316
0.0403905
-0.0377557
0.00859671
-0.0570558
0.115201
-0.0365576
-0.102716
0.00790767
0.0993868
-0.00457814
-0.0639742
0.0692262
-0.0560273
-0.000212616
0.0562399
-0.0978237
0.0391933
0.105586
-0.000157278
0.111529
-0.0545694
0.0382975
-0.0436642
0.0288769
-0.0447926
0.0713128
0.112465
-0.0310389
0.0366322
0.000479633
0.113215
-0.110753
0.056846
0.0164133
0.0374938
0.0519498
0.038908
-0.122181
0.123576
0.00679878
0.000937782
0.00825981
-0.0458857
-0.0537588
0.00192247
0.00958934
0.0558691
-0.044042
0.0372734
0.0776983
-0.0932392
0.00426701
-0.0871373
0.0463802
0.0067115
-0.0530917
-0.0708328
-0.0200638
-0.0018777
-0.0415521
-0.0602298
0.0857256
0.136587
-0.117385
-0.0444804
-0.0501071
0.0630511
0.0315365
-0.0382043
-0.0699211
0.0411308
0.0474949
-0.108552
-0.0668165
0.0884495
-0.0200781
-0.0337527
0.0766104
-0.0172712
0.0804325
-0.03449
-0.0318164
-0.0932452
0.0328652
-0.0361565
-0.023883
-0.0542274
0.114267
0.0426173
0.00989229
0.0554692
-0.00334402
-0.0521251
-0.0741406
0.0609389
0.0530519
0.0608814
0.0163594
-0.0590062
0.0400679
0.0315292
0.0091873
-0.0606439
0.0632706
0.0714381
-0.0052892
-0.0569616
0.0508038
-0.047852
-0.00164335
-0.055955
-0.120563
-0.072486
0.00865277
-0.00754617
-0.0665831
-0.0601969
0.0560733
-0.159719
0.100118
-0.053275
0.0660577
-0.000849636
-0.0179642
-0.145509
0.145595
-0.026781
-0.133288
-0.0710039
0.0698513
-0.0226643
0.13665
0.0315046
-0.0335774
0.0924674
-0.0232223
0.0816258
0.0341256
-0.0671524
0.0120469
0.0670418
0.0781093
0.0338443
0.047179
-0.0021918
-0.0330908
-0.0404743
-0.0059688
-0.0831187
-0.0453042
-0.160215
0.0238458
0.0877677
-0.0828232
0.00864987
0.0682025
-0.0940866
0.020795
0.0113739
-0.07914
0.0938141
0.0272401
-0.0419142
-0.0781947
0.0047807
-0.117354
0.112667
-0.0328943
0.00447932
-0.0545494
-0.0269428
0.0737942
0.00769796
0.00157951
0.101274
-0.0455227
-0.0573312
-0.0368092
0.0509545
0.014613
0.0995633
-0.0874304
-0.0237043
0.0677233
-0.0790891
0.03507
-0.106899
0.137881
-0.0163685
-0.0653479
-0.0599875
0.0120509
0.113285
0.0578077
-0.0209672
0.0800289
-0.101361
0.024513
-0.0557195
0.0895731
-0.0087165
-0.0187956
0.0622195
0.0480271
0.0908001
-0.00511848
-0.0813941
0.0730839
0.0220692
-0.0951531
0.00658632
-0.068951
-0.0199055
-0.0460743
-0.0169149
-0.0520822
0.0903712
0.0550254
0.0907173
-0.091619
-0.0543057
-0.00197834
0.0562841
-0.00771004
-0.0716309
-0.00799214
0.0915328
0.07722
-0.030145
0.0877686
-0.032399
-0.0628404
-0.0134051
-0.127065
-0.0093678
0.0244908
0.082178
0.0120718
-0.00648126
0.0760093
-0.0491928
-0.00916435
0.0666976
0.0544451
0.0294821
-0.0383199
0.0383223
0.0529133
-0.0832252
0.012039
-0.0661523
0.120102
-0.0659883
-0.0388877
0.0903689
-0.0948899
0.0653367
-0.112077
-0.0236364
0.0767075
-0.0796599
0.0112948
0.0779169
-0.0116566
-0.0491505
0.0189831
0.0464901
0.0108524
-0.0146573
0.0675129
-0.0431532
-0.00132721
0.0402647
0.0636361
-0.0278915
0.0023298
-0.0494065
0.00481121
0.0184245
-0.116268
-0.0749245
0.0861991
0.0577961
-0.0690707
-0.0746307
-0.0294489
0.0026437
-0.0277236
0.0207641
-0.120106
0.000344873
-0.00829099
0.0629643
-0.102448
0.0199996
0.0556608
-0.117218
-0.0551444
0.0927024
-0.116573
0.0709722
-0.00358177
0.0491823
0.133092
-0.0238679
-0.0324557
0.125623
-0.0639161
-0.0816217
0.0830502
-0.102053
0.0081409
0.0318856
-0.000421758
-0.13002
0.000399496
0.130042
0.0840992
-0.000141902
-0.0839573
0.0821732
-0.0308977
0.0896548
0.0672012
-0.0202059
-0.114606
0.0363999
-0.00378243
-0.0952246
-0.0418258
-0.00636079
0.102103
0.0718063
-0.0721047
0.000298323
0.0325642
0.0190735
-0.0596051
0.059617
0.0392641
0.00964262
0.0979609
-0.0883867
0.0333464
-0.0702986
-0.0153389
0.0825073
0.000157081
-0.0826643
0.088957
-0.0821975
0.063596
-0.0887343
-0.102479
-7.02524e-05
-0.0581556
0.0723276
-0.014172
-0.000851038
0.0607949
0.0668611
-0.0576505
0.0158309
0.0672613
-0.100202
-0.0437785
0.0515244
0.0896231
-0.0165392
-0.0284736
-0.0796145
0.0942381
-0.0672077
0.0822459
-0.0269394
-0.0807928
-0.000157659
-0.105516
0.0297949
-0.0266226
0.102344
-0.0116967
0.0258854
0.0262018
-0.0545335
0.00141666
0.0452386
-0.0536514
-0.00926102
0.0629124
0.0808341
0.033291
0.00481575
0.121342
0.000306783
-0.00632837
-0.00314642
-0.0544997
0.0973341
-0.0339425
-0.0088919
0.00816958
0.0563492
-0.0563442
-0.00817458
0.0694199
-0.0280533
0.0122467
0.00229724
0.0536863
-0.0618986
0.0780567
-0.031785
-0.00671742
0.0656235
-0.0589061
-0.0192476
-0.0473563
-0.100557
-0.0135985
-0.00648384
0.0578786
-0.0445337
0.01867
-0.0675547
0.0450121
-0.102933
0.0662548
-0.00833357
0.126591
-0.0431236
0.00331788
0.0779471
-0.0356629
-0.12169
0.118402
0.0994761
0.0303076
-0.0760914
0.106391
0.0958249
-0.0866765
-0.0764715
0.0673231
-0.0558618
-0.0242593
0.100861
-0.0207403
-0.0258329
0.0736647
-0.0426099
0.0777263
0.000243348
-0.0635189
-0.00127219
-0.0616209
-0.0063806
-0.068348
0.0681673
-0.0916093
0.0502615
0.0136868
0.00240913
0.0230823
0.0640016
-0.0558885
-0.00811307
0.0615811
-0.00290417
0.122911
-0.125802
-0.0494397
-0.0154635
-0.0648897
-0.0460938
0.0485651
-0.0602905
0.142482
0.0442713
-0.0981353
0.0766592
-0.0338248
0.00122324
0.0939118
-0.0108754
-0.106213
-0.081149
0.016127
0.0693386
0.0574466
0.117591
-0.136452
0.0798694
-0.117768
0.000374128
-0.0766462
-0.000901776
-0.0426133
-0.0394715
-0.0240184
-0.00673829
0.00707914
-0.110137
0.0139552
-0.00106436
0.0560031
0.105484
0.0101157
0.0135907
-0.12919
-0.0974354
0.0489173
-0.0616184
-0.073787
0.0723558
-0.0315293
0.031456
0.0400734
-0.00377693
-0.0703943
0.0223021
0.00468962
-0.0809319
-0.126351
0.165727
0.0461714
0.0122654
0.0818798
-0.138183
-0.00103668
-0.0161465
-0.0473684
0.025598
-0.0939807
-0.0282726
-0.0588261
-0.106597
0.105588
-0.034932
0.0525599
-0.0542028
-0.0194338
0.0210767
0.014098
-0.0764389
-0.0649391
0.12728
-0.0461821
-0.0368316
0.0495464
-0.0923603
0.0587101
0.0682421
-0.103991
-0.0229614
-0.0134705
0.0413608
0.0246808
-0.0971649
0.0537875
0.00109108
0.00418503
0.00193435
0.067422
0.013235
-0.0545437
0.045521
-0.00421228
0.0339247
0.0466609
-0.0372278
0.0138544
-0.0292388
-0.0488735
-0.0178349
-0.0639467
0.0445287
-0.0687916
0.109019
0.0714052
-0.111633
-0.0400908
0.000135123
-0.0607794
0.0606443
0.108656
0.0162503
-0.00613335
-0.0906387
0.0941029
-0.00346416
0.0918396
0.0147911
0.00529213
0.048416
-0.0484462
0.13098
-0.05658
0.0367836
-0.0162009
0.144169
-0.101456
-0.0897599
0.0101904
0.107289
-0.00737004
0.00159468
0.0905634
0.0495964
0.0158969
-0.0654933
0.0026178
-0.0125028
0.146012
-0.0904627
-0.0430463
0.0659496
-0.0786007
0.0080276
-0.108492
0.00855145
0.0919134
-0.0336987
-0.059106
0.0117317
0.0810731
-0.0676357
0.0458945
-0.0419705
0.149489
-0.0834465
0.0177047
-0.0988315
0.0397963
-0.0475919
-0.00189213
-0.0828219
0.0409439
0.00160941
-0.0876417
0.057782
-0.0631638
0.0187665
-0.0593752
0.0565737
-0.0658163
-0.00559021
0.0621716
0.0725452
0.0213318
-0.0743236
-0.0170803
-0.0720762
0.0370949
0.0349813
0.0291471
-0.0927342
-0.0471604
0.0602885
0.0163845
-0.000221601
0.0643158
-0.0117019
0.0304514
-0.10887
0.0901202
-0.0910608
0.0306973
0.0127658
0.136175
0.00591725
0.0143216
0.0527327
-0.00157399
-0.0654802
0.0683551
-0.0965563
-0.0350141
0.109023
0.0449904
-0.118999
0.048793
-0.0488791
-0.0277061
0.0192069
0.0568091
0.121422
0.0583944
-0.135686
-0.00428406
0.000354309
-0.0542482
-0.0524274
0.0724083
-0.08485
0.0648691
-0.0691701
-0.0206384
-0.000830999
-0.0190789
-0.0576774
-0.00761276
0.0843691
-0.121344
0.0335283
0.0353887
-0.0376354
-0.00737575
-0.0316039
-0.0777224
0.0431779
-0.0472952
0.0616231
0.00328993
-0.064913
-0.00133016
0.024231
-0.0681182
0.0536992
-0.0735708
0.0141308
-0.00351141
-0.126158
0.00331831
-0.0722172
0.0731357
-0.0951188
0.0135335
0.00801445
0.0527706
-0.0498245
0.13275
0.0876447
-0.113253
-0.00117286
0.0394352
0.00552997
0.0850411
-0.0599656
-0.0206767
-0.0635032
0.0622586
-0.00551108
0.000705109
-0.0872438
0.0280073
0.0585313
-0.00301638
0.0655701
-0.0625538
0.0943164
-0.0929835
-0.0364812
-0.0525759
-0.00264169
-0.00206781
0.046187
0.0325411
-0.0384652
0.0332809
-0.0601803
-0.109137
0.110896
0.0932971
-0.0656971
0.0607346
0.101132
0.0284312
-0.055769
-0.0279795
-0.0663591
0.000662042
0.00377181
-0.0539104
-0.0107628
0.0123654
0.0523079
0.0583112
0.0126823
-0.0451081
-0.0442617
0.0676494
-0.0565527
0.0470286
0.00952413
0.034596
-0.0344499
-0.0566988
-0.0104008
0.0574293
0.0346581
-0.0104629
0.0667853
0.00062345
0.0525013
-0.0948865
0.089996
-0.0476109
0.000594193
0.0621708
-0.0627901
0.0633843
0.0881202
-0.0931553
-0.0348271
0.00128598
-0.0266323
0.0572982
-0.0593374
0.0222512
0.0515322
-0.0549962
-0.0974919
0.00795353
-0.107242
0.105269
-0.00598072
-0.0742001
0.0821536
-0.0120773
0.0252769
-0.0904015
0.0357405
0.0392222
-0.000872216
0.0971282
0.00452794
-0.0022163
0.0252522
0.0191992
0.0222741
-0.0667255
0.00556029
0.104335
-0.134528
-0.141981
-0.0467707
0.0629498
0.0108316
0.0620346
-0.0708746
-0.0751271
0.048331
0.0914789
0.0988447
0.0119686
-0.0578036
-0.00988444
-0.0114869
-0.0564051
0.00409967
0.0637924
-0.0813169
0.0317265
0.0483079
0.000108105
-0.0728805
0.00668596
0.0659545
-0.000173397
-0.0727071
-0.0668548
-0.0345697
0.0167678
-0.0924822
-0.0106938
0.0532416
-0.0981169
-0.0405243
0.0461591
-0.0368333
-0.0288794
-0.091183
0.0219454
-0.0586438
0.00953235
0.0209902
-0.01822
0.0584523
0.0023426
-0.100385
-0.0353439
-0.0128146
0.0792977
-0.0792975
-1.31213e-07
0.000157711
0.0789259
0.0794651
-0.0139162
-0.0840552
0.0481015
0.000328025
0.0266102
0.0615188
0.0125145
-0.0778956
0.0708072
-0.0544355
-0.0234601
0.109168
-0.0607629
0.0590575
-0.0503847
-0.0164189
0.0558537
0.0109499
0.100259
0.0371221
-0.0158727
-0.034512
-0.0653383
0.00289022
0.0796263
-0.0774968
-0.0362786
-0.0568982
0.0338145
0.0593624
0.0849254
-0.0350294
-0.0484763
-0.00422125
-0.0829685
0.145601
-0.0891652
0.031941
-0.00139943
0.00183069
0.00393477
0.0474604
-0.0513952
-0.0510952
-0.00306062
0.004762
-0.083093
-0.0695337
0.0822342
0.00284439
-0.00363478
0.0615281
-0.0860723
0.00618376
0.0183604
-0.0635123
0.0680021
-0.00731585
0.0309475
-0.0272692
0.0256417
0.0385434
0.0174031
-0.0559465
0.00901593
0.055343
-0.00607146
-0.0561336
-0.0321319
0.00529702
-0.0302761
0.00521181
0.0290635
-0.0449361
0.00255589
-0.0502679
0.030855
-0.00298427
-0.0489169
0.0519011
0.041573
-0.0363437
-0.00859245
-0.0351572
0.00402961
0.0428815
-0.0469111
0.000508193
0.0479226
0.00672661
0.0218839
-0.101418
0.070489
0.0247053
-0.000809882
0.00244557
-0.048836
0.0463904
0.0384678
0.00135181
-0.0396233
-0.0694054
0.193173
-0.0717663
0.0670667
-0.179911
0.0772953
0.0138194
0.0781896
0.00951647
-0.021634
-0.066072
0.0749354
-0.0502423
-0.0686238
0.0439308
-0.0294288
0.0295059
-0.0630682
0.000144949
0.0103901
0.0148402
0.0458603
-0.0607004
-0.00457275
0.0771031
0.00565918
-0.0639872
0.0594144
0.0552126
-0.0622275
0.129892
-0.0100268
0.00768148
0.0310578
0.106805
-0.081051
-0.0653667
0.091918
0.0273056
0.0115532
-0.118968
0.00194633
-0.000500249
0.0480945
-0.0149509
0.00810954
0.0757272
-0.000361291
0.0998743
-0.0114463
-0.0880668
0.0645545
0.0990242
-0.0674218
0.0269459
0.0447011
-0.0721472
-0.0396452
-0.0270032
-0.0616544
0.128303
-0.0658083
0.100963
-0.072683
0.102467
-0.0427257
-0.0744691
0.0830843
0.0519809
-0.0202929
0.0938222
-0.0782658
0.0437305
0.103226
-0.078563
-0.0221277
-0.0169651
0.115185
0.00170581
-0.00172793
0.0676048
-0.068311
0.000706234
0.0640056
-0.00183486
0.000931309
0.0584051
-0.0224937
0.100735
-0.065224
-0.113751
0.119241
-0.0837113
0.0266282
-0.0307327
0.124665
-0.0958658
-0.0853594
0.105678
-0.019865
-0.0407422
-0.00785031
0.134995
0.0689719
-0.0671777
-0.0336031
0.0318089
-0.00500475
-0.0138895
0.0715117
-0.0526175
0.0527293
-0.0458143
0.0466527
-0.00174986
-0.0560826
-0.0103278
-0.0591194
-0.015598
0.086956
-0.0611158
-0.070841
0.159377
0.0315892
0.116055
-0.0308865
-0.0797007
0.114355
-0.100704
-0.119698
0.04045
0.0565876
-0.0607744
-0.0638876
0.113787
0.0810575
0.00558993
-0.0271961
0.0873203
-0.020696
0.0980369
-0.0426827
0.0689821
0.0139912
-0.0989692
0.0159959
-0.0892477
-0.0448265
0.118
0.0380216
-0.111195
-0.0154348
-0.013816
-0.0728497
0.0352777
0.0157137
-0.0665679
-0.0230708
0.0742039
-0.0855197
-0.0141644
0.0151362
0.0297663
0.101498
-0.10161
-0.0459626
0.021769
0.0393298
-0.0640909
0.0878364
0.021493
0.0488229
-0.0583155
0.0192742
-0.0924774
-0.00199713
0.0887919
-0.00525139
-0.0703933
-0.00986848
-0.12325
0.0898934
-0.00403157
0.14007
-0.00653852
-0.0645173
0.00637422
-0.022592
0.0628285
-0.00782818
-0.0259679
-0.0581133
0.0919093
-0.0178387
-0.0996617
0.000411508
0.057286
9.85789e-05
0.119192
-0.0402715
-0.0449959
0.114979
-0.0844028
-0.179973
0.029391
0.0584351
-0.0280088
-0.0890089
0.0585826
0.0489217
0.0510772
-0.0785241
0.00192873
0.125517
-0.0212065
-0.114863
0.0624999
0.07357
0.0659467
-0.0373509
-0.0590327
0.114261
0.0162279
-0.044285
0.0777952
-0.0277558
0.0778524
-0.0160939
-0.0340027
0.00056931
-0.0715156
0.0720849
0.0812198
0.0374476
-0.0850638
0.0400869
0.0709783
-0.0319893
0.0388178
0.0675335
-0.00158392
0.00355936
-0.00313213
0.0904992
-0.090129
0.00283213
-0.00320231
-0.0538984
0.0140678
-0.051171
0.047243
0.0667614
-0.0120954
0.0705901
-0.0584947
0.0465329
-0.0772777
-0.0116979
0.00374629
-0.0538929
-0.0569642
-0.0379942
-0.0973167
0.0149126
-0.000316586
-0.0706873
0.0776629
-0.171148
0.0653239
0.0281611
-0.0300271
-0.0814223
-0.058107
-0.0551205
0.0158785
-0.0421803
-0.000133453
-0.0604122
-0.0999314
0.111133
-0.0826831
-0.0430131
0.0858266
0.0413336
-0.0841472
-0.0838031
-0.0505236
0.0528834
-0.069302
-0.0439255
-0.0876167
-0.0623149
-0.00898636
-0.0445692
0.00696383
-0.00319861
-0.0587
0.0196987
-0.0706807
-0.0345837
-0.0577724
0.0639296
-0.0676502
0.0217607
-0.058038
-0.0209548
0.0301193
-0.000622646
-0.0659791
0.0666018
-0.026865
-0.0606158
0.0526484
-0.0189266
-0.023525
0.042082
-0.0618239
0.00459991
-0.00346934
-0.00162923
0.0779455
0.0239307
-0.0257368
0.0619524
-0.0601463
-0.0441254
0.12017
0.0079341
0.0419434
-0.0285022
-0.0694895
0.0990653
-0.00107349
0.0515073
-0.06432
0.0489247
-0.0490026
0.0569367
0.00673193
0.00240747
0.0309825
0.0706798
-0.0880251
-0.037118
-0.0371692
-0.0511588
0.0220011
-0.134134
0.145403
0.0397584
-0.0645209
-0.0303648
0.0304409
-0.0295134
-0.0757636
-0.00257339
0.0486942
-0.0130956
0.014517
-0.0572518
0.12425
-0.060763
0.0549115
0.0465884
-0.0979507
0.0799602
0.000295053
0.129854
0.0323159
-0.023549
-0.0876227
-0.0851144
-0.0131108
0.0828614
0.0152191
-0.0448064
0.0359096
0.150253
-0.00751801
-0.0424041
0.115918
0.0639523
-0.063021
0.0671955
-0.0388317
0.10644
0.00782095
-0.0278457
-0.0824547
-0.0442242
-0.0398156
-0.0775684
-0.00997496
-0.0279756
-0.109874
-0.0825697
0.100415
-0.00699299
-0.0598833
-0.0327175
0.0892911
-0.075814
0.00382177
0.0978606
-0.108054
-0.00181972
0.0709513
-0.0950994
0.0356949
0.00755828
0.0393132
0.0613363
-0.000167583
-0.0929455
-5.04857e-05
0.0931635
-0.0441856
0.0384603
-0.096991
0.0624568
0.0178632
-0.0275037
-0.0927655
-0.0166649
0.0605885
-0.0795865
-0.0800477
-0.0980579
-0.0579575
0.00331773
0.0595841
0.00101558
-0.00233904
0.0619231
-0.0667595
0.116789
-0.0720101
0.058523
-0.0594583
0.046696
0.0770848
0.0967608
-0.0728706
0.00261509
-0.0599539
0.00383779
0.0573983
0.021116
-0.0165845
-0.0619299
0.0329123
-0.0971319
0.0671561
0.0316912
-0.0714459
-0.0699962
-0.0169048
0.0929853
0.0664087
-0.0668216
5.68335e-05
-0.009014
-0.0571082
0.0661222
-0.0842527
0.0744403
0.000611931
0.0465548
-0.0469336
-0.0260432
-0.0370236
0.0370298
-0.0808088
-0.000726286
0.00162183
0.0472374
-0.106674
-0.0321508
0.0303582
-0.00231326
-0.00179257
0.00031417
0.0280654
-0.0516207
0.0583926
-0.071669
0.0769232
0.00906733
-0.064894
0.0843457
-0.0395813
0.0473313
0.0857289
-0.0816457
0.00229644
-0.011631
0.125913
-0.102078
-0.00858408
0.0403466
0.00586763
-0.156039
0.0775464
0.0548838
0.0525224
-0.0643504
0.0826993
-0.00828487
0.0202831
-0.0684034
-0.0124568
0.0631468
0.0390171
-0.0870536
0.0093295
0.0553082
-0.0463347
0.0177937
-0.0170404
-0.0600884
0.109193
0.0148505
0.00841216
-0.0504586
-0.00520017
-0.117336
0.0007417
0.117159
0.0466035
0.0162005
-0.0309673
0.0882059
-0.000152619
0.0227618
-0.0430039
-0.0809867
0.0776619
-0.0387253
0.0868953
-0.0674359
0.0108507
0.0760446
-0.198459
0.140985
0.11971
0.0316851
-0.113467
0.073003
0.00877907
-0.0509419
-0.103493
0.108721
0.0614181
-0.0730033
0.0731674
-0.0117493
-0.035704
0.0129893
0.0659069
-0.0937965
0.137932
-0.0325182
-0.0918465
-0.073462
0.0544652
-0.0321141
0.00221607
-0.0387997
0.0365837
-0.00182258
0.0625846
-0.060762
0.00137433
0.111674
0.0559321
-0.0591307
0.00706447
-0.0546527
0.0629966
0.0620542
-0.0815096
-0.0037983
0.0232537
-0.0406706
0.0892605
-0.0645531
-0.0737409
0.0510929
0.0244672
0.0744978
-0.0818176
-0.0257403
0.0358523
0.0717056
-0.0119226
-0.0261452
0.0958498
0.0681284
-0.0362188
-0.0951005
0.0631909
0.0907754
-0.0145104
0.0145603
-0.0614718
0.0418992
0.00780654
0.011766
0.0869243
-0.0434383
-0.0922024
0.0143725
-0.106805
-0.019166
-0.0609588
-0.000512991
0.0487834
-0.0780729
0.0452999
0.0402307
0.0591326
-0.0970153
0.112809
0.106477
0.00666585
-0.090286
-0.00777438
0.00881263
-0.101905
0.131932
0.0629208
0.0521347
-0.0593758
-0.0706472
0.0193416
-0.0660812
-0.0578106
0.123187
0.000704797
0.000121412
-0.0764966
-0.0678663
0.0876211
-0.0141847
-0.0886871
-0.0396954
0.000292861
0.0674151
0.0873996
0.0876947
0.00276048
-0.0400374
0.0439874
0.0402455
-0.0552743
0.0940283
-0.0423768
0.000744979
0.0407075
0.044096
-0.0203084
0.0898335
0.0125449
0.0527388
0.0325011
-0.0762258
0.00959172
0.0679491
0.0348317
0.0131934
0.0642397
0.0642961
-5.64269e-05
0.0792776
0.0901134
0.0764318
-0.101897
0.0617632
0.00318437
0.0208935
0.0756427
-0.0619912
-0.0345451
0.0759518
0.0228048
-0.0371326
-0.0446024
-0.0580595
0.0329134
0.0748485
-0.0378229
-0.0128523
0.146302
-0.0679607
-0.0184499
0.0886268
-0.108466
0.141648
-0.0653561
0.0931558
-0.0563753
0.0394124
-0.0431266
0.000684778
-0.0644376
-0.0312266
-0.0567647
0.0432278
-0.0503285
-0.0204358
-0.0204768
0.0196705
-0.0413022
0.0233381
-0.0236454
-0.0430735
-0.0163613
-0.0414757
-0.0290413
-0.0421763
0.00906934
-0.0730235
0.0117318
-0.133415
0.0464945
0.0651554
0.000246261
0.0526657
-0.071209
0.0482753
-3.73545e-05
0.0238399
-0.0389982
-0.0540749
0.00364363
0.0759765
-0.0933257
0.0212144
0.0744796
0.0913749
-0.0601465
0.0214787
-0.037318
-0.078723
-0.00367304
-0.0491236
-0.0652338
0.108557
-0.0361482
-0.00717481
0.0792747
-0.0899564
0.0755558
-0.064874
-0.000871162
0.0116973
-0.0363904
-0.0195556
0.051731
-0.0111278
-0.0406032
-0.110154
0.0163822
0.0398629
-0.0187868
-0.0511332
-0.0629622
-0.0208028
0.0204138
0.0279296
-0.129175
-0.0453054
0.0938463
0.0128352
0.0403992
-0.071311
0.157889
-0.187311
0.123268
0.0703147
-0.0674275
0.0277369
-0.106892
-0.0078818
0.0870365
-0.0641376
-0.073731
-0.0105892
-0.0288131
0.00537041
0.0309983
-0.000111469
0.0831181
-0.0132922
0.0552747
-0.0876684
-0.0590538
-0.0376731
-0.0771741
0.0312662
0.142282
-0.0736982
-0.019666
0.0235444
-0.038635
0.0706496
-0.0803587
0.096187
-0.00455824
-0.0857526
0.0263355
0.00212771
0.0796057
0.0967093
0.000863742
-0.06083
-0.0905747
-0.0410267
-0.075975
-0.0759195
-0.000809647
-0.0895473
0.0160674
-0.0630504
-0.00860883
-0.0965042
0.0981808
0.0886286
-0.0177104
0.0171891
-0.0881073
0.0688749
0.0468149
-0.049109
-0.092904
0.0969105
-0.0363013
0.116766
0.0380705
0.0278364
-0.0313462
-0.0171984
-0.00565814
-0.0874469
-0.00506147
0.0873899
-0.0700419
-0.0809315
0.156617
-0.0202151
-0.0622818
0.0140449
-0.0769734
-0.129504
0.091037
0.0431562
0.0611381
0.0192541
-0.087946
-0.0283234
-0.000486181
-0.0615769
-0.00436073
0.0297691
-0.00952857
-0.0723228
0.00626938
-0.0355432
0.100568
0.0584473
0.00393268
0.0424683
-0.0174695
-0.0472007
-0.0527031
0.0722392
-0.0519351
-0.119849
0.0260726
0.0628093
0.0480704
-0.0500355
-0.0589235
0.0582771
-0.0667295
0.119946
-0.094087
0.0408706
-0.107015
-0.058241
0.036596
0.110324
-0.0251418
-0.0767064
0.0642371
-0.0348487
-0.0145868
0.0587896
-0.0228048
-0.0680637
0.0339034
0.0913407
0.00750468
-0.00577033
0.0482925
-0.00256613
0.0040145
0.0523044
0.102162
-0.0661233
-0.0546306
0.0368132
-0.0475548
0.116585
0.0828946
-0.0658889
-0.0138662
-0.0869613
-0.00233117
0.0701831
-0.0580311
0.0579778
-0.0794568
0.020986
-0.0206024
0.0778705
-0.106325
0.0917683
-0.0234146
0.000208688
0.118487
-0.118592
-0.000104194
0.000516621
0.0778668
-0.0783834
-0.116636
0.0709822
0.0525454
-0.0640064
0.00304756
-0.11601
0.0381227
0.0574703
0.0356274
0.00949929
0.0351493
0.0453974
-0.00269436
-0.111834
0.0890846
0.0225275
0.0167953
0.0821661
-0.0641297
-0.0967182
0.0672078
0.0701508
-0.0775526
0.0115497
-0.0168465
-0.056876
0.0488166
-0.00265442
0.12178
-0.063851
-0.041345
-0.0699225
-0.00804882
-0.036625
-0.0632965
0.00278967
0.0611224
-0.0684434
0.0619993
-0.0163158
0.014025
0.0664337
-0.00633767
0.0703273
0.0684052
0.017276
0.0602364
0.0162844
-0.0916699
-0.0443931
-0.036611
0.0247826
0.0601109
-0.0867643
0.0521198
0.0067342
0.0966686
0.00746815
-0.0525671
0.00518603
0.00059325
-0.0737943
0.079933
-0.0449953
-0.00439367
0.0499822
-0.0609197
0.0516193
-0.012966
0.0734681
-0.0229944
-0.0403472
-0.000624501
0.0425237
0.0140649
-0.0525198
-0.0145079
-0.0440365
0.0520518
-0.00900305
0.000987774
-0.0444103
0.0349744
0.0458503
0.0420421
-0.0340743
0.0183702
0.00951497
-0.0535515
0.0350012
0.0105258
-0.0543173
0.0118084
-0.0328979
0.0928084
0.00446464
0.0701066
-0.07673
0.0464932
-0.0695879
-0.00139767
-0.0726893
-0.089097
-0.00546481
-0.0598519
0.0727973
0.0644987
-0.0955476
0.0719784
-0.0607373
-0.0417715
0.00239825
0.0314883
-0.0238567
0.00847456
0.067615
0.0880449
-0.0759978
0.0487865
-0.0494949
-0.0064478
-0.0552617
0.0467353
0.0956918
-0.0995268
0.057344
-0.0699892
-0.0102784
0.0338317
-0.0509334
0.0313757
-0.0695013
0.09415
0.0572009
0.0420554
-0.0398394
0.0022511
0.0173027
0.00189975
0.0242377
-0.0434402
0.0658702
-0.0133078
0.0124409
-0.0417964
-0.0114335
-0.0649125
-0.0106886
-0.104874
-0.113689
-0.0103935
0.0737695
-0.0564589
0.0787295
-0.0109757
-0.0741825
0.0541595
0.0113743
0.0125422
0.0288908
-0.0882111
-0.0142527
-0.119243
-0.101639
0.0882025
0.0700954
-0.121171
-0.0909893
0.118599
0.00192747
0.000173735
-0.0458337
0.121409
-0.134257
-0.0984295
0.0149072
0.0181255
-0.0146935
0.0385014
-0.000260162
0.147273
-0.00149392
0.0551238
0.0747586
0.000421625
-0.0721127
0.00881344
-0.128569
0.0708437
0.00657555
0.0859394
-0.0266451
0.021954
-0.11009
-0.0281322
0.0838492
0.0424986
-0.0816467
0.0100225
-0.00924218
0.0548619
0.0464074
-0.0457715
0.0605487
0.000740564
0.0217739
-0.0162338
0.109645
-0.0640253
0.0476562
-0.0798851
-0.0252124
0.112918
-0.0260939
0.00599045
0.0181252
-0.113194
0.0890785
-0.0270222
-0.0433134
0.017109
0.0677592
-0.0747526
-0.0323213
-0.00116554
-0.0461051
0.0462135
-0.0506415
0.0471895
-0.00242008
-0.110137
-0.0208943
0.0525334
-0.000799656
-0.0878196
-0.0647061
0.00982744
0.0589077
-0.0769459
0.0753237
-0.0169537
0.0746979
-0.0629955
-0.0124814
0.0013769
0.0458928
-0.000229515
-0.0678024
-0.0773227
-0.0935332
0.0946718
-0.0672198
0.00536596
0.0995624
0.0626761
-0.0824881
-0.00407353
0.0815708
-0.034399
0.0697067
-0.107479
0.153371
-0.0815766
0.046005
0.0355716
0.035528
0.00503657
0.0579382
-0.000245815
-0.0532585
0.0535043
0.0392468
-0.039507
0.0760424
0.0921377
0.106237
-0.0377858
-0.106323
-0.0313807
0.0124825
0.0248175
0.0272746
-0.0709216
-0.01224
-0.0916267
0.0827876
-0.084223
0.085764
-0.103834
0.0696147
0.0872454
0.071791
-0.0043308
-0.0844546
0.0485465
-0.0524318
0.104038
0.0447554
-0.0376721
0.0815901
-0.0582949
-0.00155695
0.0383387
-0.0535381
0.0400169
-0.000652271
-0.0678636
0.0703832
-0.0637142
0.00203511
-0.0718589
-0.0260959
0.0536425
0.0483107
0.142369
-0.0867981
0.0822741
0.0930689
-0.0498259
0.126215
0.0826073
-0.0505312
-0.0589511
0.127861
-0.0645871
0.00541707
-0.0128744
0.0107883
0.0442885
-0.0114932
0.0482739
-0.0234836
-0.0484729
-0.00950978
-0.122211
-0.0162916
-0.101755
-0.0151244
-0.0416729
0.0395266
-0.0441662
-0.0391829
0.0402688
-0.00287853
-0.109334
0.0101098
0.0609648
-0.00808725
-0.0487779
0.0654878
-0.0603007
-0.0206079
0.0660348
-0.00349444
0.00145443
0.0608221
0.0739829
-0.0725284
-0.0390043
0.0372566
-0.0762609
-0.0989852
-0.0254814
0.0851628
0.0424742
0.0893421
-0.054336
-0.0392056
0.0791319
0.0222467
0.069131
-0.0784878
0.0312449
-0.072162
-0.0472863
-0.00959511
0.027999
0.0701456
0.0883745
-0.043447
0.132799
-0.152403
-0.000480013
-0.00553285
-0.0972515
0.0908106
-0.11679
0.0423574
0.0993319
-0.185136
-0.00118135
0.0602021
-0.0577613
-0.0165062
-0.0355125
0.0855725
0.0125985
-0.0312696
-0.0278006
0.0551616
0.0206661
-0.00198299
-0.109139
0.075356
0.107784
-0.0014215
0.00487991
-0.111242
-0.0508949
0.0388297
0.143865
0.00496685
-0.0152408
-0.0371757
0.0529631
0.0181641
0.10459
-0.103182
0.0105382
0.0710664
-0.0946673
0.0711259
-0.000107409
0.0868645
9.03039e-05
-1.45242e-05
-0.0555817
0.0625701
0.0708438
-0.000938353
0.0614588
0.00595091
-0.0416241
0.129949
0.0534723
-0.0522572
-0.0699663
0.0665952
0.00916345
0.0370498
0.0923906
-0.0625755
-0.0586958
0.0540752
0.0864578
-0.0818371
0.111757
-0.106553
-0.0368079
0.0238061
0.0206088
-0.0817329
0.0502673
-0.00703954
0.00510054
0.019693
0.0869636
0.0821634
-0.00541999
-0.125852
0.112691
-0.0306155
0.0241179
-0.0732136
-0.0176338
-0.0377771
0.0838538
-0.0219588
-0.0147368
0.0134652
-0.0354814
-0.0308438
-0.0601861
-0.0362795
-0.109228
-0.0723454
0.103981
-0.00401853
-0.0109104
-0.0757376
0.0479177
-0.098547
-0.0791964
-0.0675276
-0.0021419
0.066114
0.0296006
0.0144717
-0.0214658
0.0941693
-0.00276881
-0.0945326
-0.0208084
0.0135532
0.0573913
-0.0682626
-0.0777248
0.00590992
0.00876869
0.0146866
-0.014375
0.0753311
-0.0345051
0.00416522
-0.0587341
-0.00039662
0.000964658
0.0629471
-0.0785087
-0.00854822
-0.0396762
0.0964467
0.0517719
-0.0750032
0.000487545
0.0114961
-0.0377402
0.0183811
0.00771579
-0.000884506
-0.00834311
0.0115795
-0.0758767
0.0781401
0.0481654
-0.0522389
0.0592579
0.0199573
-0.0712008
-0.0821915
0.051111
0.0471946
-0.0202427
-0.0181203
-0.00419362
-0.00980595
0.109904
-0.000223599
0.09304
-0.0936949
0.0247413
0.0162011
-0.0321128
0.0680542
0.0582398
-0.0715093
0.0721172
0.00120209
-0.0637544
-0.0196125
-0.015407
0.0752729
0.0652572
0.103366
-0.0871291
0.000318225
-0.106693
-0.0208714
0.0655264
-0.107569
-0.165984
0.0696691
-0.0984384
0.0975873
0.0944975
0.0950897
-0.0200343
-0.0608681
0.00118598
-0.0648245
-0.00869806
-0.0220497
0.111074
-0.0756248
-0.025259
0.0273959
0.05079
-0.0101386
-0.00253582
-0.0643893
-0.0476657
0.106118
0.0851335
-0.0129525
0.00892734
0.0815391
-0.0829803
0.0706155
0.0547405
-0.000871281
0.0406611
-0.0974033
0.00166232
-0.132361
0.0927213
-0.0624045
-0.0516709
-0.0191579
0.00337689
-0.0038065
0.0616883
-0.0625095
0.112406
-0.112266
0.0212647
-0.132915
-0.0231743
0.0910354
0.0265481
-0.115714
0.0255778
0.015954
-0.0451656
0.0983715
-0.0163927
0.128273
-0.0427248
-0.0933981
-0.107014
-0.0769914
-0.0549031
0.00289642
-0.04935
-0.00321888
0.0630406
-0.00397381
-0.0699475
0.0638915
0.0358694
-0.0298135
0.0548281
0.0180748
-0.048871
0.00283167
-0.0629905
0.00951729
0.0743818
0.063598
-0.000315224
0.0515939
-0.0512787
0.0259814
-0.0666907
0.0773327
0.0641134
-0.205462
0.0640164
0.021974
-0.0232181
-0.0217798
0.0898415
-0.011373
-0.133721
-0.00237147
0.150641
-0.092255
-0.0158878
0.00151077
-0.000460992
-0.00473532
-0.0979493
-0.0130297
-0.0171339
-0.0596982
0.064205
-0.0638867
0.0788338
-0.111972
0.080408
-0.03406
-0.0260398
-0.0818612
0.00163464
-0.0876629
-0.0276406
0.106236
-0.0201687
-0.00325921
0.0314479
-0.0806407
0.0562328
0.0741137
-0.0571962
-0.0325954
-0.0119289
0.0464836
0.0645833
0.0480764
0.0538937
0.000281048
-0.000335428
-0.00506827
0.110586
-0.00122546
0.0155741
-0.108929
0.0731027
0.0731627
0.0887308
0.0377025
-0.00120209
0.00587887
0.00695435
0.114024
-0.0558613
0.000628345
-0.125819
0.0563324
0.000581652
-0.0249115
0.0594656
0.0608303
0.0785649
0.0528916
-0.0784088
0.012985
-0.0437144
-0.0418392
0.0715114
-0.059767
-0.0726214
0.0439191
0.0574349
-0.0445426
-0.00770113
0.127496
-0.133542
-0.064934
-0.0302276
0.0096969
-0.0262827
-0.0851784
0.0754584
-0.133753
0.0220304
0.00445475
-0.137844
-0.00826263
0.00518119
0.112512
-0.015788
0.0562643
-0.0656082
0.0230183
0.0422023
-0.0479179
-0.000917635
0.000675785
0.147493
-0.050096
0.0723714
-0.069053
0.0159265
-0.0776563
-0.0666744
0.128557
0.0239232
0.0116629
-0.0670608
-0.090392
0.0011778
-0.0804556
-0.0720127
0.0621089
0.0543943
-0.0349361
0.0548935
-0.102395
0.0334752
-0.0469072
-0.104498
0.102258
0.0143236
-0.0968785
0.0280596
0.077507
-0.0654924
-0.0730685
-0.0853673
-0.0602282
-0.0437766
-0.044311
-0.0142938
0.0198582
0.0388463
0.0388156
-0.113817
0.0192374
-0.112576
0.0442335
-0.0563033
-0.108459
-0.108143
0.0832351
0.0887948
-0.00100839
0.033158
0.0329177
0.162193
-0.037113
-0.0131073
-0.0976519
-0.0242149
0.0682593
0.130815
-0.0702376
0.011027
-0.0187562
0.0763161
-0.0715877
-0.00472834
-0.0211736
0.077599
-0.0105154
0.00470197
-0.119129
0.118136
0.152034
-0.147998
0.11384
-0.00339768
0.000233745
0.0528073
0.0228935
-0.122379
-0.0889729
0.0884929
-0.0891621
0.130768
-0.121629
0.0243369
0.047198
-0.000113776
0.211791
-0.00583861
-0.0721099
0.00694349
0.12233
9.13963e-05
0.00845052
0.0277626
-0.0489201
0.0419882
-0.0847932
0.0247351
0.0180699
0.0372047
0.0228872
-0.0361612
0.00219483
-0.0848532
0.0718531
-0.0122957
-0.0257076
-0.0476394
0.00676762
0.0144245
0.0958189
-0.0654957
0.0953501
-0.0643858
0.0157317
0.0580698
-0.080804
-0.00441119
0.08569
-0.000446469
-0.0227618
0.0873989
0.00641095
-0.0802875
-0.00435055
0.0782271
-0.0493828
-0.0389739
-0.073467
0.0242969
-0.00912485
-0.0479794
-0.0558927
0.0558703
-0.00375865
0.0118408
-0.0153406
0.0326063
0.00646438
-0.0970263
-0.00795311
-0.0563501
0.0384172
-0.0496964
0.019649
0.112627
0.0486401
-0.020752
0.0559809
-0.0274509
-0.0940504
0.0492462
0.000279468
-0.0842368
8.1172e-05
0.108966
-0.0517765
0.0859554
-0.0202453
-0.0206985
-0.100915
0.0366308
0.0589469
0.00233666
-0.00145494
-0.174277
0.0891699
-0.0961097
-0.0341292
-0.0396302
-0.0888047
0.0763591
0.052427
-0.0564514
-0.016344
-0.076404
0.000900247
-0.0411236
0.0319236
0.000370483
-0.0343678
0.0568341
0.0240563
-0.0908082
0.00991774
0.127706
0.0379415
0.0786192
0.103079
-0.0487969
-0.0472616
0.0550637
-0.0923864
0.083563
-0.037558
0.0507831
0.0113265
0.070128
-0.0561357
0.0682351
-0.037469
0.10168
0.000858826
0.0965716
0.0373726
-0.0739009
-0.0600433
-0.104571
0.0690553
-0.0431286
-0.00041424
0.0802256
0.0485791
0.128203
0.0369468
0.0885719
-0.0645595
0.0208005
0.00248777
-0.036936
0.124303
-0.0701578
-0.000650621
-0.0468108
-0.060878
-0.0706464
-0.0278263
-0.0443961
0.027569
-0.0908659
0.0108892
-0.0112509
-0.0584592
0.0502763
0.0513266
-0.0508616
-0.000465019
-0.0870035
0.0699529
-0.0905475
-0.0760229
-0.103204
0.0614077
-0.0182197
0.0601769
-0.0174163
-0.013561
0.0629183
0.0617167
-0.0321551
-0.0668713
-0.0663686
0.0832771
0.0103592
-0.0936363
0.0821354
-0.0809461
0.092321
0.0932746
-0.0478626
0.0424395
-0.000767388
-0.0444944
0.0286075
0.0591639
-0.0305978
-0.0621661
-0.00904106
0.010272
0.0345387
-0.052746
0.00673269
0.0811775
0.0297344
0.0084585
0.0124154
-0.0127483
0.0425001
0.0053775
-0.155896
-0.0493331
-0.043523
0.0538877
0.0156715
-0.0191321
0.00625644
0.0149324
0.0240345
-0.0726622
-0.0112366
-0.033229
-0.00668416
-0.0468058
0.0767994
0.0254025
0.0595435
0.0110631
0.0413345
-0.0888679
0.0713574
-0.0702171
-0.0710408
0.0706089
-0.000586186
0.0721924
-0.053326
0.0448648
-0.0958067
0.0340834
-0.061917
0.0395346
-0.107456
-0.0686471
0.0766757
0.0821378
-0.0050637
-0.0850051
-0.0982569
0.0276523
0.0529709
0.0178132
0.00381571
0.021307
-0.0721409
0.0516259
0.076616
-0.0595807
-0.0831985
-0.0601664
0.000585687
-0.051669
-0.0389052
-0.0397182
-0.0510579
0.0405331
-0.076309
-0.0303134
0.0629319
0.00147969
0.0364616
-0.0452421
0.0645841
0.0562429
-0.0496122
0.00342084
0.0456023
0.0157005
0.000711636
-0.0144222
0.0375616
-0.0417499
0.0418371
-0.0707687
-0.031113
-0.0041095
-0.0598956
-0.0841874
0.0851651
-0.0778175
0.0996342
0.00758253
-0.0543042
-0.0449928
0.0913478
0.0346578
0.0116992
0.0224134
-0.0924617
-0.000346192
0.0360377
0.00919788
-0.0187618
0.0404936
-0.0530633
-0.0332922
-0.0721931
0.153324
-0.00472261
-0.0835768
0.0469677
-0.0305617
-0.0503896
0.0901358
0.0363202
0.091818
0.123373
0.0899133
-0.0899854
-0.0246403
-0.0157776
0.0405117
-0.00794485
0.135665
0.0260066
0.0538525
0.0341237
0.00480311
0.00154614
-0.0314426
0.102058
0.0779479
-0.0798215
-0.00193478
-0.113343
0.187568
-0.0476802
0.185066
-0.0668313
0.152567
-0.07092
0.114718
-0.0833499
-0.00432954
0.0468672
0.075979
-0.0174238
-0.0639018
0.00286547
-0.0677986
0.097722
0.0721205
-0.000899414
-0.0490995
0.0885172
-0.0972284
0.0335698
0.0704116
-0.0227211
0.0907079
0.202953
-0.0493309
0.0776867
0.0357509
0.104874
-0.104028
-0.117739
-0.0853309
0.00109293
-0.0156474
0.0509196
-0.101536
0.0526837
-0.0538587
-0.0106622
0.0646638
0.010516
0.0133135
0.0891316
0.0891152
0.0508802
-0.0303205
0.0557734
0.0111084
-0.0745882
0.0612198
-0.130413
-0.00505743
-0.0534295
-0.0619793
0.0169114
-0.143211
-0.0782153
0.080157
0.0222759
-0.0242175
-0.00483086
-0.0711004
0.055732
-0.0780951
0.034114
-0.0346826
-0.00495188
-0.0786853
0.0406811
-0.0374508
0.0659134
-0.00687791
-0.0107682
0.0404554
-0.0849723
0.0370715
-0.00703625
0.015865
8.01136e-06
-0.0627453
0.0627533
-0.00870099
-0.0422431
-0.00536647
0.0563106
-0.0501603
0.000280623
-0.0475449
-0.0847239
0.00836619
0.0640656
0.0900986
0.000136181
0.0142677
0.0020317
6.48109e-05
-0.0389887
0.11117
-0.0407584
-0.0777329
0.0765634
0.065788
0.0940135
-0.0889299
0.0872243
-0.00303199
0.0334728
-0.0320981
0.0662509
-0.00719336
0.0764954
0.06594
-0.0439679
0.000441313
0.047882
-0.0395368
0.0775293
0.00988943
0.0241842
0.0703071
-0.102846
-0.0936691
-0.0454917
0.0566963
0.0516664
0.0941409
0.0570596
0.091204
0.0321705
0.0702385
0.0777658
-0.0159602
-0.000273939
-0.0562721
0.0232246
0.0014867
-0.0511608
0.0637953
0.062604
0.0411141
-0.0784472
0.055193
-0.0597608
0.0401464
-0.0729417
-0.059163
-0.0656937
-0.0158441
0.0399637
-0.0399917
0.009056
0.0254936
0.00247874
0.0665238
0.0333882
-0.0147468
0.0285528
0.0477523
-0.0349665
-0.067823
-0.0560016
-0.0932155
-0.0546996
-0.104387
-0.0738161
-0.0793895
0.0598075
0.0572114
0.0837982
-0.00552462
0.010463
-0.0130811
-0.0390367
0.119275
-0.0571867
-0.0476099
0.0776778
-0.0822467
0.120443
0.0161363
-0.0911665
-0.0490065
0.117485
-0.0877704
0.142516
0.00357095
-0.0642017
0.0455201
0.113288
0.0160174
0.084614
-0.0548151
0.10477
0.0545022
-0.0119356
-0.0461826
0.032552
0.0660227
0.0526391
-0.0249782
-0.0708028
-0.0245115
0.0531824
0.0916895
-0.0896724
0.00202585
-0.0657449
-0.0987204
0.00896977
0.015046
0.0316815
-0.0557535
0.0691705
-0.0795111
-0.0775096
0.0779262
0.101337
-0.156381
-0.0861601
0.103049
0.05072
-0.06004
-0.0992739
0.0680268
-0.078843
0.0289469
0.0866589
-0.0923974
0.126799
0.00909697
0.106533
-0.0452437
0.0123809
0.00826981
0.0444786
0.0829511
0.0517723
-0.0526847
0.0589762
0.00826298
-0.00752391
-0.0893529
0.0766548
-0.0297764
-0.0373545
0.0588334
0.0641343
-0.0831876
0.00692495
0.0653588
0.0003774
0.00872015
-0.0778542
0.0666913
-0.0629094
-0.0636689
0.000923598
-0.0106863
0.0953963
-0.000323429
0.000188086
0.128973
0.0581528
0.0216881
-0.0748551
-0.0728345
-0.0449496
0.0497738
0.0645893
0.0661003
-0.0829539
0.141944
-0.0285053
0.0461757
-0.0286471
0.101968
-0.0381362
0.086968
-0.0243886
0.0179543
0.0522452
-0.0223698
-0.0055701
0.142885
0.000989852
0.0760086
-0.0457031
-0.0583866
0.0375594
-0.0293924
-0.0296802
-0.109516
-0.00127295
0.0599191
0.0562956
0.000638693
0.054143
0.0368655
-0.0180327
0.0654883
0.101651
0.0745567
0.0382915
-0.0155019
0.00476236
-0.00259973
0.0694556
0.118317
-0.010893
0.0277776
-0.00530523
0.0434131
-0.0975448
-0.0350527
0.0072676
0.0629328
0.0583794
0.000139622
0.0435506
-0.000363265
0.0598394
0.0334641
-0.0288964
-0.0471115
0.00244911
-0.0220309
0.0115232
0.0485202
0.0570607
0.0679899
-0.0205959
-0.0371389
-0.0834666
-0.0480286
-0.0063987
-0.0627817
-0.0908202
0.0659555
-0.0670561
-0.109396
-0.110372
-0.071134
-0.00024294
0.0677794
0.00298604
-0.0573003
0.0388626
-0.00942652
0.027992
-0.0243233
-0.0649265
0.178283
0.0337797
-0.0384355
0.0494063
-0.100191
-0.0346394
-0.0510735
-0.109561
0.00395848
-0.0730149
-0.0848553
-0.0677959
-0.0637412
-0.0517173
-0.0960472
0.0110472
0.0118001
0.0315973
-0.0408995
-0.0413571
-0.111263
0.0266232
-0.115541
0.0123617
-0.0656007
0.0465819
0.0548356
-0.036775
-0.0239055
-0.0137001
0.128182
)
;

boundaryField
{
    outlet
    {
        type            calculated;
        value           nonuniform List<scalar> 
150
(
0.0787483
0.0687052
0.0750036
0.0797645
0.0725881
0.0821973
0.0794441
0.0665842
0.0804594
0.086895
0.0833794
0.0804271
0.0735983
0.0689476
0.080014
0.0789279
0.100988
0.0710725
0.073674
0.0797347
0.0738491
0.0813481
0.0694995
0.0808026
0.0808166
0.0782064
0.0789911
0.0724637
0.0724216
0.0723504
0.0701514
0.0777329
0.0719942
0.0802052
0.0782182
0.0813678
0.0816734
0.0831866
0.0847374
0.0860481
0.0895147
0.0833096
0.090255
0.072645
0.0842692
0.102647
0.107181
0.0832981
0.0832454
0.0610769
0.0759183
0.0758518
0.0894784
0.0869093
0.0815866
0.0785419
0.0718615
0.0755912
0.0603918
0.0665931
0.085331
0.0760647
0.0981222
0.091839
0.084722
0.0794451
0.0697926
0.0740125
0.0821766
0.0893913
0.0642309
0.0837166
0.094876
0.0869868
0.0830802
0.0872502
0.079178
0.0842417
0.0662057
0.066767
0.0787605
0.0690258
0.0807648
0.0869521
0.0867529
0.0643009
0.0822492
0.0822702
0.0774869
0.0674685
0.0863298
0.0766808
0.0895037
0.0828076
0.0818886
0.0806379
0.0846018
0.0762843
0.0786622
0.0631449
0.0634698
0.0760457
0.0633182
0.0801139
0.0776524
0.0818484
0.0816276
0.0836509
0.0833511
0.0875897
0.0873771
0.0994528
0.10359
0.0983434
0.10102
0.079515
0.0801033
0.0728607
0.101511
0.0733997
0.0963756
0.0914986
0.0800541
0.083671
0.0807743
0.0706737
0.0856581
0.099475
0.0813455
0.0851905
0.0887989
0.0924562
0.0833757
0.0824737
0.0969258
0.0792385
0.0939708
0.0824756
0.0803939
0.0752945
0.0750717
0.0832113
0.0828318
0.0972843
0.0935223
0.107168
0.0853897
0.0849049
0.0858582
0.0848701
)
;
    }
    walls
    {
        type            calculated;
        value           uniform 0;
    }
    inlet
    {
        type            calculated;
        value           nonuniform List<scalar> 0();
    }
    model
    {
        type            calculated;
        value           nonuniform List<scalar> 0();
    }
    procBoundary0to1
    {
        type            processor;
        value           nonuniform List<scalar> 
151
(
-0.0570635
-0.101668
-0.0731397
-0.142863
-0.0797897
-0.0572449
-0.0562854
-0.0733593
-0.078498
-0.0793819
-0.0714439
-0.13815
-0.0857814
-0.120614
-0.0704688
-0.0646277
-0.0727488
-0.116666
-0.14339
-0.0675104
-0.0580816
-0.0619501
-0.116931
-0.0662788
-0.0341682
-0.0993685
-0.0503376
-0.0888494
-0.0796225
-0.0905821
-0.0671408
-0.0828056
-0.0804137
-0.121055
-0.0935514
-0.057569
-0.060831
-0.0530547
-0.0728662
-0.0706143
-0.0732754
-0.0751063
-0.0751078
-0.0834789
-0.0693107
-0.0553458
-0.0647598
-0.0740983
-0.090225
-0.078433
-0.0793742
-0.0534475
-0.109423
-0.0865416
-0.0570549
-0.128239
-0.127005
-0.0898826
-0.0513124
-0.0975124
-0.071485
-0.107444
-0.0605997
-0.0774405
-0.0665801
-0.106562
-0.111923
-0.0820404
-0.0785721
-0.0790204
-0.11852
-0.0670547
-0.137576
-0.0681274
-0.107635
-0.0963093
-0.048938
-0.0784765
-0.0456122
-0.0543459
-0.0827609
-0.0698529
-0.118059
-0.00122964
-0.000915045
-0.0601227
-0.0906181
-0.0527428
-0.0546733
-0.0897596
-0.0484295
-0.0774569
-0.0892212
-0.0674087
-0.0857812
-0.0807367
-0.0520425
-0.118399
-0.0812837
-0.0841324
-0.0789579
-0.0452076
-0.030699
-0.106683
-0.0883767
-0.125046
-0.0912672
-0.0688858
-0.066512
-0.107747
-0.0754686
-0.123179
-0.108388
-0.0730402
-0.113136
-0.0646483
-0.149086
-0.046755
-0.0684939
-0.0457263
-0.126145
-0.102676
-0.0521321
-0.0828196
-0.0577831
-0.0586587
-0.0918048
-0.0927923
-0.0649187
-0.103665
-0.0947191
-0.0947374
-0.0671229
-0.0680418
-0.0975033
-0.0612635
-0.099587
-0.0617743
-0.077563
-0.0826416
-0.103972
-0.108826
-0.076573
-0.0635616
-0.107673
-0.100224
-0.064122
-0.0507739
-0.0946946
-0.0935073
-0.0822939
)
;
    }
}


// ************************************************************************* //
