/*--------------------------------*- C++ -*----------------------------------*\
| =========                 |                                                 |
| \\      /  F ield         | OpenFOAM: The Open Source CFD Toolbox           |
|  \\    /   O peration     | Version:  2506                                  |
|   \\  /    A nd           | Website:  www.openfoam.com                      |
|    \\/     M anipulation  |                                                 |
\*---------------------------------------------------------------------------*/
FoamFile
{
    version     2.0;
    format      ascii;
    arch        "LSB;label=32;scalar=64";
    class       volScalarField;
    location    "0.0563527";
    object      nut;
}
// * * * * * * * * * * * * * * * * * * * * * * * * * * * * * * * * * * * * * //

dimensions      [0 2 -1 0 0 0 0];

internalField   nonuniform List<scalar> 
3991
(
0.00400622
0.0052918
0.00330586
0.00111728
0.0039627
0.00172346
0.00393419
0.00353904
0.00135268
0.0040036
0.000562231
0.00113056
0.00500344
0.00135402
0.00310588
0.00022825
0.00336994
0.00106871
0.00085583
0.00272049
0.000505021
0.00457657
0.00133794
0.00138275
0.000987661
0.00118037
0.0014122
0.000398724
0.00562257
0.00140235
0.000609189
0.00200433
0.00120332
0.000905858
0.00136587
0.00137096
0.0011681
0.000826191
0.00164117
0.000984201
0.000439588
0.00037578
0.00080685
0.000602066
0.00178532
0.00199169
0.000993148
0.00208284
0.00150656
0.00302383
0.00167574
0.00298915
0.00422293
0.00255025
0.0041956
0.000919493
0.00151978
0.000610354
0.00063347
0.00117783
0.00544327
0.000930237
0.00029814
0.000720689
0.000416235
0.00119893
0.000472864
0.000459519
0.00134547
0.00282905
0.00122369
0.00118904
0.00252685
0.00136683
0.00615209
0.00144473
0.00212338
0.00139608
0.00387935
0.00336389
0.000956885
0.00178536
0.00111459
0.000360978
0.00076252
0.000540241
0.000999439
0.00363325
0.00249013
0.00500179
0.000879947
0.000821229
0.000664376
0.00032021
0.000615748
0.00280199
0.000424288
0.000556153
0.0040827
0.0027224
0.000366589
0.000932501
0.000887158
0.000744522
0.00317863
0.00310422
0.00211405
0.00352653
0.00210301
0.00419311
0.00335972
0.00456591
0.00595809
0.00211736
0.00220409
0.00265292
0.00304223
0.00305385
0.00305749
0.00240832
0.00412634
0.000393522
0.00380274
0.000461027
0.000421697
0.00044303
0.00206812
0.00409173
0.0055923
0.00294122
0.00400833
0.00348115
0.00277206
0.000448719
0.000877231
0.00147583
0.00602079
0.0058606
0.00552996
0.00484551
0.00348623
0.00073078
0.000640309
0.00084283
0.00138061
0.00133772
0.00271495
0.00231478
0.00106405
0.00561342
0.00545166
0.005391
0.00604024
0.00220496
0.00133029
0.00178165
0.00315856
0.00149197
0.00103368
0.0010466
0.00436716
0.00552679
0.00502399
0.000697398
0.00226668
0.000134816
0.000934088
0.000970839
0.00105377
0.00141941
0.00369106
0.00123746
0.00138626
0.00146896
0.00430222
0.00217636
0.000486974
0.00268918
0.00313254
0.00429689
0.0012604
0.0011309
0.000622549
0.00542498
0.00192636
0.00405963
0.00253562
0.000543461
0.000964829
0.0037745
0.00169277
0.00121032
0.000492551
0.000899979
0.00156231
0.00163566
0.0018304
0.000378814
0.0062003
0.00180133
0.00152899
0.000862972
0.000606285
0.00103113
0.00101384
0.00132218
0.00138298
0.000939698
0.000351547
0.00345622
0.000381289
0.000485967
0.000734865
0.000736983
0.000874607
0.00104311
0.00145186
0.00116333
0.000750202
0.00332633
0.000373484
0.000648284
0.00539899
0.000872455
0.00136316
0.000418635
0.000878971
0.0025866
0.000778795
0.00354762
0.0006968
0.00363616
0.00116193
0.00308016
0.00123622
0.000862507
0.0016265
0.00122388
0.000779139
0.00361311
0.0031181
0.00390192
0.000895634
0.00458975
0.00167401
0.00158134
0.00661108
0.000826374
0.0039263
0.00180054
0.000534485
0.000629228
0.00124603
0.00159842
0.00139789
0.000366446
0.00227559
0.000671889
0.000665323
0.00163173
0.000519422
0.0012768
0.00177335
0.00221259
0.00170356
0.000695826
0.00265519
0.00116952
0.000213834
0.0009215
0.00156517
0.00147615
0.00148521
0.0013287
0.0010245
0.00117169
0.00201688
0.0019638
0.00254855
0.00282882
0.00294345
0.00147447
0.00245539
0.00168084
0.00165349
0.00209189
0.00219501
0.00306505
0.00300726
0.00245585
0.00262223
0.00359687
0.00144592
0.0012627
0.00230085
0.0013356
0.00121507
0.00381509
0.000962384
0.00658545
0.00240512
0.00185941
0.00359476
0.000182704
0.000355056
0.000739165
0.000170064
0.00388982
0.00573089
0.00121697
0.00416106
0.00511968
0.0005936
0.0034048
0.00228712
0.00526456
0.00253995
0.0014673
0.00452215
0.00135604
0.00134065
0.00409277
0.00074393
0.00035426
0.00303146
0.0016502
0.00111919
0.00281158
0.00163187
0.00284906
0.00179769
0.00154939
0.00196215
0.00307277
0.00202406
0.000975432
0.00262652
0.00207115
0.00333772
0.00147109
0.00278214
0.00284764
0.00582054
0.00340746
0.00212493
0.00228949
0.00507772
0.00187454
0.00241463
0.00142774
0.00110603
0.00250617
0.000417832
0.000981704
0.00543648
0.0013011
0.000986952
0.00153328
0.00305379
0.00368571
0.00509206
0.000884836
0.00140983
0.00223785
0.00118263
0.00191317
0.000560143
0.00130103
0.00126121
0.00216447
0.00114565
0.000973353
0.00102033
0.000354046
0.000583493
0.00472636
0.00149781
0.000689473
0.00198701
0.0016623
0.00453053
0.00352779
0.00156344
0.0034802
0.00235853
0.00354738
0.000970618
0.00515253
0.00432587
0.000843481
0.00175337
0.000268443
0.0037238
0.00220864
0.00187305
0.00232402
0.000265677
0.000264338
0.00128558
0.00140946
0.001899
0.00235469
0.00049417
0.00164552
0.000969239
0.00193832
0.00499721
0.000328853
0.00174488
0.00126462
0.00338324
0.00100695
0.00265706
0.00227442
0.00232366
0.00116621
0.00136628
0.00282046
0.000553252
0.00255697
0.00522633
0.0026633
0.00185208
0.00161487
0.00163743
0.000473692
0.00307682
0.00137086
0.00098622
0.00579455
0.00191708
0.00109003
0.00156567
0.00229414
0.000779444
0.00146367
0.00119337
0.00048251
0.000958558
0.00373709
0.00120006
0.00602521
0.0043903
0.00104771
0.000522268
0.000551506
0.000898786
0.00125153
0.000413768
0.000449959
0.000673547
0.000453658
0.00406949
0.00117136
0.00060382
0.00165955
0.00142938
0.000618822
0.000672501
0.00233586
0.00133244
0.00248149
0.00501207
0.00103625
0.000918181
0.000584485
0.000677181
0.00395832
0.00330501
0.00376749
0.000869999
0.00306752
0.0019264
0.00253669
0.00468751
0.00166698
0.00157741
0.00124515
0.00410395
0.00320961
0.00443279
0.00195521
0.00309382
0.000271511
0.00118239
0.0029641
0.00265087
0.00621534
0.00443379
0.0032859
0.00448583
0.00369712
0.00206772
0.00251911
0.00144501
0.00224771
0.00120887
0.00262762
0.00325161
0.0018736
0.00337486
0.000793459
0.00200335
0.000336108
0.00434136
0.00155341
0.00412629
0.00327803
0.00481554
0.00488749
0.00488671
0.000514912
0.000851243
0.00173512
0.000563095
0.00159896
0.00122662
0.00387449
0.00160078
0.000568779
0.00203356
0.000143898
0.000850627
0.000460993
0.00223852
0.000615888
0.00143549
0.00516353
0.00385714
0.00337584
0.0031588
0.00290462
0.000603479
6.62112e-05
0.000440629
0.0017199
0.000558835
0.0055459
0.00307636
0.00165695
0.00414732
0.000726717
0.00118986
0.00147523
0.00378316
0.0041448
0.000730384
0.00100695
0.0013752
0.000645497
0.00125415
0.000677529
0.000702444
0.000483413
0.000441033
0.00221864
0.00226845
0.00061509
0.000504364
0.000744163
0.000627632
0.00256377
0.00263191
0.000991035
0.000382364
0.00101363
0.000505597
0.000767793
0.0027655
0.000649487
0.000776995
0.00296098
0.00384851
0.00325892
0.00315043
0.0017963
0.000222831
0.000547281
0.000784403
0.000802176
0.000520035
0.000886893
0.000476967
0.00252131
0.00125345
0.00268714
0.00331172
0.00212858
0.00277277
0.00461501
0.00356566
0.00164656
0.00434867
0.00423911
0.00285654
0.00682851
0.0031422
0.00515585
0.00402642
0.0044881
0.0037382
0.00475659
0.000880138
0.000569826
0.0012765
0.0024078
0.00263048
0.00398685
0.000630237
0.00260986
0.00341776
0.00117769
0.00161587
0.000831976
0.0007832
0.000936311
0.00244093
0.00354793
0.00375006
0.00363557
0.00349284
0.00184537
0.00278363
0.0019099
0.00182507
0.000914643
0.000866076
0.00160909
0.000390639
0.000685859
0.00143646
0.00217612
0.000807546
0.000804493
0.001105
0.00339425
0.00236276
0.00259932
0.00318792
0.00261112
0.00206035
0.0038356
0.0039813
0.00385024
0.00408884
0.00295169
0.00109036
0.00397233
0.00163969
0.00112328
0.00284721
0.00394089
0.00151889
0.00466123
0.0045631
0.00413028
0.00222093
0.00146266
0.000318385
0.000187094
0.000270993
0.000188052
0.000312996
0.000443496
0.000671582
0.00140484
0.0019188
0.00227048
0.00265376
0.003877
0.00171843
0.00347095
0.00261263
0.000622691
0.00208177
0.00125646
0.00116866
0.000649225
0.000842687
0.00069961
0.00126068
0.00323896
0.002746
0.00247089
0.0012147
0.00362125
0.00320715
0.00200883
0.00245638
0.000875437
0.00319422
0.00557136
0.00179432
0.00482726
0.00314257
0.00444416
0.000668246
0.0035761
0.00157511
0.0011399
0.00225693
0.00544216
0.00120876
0.00477577
0.003526
0.0011002
0.00114807
0.000506489
0.000521127
0.00142224
0.00410741
0.00199428
0.00082427
0.00354343
0.00525236
0.00251435
0.00271312
0.00243512
0.000805407
0.000386426
0.00132236
0.000852811
0.0024779
0.00261149
0.0024571
0.000319223
0.00252422
0.00159806
0.000993335
0.00104694
0.00309222
0.00185949
0.00402405
0.00169361
0.00120589
0.000460479
0.0027654
0.00252728
0.0023105
0.000499451
0.00401776
0.00177085
0.00231903
0.00208205
0.00098945
0.000423022
0.00162035
0.00147319
0.00102358
0.00125615
0.00342473
0.00362704
0.00265241
0.00371401
0.00235529
0.00212615
0.00205336
0.000690767
0.00147373
0.0015054
0.000662551
0.00473749
0.00134526
0.00360685
0.00083526
0.000426697
0.000418121
0.000249693
0.000859948
0.00087299
0.000581662
0.000454725
0.000505079
0.000860879
0.00422422
0.00210846
0.000855195
0.00268022
0.00213207
0.00225081
0.00347385
0.00336298
0.000972866
0.00134315
0.00151313
0.0035569
0.00238663
0.00307734
0.00171435
0.00159461
0.00182814
0.00206939
0.00162132
0.00378041
0.00479576
0.00319046
0.000808066
0.00262737
0.00284683
0.00194112
0.00365288
0.00151757
0.00245098
0.00191857
0.00419502
0.00202726
0.00169527
0.00161614
0.00102249
0.00109755
0.00271032
0.000570786
0.00381846
0.000809969
0.000573914
0.00212551
0.00545109
0.00159606
0.00538902
0.00113716
0.00284479
0.00118156
0.00100049
0.00102107
0.00291435
0.00653327
0.000635654
0.00189327
0.00389907
0.00262345
0.00272103
0.0016462
0.00201374
0.000665816
0.00704767
0.00406131
0.00126732
0.00182118
0.00147447
0.00224863
0.00638802
0.00489396
0.00142308
0.00267134
0.00615141
0.00547835
0.00133017
0.00589519
0.00427782
0.00394532
0.002744
0.00488136
0.00473177
0.0055928
0.00169737
0.00161419
0.00120596
0.00149218
0.00152858
0.00121003
0.00205801
0.00120391
0.00114564
0.000948483
0.00164816
0.00226091
0.00330585
0.00188766
0.00209369
0.00547919
0.00544686
0.00327629
0.0032927
0.00111322
0.00183563
0.00195503
0.00310565
0.00245435
0.00154351
0.000559738
0.000962951
0.000194433
0.00118406
0.000836528
0.000294023
0.00105841
0.00418153
0.00545546
0.0005269
0.00147527
0.00598861
0.00454116
0.00143317
0.00128213
0.00353601
0.00242434
0.00105916
0.00207975
0.00258831
0.000422115
0.00264073
0.00494579
0.00315846
0.00146593
0.000847758
0.00242306
0.00320996
0.000611172
0.000518984
0.00155354
0.00234364
0.000488894
0.00213951
0.00184285
0.000853192
0.00146608
0.00122478
0.00426551
0.00260855
0.00451065
0.00266188
0.00577632
0.00531063
0.00647584
0.00247854
0.00140394
0.00323862
0.00105296
0.00245083
0.00189756
0.00163863
0.00141342
0.00124878
0.00192216
0.000780166
0.000705903
0.00140176
0.00111701
0.00123469
0.00598343
0.00145766
0.00105104
0.000925886
0.0019772
0.000678752
0.000971629
0.000783525
0.000254335
0.00237283
0.00133912
0.00111345
0.00132598
0.00100339
0.00460189
0.0054122
0.00116472
0.0034206
0.00188167
0.00244998
0.00137022
0.00237721
0.00149786
0.000663505
0.00112002
0.000230409
0.00108273
0.00093281
0.000542832
0.000991731
0.00136402
0.000765775
0.000550494
0.0023425
0.00366379
0.00133169
0.00378833
0.00293278
0.00260617
0.00358998
0.00377329
0.00273381
0.000606601
0.00197228
0.00556512
0.00283003
0.00050042
0.00391603
0.00128499
0.00271927
0.000529863
0.00294223
0.00203872
0.00449519
0.00134463
0.00428352
0.00190497
0.00225482
0.00129307
0.00222393
0.00052645
0.00145173
0.00144572
0.001049
0.00141018
0.00106495
0.000523799
0.00121784
0.00207158
0.0019768
0.000619205
0.00173221
0.0010949
0.000727849
0.00207158
0.00212413
0.00198724
0.00307309
0.0020358
0.00206961
0.00208435
0.00190206
0.000643051
0.00401822
0.000641796
0.000437294
0.00106749
0.000360964
0.00306678
0.00429942
0.00102477
0.00148617
0.00451221
0.000267707
0.000422866
0.000457361
0.00247028
0.000517437
0.000701468
0.00132494
0.000502682
0.0012386
0.000701507
0.00106108
0.00106144
0.000881948
0.000518328
0.00111912
0.000744041
0.00138675
0.00159062
0.00121452
0.000903017
0.00101687
0.00103489
0.000618104
0.000623819
0.000857115
0.00124164
0.00109391
0.00108479
0.00137676
0.00180723
0.00181571
0.00179363
0.00139892
0.0012249
0.00256096
0.00166349
0.00145918
0.00260973
0.000735222
0.00297932
0.00363332
0.00391435
0.0020238
0.00510696
0.000586724
0.0012246
0.00591876
0.00554058
0.000944266
0.00241468
0.00132571
0.00282898
0.00131019
0.00495027
0.00179293
0.00119517
0.00121013
0.00154824
0.000445602
0.00431927
0.00429377
0.000688719
0.00334948
0.00268495
0.00270658
0.00196821
0.00231718
0.00112436
0.00195385
0.00318739
0.00461449
0.000866533
0.00195685
0.000697224
0.00130973
0.00271765
0.00258871
0.0034237
0.0014025
0.00360544
0.00188652
0.000925317
0.000751555
0.00235863
0.00318222
0.00141896
0.00234102
0.00233761
0.00106825
0.00136212
0.000418329
0.000666552
0.000388957
0.00122802
0.000426073
0.000861386
0.00299763
0.0037458
0.00138905
0.00281383
0.00386122
0.00278182
0.00496603
0.00177916
0.00280177
0.00246119
0.0029854
0.00265329
0.00199122
0.00599777
0.00572502
0.00133158
0.00271249
0.00286286
0.00268548
0.00115392
0.00189717
0.00203622
0.001891
0.000697173
0.00151504
0.0022253
0.00134113
0.00194266
0.00197551
0.00276558
0.00202938
0.001768
0.0018223
0.00228064
0.0019591
0.000343688
0.0010288
0.00126059
0.000820629
0.00231991
0.000790824
0.00408826
0.00368542
0.00353145
0.000773444
0.00446764
0.00430922
0.00257738
0.00101547
0.000820554
0.000856747
0.00717156
0.000724713
0.0010818
0.00418115
0.00469497
0.00384857
0.00210298
0.00544089
0.00154815
0.00244318
0.0046531
0.000712243
0.00106586
0.00134269
0.000674069
0.000774117
0.00098084
0.000759514
0.000485028
0.00168115
0.000805742
0.00114855
0.000972974
0.000899631
0.00170201
0.00051943
0.000763714
0.00406772
0.00184854
0.00334714
0.00363899
0.0033227
0.00269956
0.00383046
0.00289375
0.00256095
0.00335808
0.00125268
0.0037962
0.00204766
0.000525556
0.000667159
0.000879821
0.000598123
0.000562141
0.000379199
0.00043662
0.00421281
0.00191656
0.00170344
0.00186615
0.00265627
0.0037583
0.00159111
0.002655
0.000817224
0.00184467
8.93882e-05
0.000692039
0.000453417
0.000292623
0.00207762
0.000481198
0.000481471
0.000466378
0.00109568
0.000871091
0.000304828
0.0014708
0.00031386
0.00102459
0.000127972
0.000543228
0.00125915
0.000726956
0.00138773
0.000319962
0.000529612
0.000715029
0.000683158
0.0023425
0.000914313
0.00112376
0.00114854
0.000791361
0.000453351
0.000397909
0.00135151
0.000775754
0.000827577
0.0011517
0.000462961
0.000894307
0.00366715
0.000861689
0.000531598
0.00146184
0.00117013
0.000639072
0.00192912
0.000299662
0.000266733
0.000651735
0.000967362
0.00157752
0.00104597
0.00124184
0.00122177
0.000883548
0.00117163
0.00111643
0.00457586
0.00498951
0.00394664
0.000739948
0.00470134
0.00273757
0.00121827
0.00210378
0.000596929
0.00519201
0.00546172
0.00307919
0.00111477
0.00128468
0.00172189
0.00552743
0.000585111
0.00321176
0.000481683
0.000463455
0.00208116
0.000293773
0.000444797
0.00262709
0.00172716
0.00579192
0.000721997
0.000202876
0.000693194
0.000181565
0.000507555
0.000691596
0.00595277
0.0029523
0.00564683
0.00361235
0.00599004
0.0033373
0.00387664
0.00198666
0.00295117
0.00182057
0.000337466
0.000769642
0.00115188
0.00237452
0.00571241
0.00155457
0.00223263
0.00371198
0.00482615
0.00172894
0.00415842
0.00124834
0.0013178
0.00133362
0.000614716
0.0016766
0.0014002
0.000790466
0.000960236
0.00319972
0.00165545
0.000830969
0.00250248
0.00195923
0.00180416
0.00195171
0.00227394
0.000442917
0.00124378
0.00173463
0.003528
0.0016354
0.00324168
0.00159863
0.00602823
0.00365006
0.00151658
0.00256717
0.000578895
0.000804333
0.00205987
0.00159435
0.00410425
0.00306445
0.00158107
0.00188133
0.00165222
0.000773309
0.000682629
0.00071875
0.000812805
0.00131
0.000940158
0.00109775
0.000393457
0.00184733
0.00535604
0.000763595
0.00147137
0.00169502
0.000715456
0.000285308
0.0014594
0.00196878
0.00223306
0.000922617
0.00448688
0.00521718
0.00470835
0.00641963
0.00353009
0.00319402
0.00204533
0.000509186
0.00123483
0.00187837
0.00158915
0.00130134
0.00171552
0.00122632
0.0012639
0.00232865
0.00113665
0.00290667
0.00195167
0.00234071
0.00309817
0.000688076
0.000820299
0.00234531
0.00243169
0.00427735
0.000713998
0.00172345
0.000613361
0.000771631
0.00134396
0.000607524
0.000615383
0.00051599
0.000423041
0.00112035
0.00144786
0.00169271
0.00139624
0.00138514
0.00216213
0.00175766
0.00180801
0.00166367
0.00198411
0.00126441
0.00126777
0.000794028
0.000698504
0.00186156
0.00270745
0.000624557
0.00114222
0.00224955
0.0017215
0.000996021
0.00138577
0.00138336
0.00141796
0.00353841
0.00268045
0.00348207
0.00162748
0.00322223
0.00336328
0.00288581
0.000444475
0.000874523
0.00545961
0.00468138
0.0046636
0.00517948
0.00139408
0.0012418
0.00131799
0.0031212
0.00320057
0.00290662
0.00250107
0.00279383
0.00222556
0.0031049
0.00413742
0.00310558
0.00261979
0.00322221
0.000837692
0.00405431
0.00126933
0.00361157
0.00179542
0.00545551
0.00251345
0.0023691
0.000910945
0.00261863
0.00188093
0.00158345
0.00422039
0.0020098
0.000266754
0.00140974
0.000987291
0.00383521
0.00138807
0.0037407
0.00184604
0.000896719
0.000756299
0.00123998
0.000998089
0.000989787
0.00275132
0.00109771
0.00127365
0.00219346
0.00441469
0.00318996
0.00254039
0.00360706
0.00157649
0.00118058
0.00544821
0.000940407
0.000354363
0.0021147
0.00245734
0.00314263
0.00354314
0.00317675
0.00509285
0.00304912
0.00178942
0.00312946
0.00216467
0.00549021
0.00163457
0.0021609
0.0021285
0.00175984
0.00280578
0.00147774
0.00108561
0.000690311
0.000628912
0.00281898
0.000403277
0.00207059
0.00261644
0.00164823
0.00147569
0.00085875
0.00104967
0.00214641
0.00293695
0.00151667
0.00181063
0.00146623
0.00124437
0.00353155
0.00302007
0.00277913
0.00329728
0.00110592
0.000837686
0.00469994
0.00278603
0.00125024
0.00593113
0.00215226
0.00452048
0.00368196
0.00296931
0.00607833
0.00236873
0.00429907
0.00118797
0.00079712
0.000863397
0.0010256
0.00406725
0.00206982
0.0050657
0.00330614
0.00415422
0.00146249
0.00629074
0.00278895
0.00254449
0.00288793
0.00447521
0.000981033
0.00181448
0.000972428
0.00280989
0.00359427
0.00356455
0.00389682
0.00226697
0.00083041
0.00397389
0.00191698
0.00373716
0.00303062
0.00466752
0.00126784
0.000687592
0.00234672
0.00133112
0.00448158
0.000151656
0.000939962
0.000820945
0.00141128
0.000924932
0.000290406
0.00259848
0.00161108
0.000885615
0.000946527
0.0048152
0.000779976
0.000237592
0.00111781
0.000450435
0.00311811
0.00184618
0.00444529
0.00184461
0.00077446
0.00169436
0.00113502
0.00508073
0.00348225
0.00272146
0.00324119
0.00164062
0.000704717
0.000973923
0.00629017
0.00120894
0.00153137
0.00251549
0.00509599
0.00212776
0.0037236
0.00506191
0.000976165
0.00437256
0.0044143
0.00134221
0.002082
0.00516527
0.00314286
0.00596908
0.00218922
0.00181779
0.00617309
0.00407454
0.00257164
0.00148245
0.00205163
0.00471052
0.00147875
0.000841228
0.00107077
0.000476303
0.00261117
0.000496882
0.00662947
0.00114963
0.00226338
0.00459945
0.00142812
0.00371466
0.00123823
0.00445226
0.00138577
0.00178038
0.000907783
0.000399684
0.000102138
0.000222116
0.00110404
0.000534861
0.000174466
0.00103746
0.00303878
0.000474014
0.0033109
0.00444478
0.000360235
0.000480989
0.000354288
0.000954804
0.00349037
0.00170062
0.00219239
0.00148606
0.000819644
0.000759212
0.000904508
0.000480253
0.00105413
0.000724285
0.000725704
0.000157011
0.00117356
0.00118405
0.00548493
0.000251241
0.00211629
0.00631647
0.00432097
0.00355201
0.00267834
0.00632738
0.00631269
0.00175049
0.00111105
0.000381293
0.00143653
0.000837563
0.00171911
0.00102896
0.00136278
0.00129647
0.00118276
0.00161717
0.000424731
0.000806737
0.00269055
0.00166118
0.000546922
0.000253095
0.00081467
0.000471125
0.000440551
0.000741844
0.00111094
0.00144042
0.000822339
0.00117087
0.00137809
0.00106021
0.000681797
0.000861693
0.000781734
0.00190338
0.00110334
0.00261713
0.00282777
0.0014945
0.0013764
0.00147566
0.00159671
0.00139757
0.00123393
0.00305916
0.00339354
0.00047468
0.000126584
0.000210151
0.00157254
0.00161626
0.000618861
0.00234996
0.00472106
0.000350187
0.000631507
0.000847859
0.000397884
0.000980495
0.00277786
0.00217816
0.00143203
0.00133651
0.000848239
0.0063542
0.0027543
0.00130531
0.00249565
0.00196873
0.00449604
0.0049145
0.00260663
0.00118603
0.00239051
0.0018337
0.00252842
0.00127997
0.0015739
0.00138515
0.00366666
0.000323219
0.000879684
0.000619789
0.000730792
0.00119598
0.00103223
0.000720159
0.000634411
0.000965735
0.000729776
0.000630231
0.000506866
0.0006253
0.000807131
0.00575611
0.00260841
0.00323397
0.00489188
0.0049986
0.00233612
0.00234486
0.0050025
0.00381408
0.00423791
0.00200506
0.00422474
0.000734636
0.00091061
0.000824005
0.000964209
0.00250755
0.00271038
0.00271192
0.00199931
0.00388569
0.00373948
0.0016578
0.00355936
0.00309023
0.00579114
0.000622216
0.00529181
0.00424388
0.005571
0.00596873
0.00251967
0.00233627
0.00439529
0.00121001
0.00170164
0.000932405
0.00124831
0.00123929
0.00131719
0.00177463
0.00104695
0.000907672
0.000979182
0.00206773
0.000777607
0.000645373
0.00177468
0.00086638
0.00170938
0.000947518
0.000371147
0.000857044
0.000264164
0.00241871
0.000495272
0.000832634
0.00187045
0.000835716
0.00103853
0.000429183
0.00259902
0.000168647
0.0019032
0.00199978
0.0011648
0.00426637
0.00688257
0.00152527
0.00396691
0.00161242
0.00130501
0.00121696
0.0016003
0.00249236
0.00205348
0.00194449
0.00128495
0.00108321
0.00507496
0.00134761
0.00511551
0.00356355
0.00343092
0.00268669
0.000911272
0.000181954
0.00227837
0.000577319
0.00188337
0.00135958
0.00180665
0.00283389
0.00682646
0.000981304
0.00167475
0.00180292
0.00070771
0.00120064
0.000962823
0.00685586
0.00726785
0.00164453
0.00145285
0.000346815
0.000914415
0.0016546
0.000617386
0.00152424
0.000972103
0.00305249
0.00434691
0.00230867
0.00458061
0.00244582
0.00249653
0.000384889
0.000278693
0.000844679
0.000991523
0.00513234
0.00417904
0.00065068
0.000425577
0.000308953
0.000578543
0.00084943
0.00032603
0.000531239
0.000736972
0.00057303
0.000543147
0.000470651
0.000555338
0.000413081
0.000812644
0.00076503
0.000422372
0.000565705
0.00198927
0.000381796
0.00196814
0.000936343
0.0021379
0.00258707
0.0046067
0.00381305
0.000541445
0.000880169
0.00405709
0.00120577
0.00120361
0.00243921
0.00164335
0.0022084
0.00112462
0.0016907
0.00124114
0.00161842
0.00120232
0.000727514
0.000666364
0.0054668
0.00183051
0.00313335
0.000660398
0.00471218
0.000889585
0.00174326
0.00227211
0.00229743
0.000230444
0.000994605
0.000551159
0.000494198
0.00120736
0.000628478
0.000941808
0.000523343
0.00134131
0.000933372
0.00220438
0.00048604
0.00256655
0.000758383
0.000772159
0.000943436
0.000329191
0.000732502
0.000600827
0.000701358
0.000788077
0.0010354
0.000763937
0.00556582
0.000387734
0.000420298
0.00178823
0.00235711
0.00279157
0.00152289
0.000396597
0.000323176
0.000564144
0.00122034
0.00169158
0.0016107
0.00165693
0.00170338
0.00156157
0.00102649
0.00146082
0.0013711
0.00124905
0.000978929
0.00123464
0.000709416
0.00336808
0.000231166
0.000414103
0.000433988
0.000525885
0.000413486
0.000284938
0.000433532
0.000418852
0.00419477
0.0039916
0.000494143
0.00150909
0.00266607
0.0016964
0.00172793
0.00099518
0.00107563
0.000512231
0.000722422
0.00106077
0.00157873
0.000375957
0.001697
0.00569472
0.00629821
0.00649543
0.00311728
0.00332939
0.00194254
0.00249087
0.00525625
0.00191181
0.0018017
0.00169395
0.00118152
0.00296931
0.00319366
0.00200191
0.00122814
0.00417
0.0013106
0.00470891
0.00119761
0.00201008
0.00472496
0.00299402
0.00190408
0.000819853
0.00222628
0.00156777
0.00300742
0.00104802
0.0014823
0.00122541
0.00155042
0.00158946
0.00132321
0.00074468
0.000889275
0.00243082
0.0015449
0.000638782
0.000457906
0.000986536
0.000921385
0.000350703
0.000464031
0.000806126
0.00162289
0.00194742
0.00132786
0.0021802
0.00168085
0.0015361
0.000679018
0.00246915
0.00094024
0.00141036
0.00212475
0.00108558
0.00243385
0.00147249
0.00098005
0.00108906
0.000648255
0.00142764
0.00125975
0.00133843
0.00453919
0.00126427
0.00101836
0.000698032
0.00134795
0.0015111
0.00630391
0.00579223
0.00427413
0.00420135
0.00330717
0.00433968
0.00143098
0.00147301
0.000969377
0.00148142
0.00206064
0.00321703
0.00283757
0.0045636
0.0041815
0.00496071
0.00140671
0.00164961
0.000398502
0.00550429
0.00166689
0.00547686
0.000373556
0.00181098
0.00635022
0.0049758
0.000509403
0.0006546
0.00120783
0.00177779
0.00392565
0.00119122
0.00265308
0.00240292
0.00382733
0.00214488
0.00279088
0.00388064
0.00334814
0.0020219
0.00675826
0.00399661
0.00502275
0.00393536
0.00574409
0.000246284
0.00122298
0.00173251
0.000192899
0.00188228
0.00202025
0.00167797
0.00219119
0.00181769
0.000962871
0.000552131
0.000549524
0.000504789
0.000117842
0.0010826
0.000521606
0.000830607
0.00230874
0.00283024
0.000872101
0.000824019
0.00276481
0.00481641
0.00284916
0.000633568
0.000598306
0.00194168
0.000969755
0.00250762
0.00236417
0.00484501
0.00270996
0.00267095
0.000774947
0.000415871
0.00099725
0.000731589
0.000110512
0.000435368
0.000691862
0.000694058
0.00272691
0.000744189
0.00212747
0.00195295
0.00201644
0.00203933
0.00222372
0.00231815
0.00108953
0.00233257
0.00329217
0.00458491
0.00101599
0.00122625
0.00133693
0.000800283
0.000665711
0.000968232
0.00199982
0.00258074
0.0022189
0.00209464
0.00173524
0.00200435
0.00230302
0.00408397
0.00322403
0.00255566
0.00262899
0.00165446
0.000556423
0.000273296
0.000839959
0.00152291
0.0038955
0.00223935
0.00096787
0.00283745
0.000651844
0.00245673
0.000549835
0.00391046
0.00138993
0.000797025
0.000338578
0.00119409
0.00101819
0.00213399
0.000944812
0.00135894
0.0029044
0.0014096
0.00444144
0.00166864
0.0013423
0.0044703
0.00194454
0.0059068
0.00656911
0.00133692
0.00195817
0.00195965
0.00708776
0.00265387
0.0058359
0.00533743
0.00458319
0.00332767
0.00561325
0.0032945
0.00386775
0.000319257
0.00195385
0.00294952
0.00179283
0.00220146
0.00179224
0.00417278
0.00196065
0.00201559
0.00172064
0.00146102
0.00092029
0.000995565
0.00137796
0.00213533
0.00022427
0.00126133
0.00172787
0.000980679
0.00124154
0.00142578
0.00200545
0.00412368
0.00345438
0.00101703
0.000237475
0.00225735
0.00673409
0.00443458
0.00153558
0.00220355
0.00211095
0.000444426
0.000626887
0.00101154
0.000823853
0.000669616
0.00214203
0.00169959
0.000713204
0.00231289
0.00165518
0.000361647
0.00218373
0.00246147
0.001761
0.00316106
0.00143024
0.0022706
0.00252144
0.00269384
0.00377974
0.00160129
0.00124988
0.00123612
0.00175744
0.00223878
0.00155531
0.000510974
0.00160155
0.00319345
0.000486279
0.000295389
0.0046774
0.00182857
0.000499343
0.000689155
0.000393336
0.000431891
0.000345445
0.00113108
0.00142016
0.00260706
0.00171586
0.00121707
0.000277082
0.000876532
0.000727569
0.00250648
0.000659518
0.000651711
0.000343782
0.000378044
0.00112242
0.000238716
0.000514079
0.00318477
0.00365221
0.000114232
0.00110139
0.00579529
0.00223235
0.00129051
0.00118871
0.00111718
0.00214654
0.0011811
0.0012909
0.00123201
0.000942168
0.00366663
0.00329071
0.0044737
0.00346899
0.00301278
0.00532872
0.00227058
0.00564947
0.00373746
0.00149771
0.00529337
0.00290766
0.0024507
0.00215936
0.00245837
0.00147711
0.000758141
0.00158134
0.000812465
0.00088628
0.00239093
0.000231102
0.00135898
0.000947693
0.00139863
0.00130667
0.000809042
0.000543501
0.000422958
0.00531146
0.00351964
0.00186929
0.000841473
0.000800917
0.0008571
0.0010326
0.00076569
0.000333398
0.0005359
0.00123985
0.00340554
0.000838714
0.00134551
0.000939492
0.000174243
0.00437417
0.000865525
0.00133771
0.000500001
0.002192
0.00136356
0.00235928
0.00108794
0.000187617
0.000613792
0.00203291
0.00096113
0.0004757
0.000697253
0.000504834
0.00121549
0.00124886
0.00067636
0.000626712
0.00340472
0.000791694
0.000300682
0.00268947
0.00039391
0.000367136
0.00112875
0.00034682
0.00072679
0.000476879
0.000913515
0.00314216
0.00159946
0.00294977
0.00167104
0.00149338
0.00118059
0.00169923
0.00322619
0.0022595
0.000471127
0.000827431
0.000791863
0.00191717
0.00271903
0.00155864
0.000498595
0.000876058
0.00075591
0.00085207
0.000432702
0.00044161
0.00189346
0.000868374
0.00058287
0.000330085
0.000671885
0.00375942
0.00213836
0.00290863
0.00372823
0.00384034
0.00122276
0.0008476
0.0018373
0.00268239
0.000983165
0.00102333
0.00533742
0.000199939
0.00041536
0.00355584
0.00195529
0.000571316
0.0008563
0.00532319
0.00427131
0.00203006
0.00378403
0.0011731
0.00180387
0.00013308
0.000820491
0.000377718
0.000949286
0.00113496
0.00102849
0.00161499
0.00145671
0.00127221
0.00063836
0.000976284
0.0033133
0.00171805
0.0046104
0.00248193
0.00147614
0.00131504
0.0010089
0.00131089
0.0019307
0.00122137
0.00179547
0.00153512
0.00052281
0.000253255
0.00106032
0.000358908
0.000978885
0.000798731
0.000653082
0.00408525
0.00108112
0.000182962
0.00277488
0.000996561
0.00144733
0.00171841
0.00334921
0.00158422
0.00418492
0.0014224
0.000278897
0.000498246
0.00051376
0.000458588
0.00394174
0.0018142
0.00237965
0.0017285
0.00183911
0.00599457
0.00110989
0.00176834
0.000712101
0.000599821
0.000485604
0.000740728
0.00283898
0.000667267
0.000981466
0.00272626
0.00511725
0.000422361
0.00187119
0.00204895
0.00240734
0.00188619
0.00429322
0.00466299
0.0041271
0.0047253
0.00423284
0.00249961
0.00572052
0.0026728
0.000533956
0.000929273
0.00311658
0.00105156
0.000772432
0.00415306
0.00400434
0.00288671
0.00449455
0.00121271
0.00456526
0.00429948
0.00201835
0.00189191
0.00424372
0.00429905
0.00391907
0.00461583
0.00288656
0.00300428
0.00622849
0.00337503
0.000556022
0.00432552
0.00498727
0.00230331
0.000450308
0.00217088
0.00106309
0.00115945
0.00062784
0.000418178
0.0010526
0.000908022
0.000586301
0.0002336
0.000777291
0.000482361
0.000671649
0.000393889
0.00125563
0.00147957
0.000897574
0.000615329
0.0004764
0.000972468
0.000812647
0.00183666
0.00136376
0.0032778
0.00111942
0.00152691
0.00440797
0.000707286
0.000342326
0.00164867
0.000360854
0.00180545
0.000708328
0.000834777
0.000538337
0.0013238
0.00500205
0.00199984
0.00196332
0.00197343
0.000647289
0.00204803
0.00193608
0.000731116
0.0012511
0.000968566
0.000317622
0.00151974
0.00132364
0.00127993
0.00145183
0.000462127
0.000944714
0.000472901
0.00361681
0.00122189
0.00410249
0.00108225
0.00199406
0.00508162
0.000867272
0.00340159
0.00263684
0.00121154
0.00194643
0.000965781
0.00168079
0.00362069
0.00326809
0.00317193
0.00182037
0.00280178
0.00431281
0.00194833
0.00273623
0.00141183
0.00384114
0.00227764
0.00156914
0.00326515
0.00238781
0.00490426
0.00179133
0.00107814
0.00152122
0.00123121
0.00379342
0.00126331
0.00425302
0.00462515
0.00089538
0.00123726
0.00227117
0.000786285
0.000285864
0.00266514
0.00274157
0.000941888
0.00185769
0.005317
0.00181969
0.00506486
0.00156542
0.00185499
0.00114137
0.00198625
0.000422652
0.000536398
0.000751559
7.48746e-05
0.00075424
0.00142952
0.00353685
0.00225386
0.000331067
0.0018572
0.00182058
0.0011947
0.0007166
0.00245753
0.00219435
0.0032623
0.0049687
0.00190506
0.00206027
0.00174389
0.00204018
0.00103344
0.00518942
0.00381672
0.00293982
0.00231686
0.0027869
0.00143837
0.000877158
0.000474096
0.00399464
0.00123736
0.000302483
0.00120471
0.00116104
0.00131581
0.00159438
0.00130603
0.00138665
0.00166955
0.00128781
0.00228836
0.00278941
0.000472365
0.000165801
0.000886066
0.000418906
0.00139832
0.000902465
0.000843114
0.000426824
0.000614303
0.000866815
0.00259104
0.00478628
0.003617
0.00360407
0.00102989
0.00329209
0.00519759
0.000289937
0.000466907
0.00365273
0.000309407
0.00237619
0.0010486
0.00334045
0.000495485
0.000755636
0.00226324
0.00399818
0.000550875
0.00126967
0.00373574
0.00157285
0.000915947
0.00100651
0.000916904
0.00480502
0.000976316
0.000910774
0.000836317
0.000544805
0.00178463
0.00142222
0.00158936
0.000385058
0.00213897
0.0011421
0.00185284
0.00148943
0.00135933
0.00159825
0.000653875
0.00335204
0.00435933
0.00417266
0.000348981
0.00374884
0.000277343
0.000262029
0.000925001
0.00450835
0.00175057
0.00136382
0.00514399
0.00363709
0.00436392
0.00147278
0.00150106
0.00374665
0.00149203
0.00444286
0.00344364
0.00392831
0.00415905
0.00184879
0.000463388
0.000743085
0.00110014
0.000523994
0.000713451
0.000890622
0.000930548
0.00100514
0.00178779
0.000899062
0.00184278
0.00358792
0.00198127
0.00352087
0.000959608
0.00448259
0.00241155
0.00176104
0.00237583
0.00207767
0.000584654
0.000745541
0.000974191
0.000662662
0.000539964
0.000522383
0.00171988
0.00138897
0.0016894
0.000263454
0.000362835
0.00203675
0.00164616
0.00151493
0.00254083
0.00189046
0.00222614
0.000633065
0.00369344
0.00191884
0.00136599
0.000638752
0.000923676
0.00340764
0.00049776
0.00099714
0.00115296
0.00178214
0.00335743
0.00251039
0.00281748
0.00118518
0.00185988
0.00144868
0.00118258
0.000496647
0.00140973
0.000501905
0.00161265
0.00468768
0.00154748
0.00138878
0.0022739
0.00482207
0.00419314
0.00501891
0.00203446
0.000764069
0.000334277
0.00230938
0.00123141
0.00129418
0.00071671
0.00293144
0.00158566
0.00153175
0.000380389
0.000992226
0.000524236
0.000862747
0.000593083
0.000874807
0.00124901
0.00102333
0.00116828
0.00115294
0.00049076
0.00187376
0.00224556
0.00156134
0.00169102
0.00326572
0.00220338
0.00396776
0.00166468
0.00295761
0.00173782
0.000771466
0.0023718
0.00558367
0.0016054
0.000828401
0.00229397
0.00091527
0.000507489
0.000778566
0.000875787
0.00160641
0.000409294
0.000694949
0.000193971
0.000537974
0.0011003
0.00125041
0.00153797
0.00121842
0.00113786
0.00205106
0.00151362
0.00179081
0.00142024
0.00153605
0.002247
0.00192823
0.0013441
0.00179066
0.00117917
0.00130904
0.00181109
0.00339955
0.00465241
0.00178477
0.000990938
0.000551034
0.000787337
0.000133363
0.000865717
0.00167136
0.00403435
0.00388559
0.00198392
0.000977136
0.000981784
0.00319698
0.00117751
0.00239912
0.00101009
0.00198271
0.00107625
0.00101464
0.00149854
0.00109026
0.000621537
0.000532463
0.000385839
0.000207025
0.00202629
0.00129816
0.000740702
0.00318698
0.000399332
0.00268763
0.0057771
0.00237162
0.00180597
0.00067024
0.000337937
0.000305719
0.000982769
0.00176019
0.000774476
0.000864825
0.000849036
0.00086192
0.00209485
0.00273932
0.00269425
0.00164288
0.00140536
0.00251701
0.000402754
0.000374769
0.000312921
0.00104925
0.000746167
0.00046969
0.000649445
0.000522606
0.00150152
0.00141587
0.00134845
0.00208975
0.00118624
0.00201935
0.00228027
0.00126363
0.00684871
0.00110719
0.00204309
0.00326261
0.00217622
0.0041739
0.00221947
0.00211244
0.00408911
0.00150423
0.00602271
0.00511756
0.00272863
0.00148549
0.00343255
0.00151166
0.00351477
0.00496293
0.00351274
0.00393749
0.0021685
0.00107798
0.0021336
0.00335528
0.00161702
0.00354345
0.00165832
0.00271251
0.00276864
0.00130794
0.000661674
0.00250084
0.00121242
0.00163709
0.000496591
0.00142181
0.00154337
0.000704807
0.001352
0.00144309
0.000445313
0.0021282
0.00116237
0.00150034
0.00156796
0.00105672
0.00110009
0.00152752
0.000706401
0.00121583
0.0012554
0.000866128
0.000738015
0.00142614
0.00119491
0.000569122
0.000539397
0.00167901
0.00666002
0.00122133
0.000933579
0.00133908
0.0009733
0.00138904
0.000889197
0.000953635
0.00110127
0.00104722
0.00114196
0.000874144
0.00147892
0.00362072
0.005836
0.00415102
0.00318591
0.00120247
0.00287423
0.000996968
0.00418909
0.00395667
0.00182002
0.00629429
0.00539709
0.00397114
0.00398907
0.0004011
0.00130138
0.000446288
0.000793076
0.00541928
0.00115398
0.00694297
0.00263034
0.00486259
0.00151118
0.00162725
0.000227854
0.00110229
0.00224429
0.00253727
0.003243
0.00163584
0.00562045
0.00239626
0.00162338
0.00216622
0.0021961
0.000901989
0.000410189
0.00065764
0.000941088
0.00138955
0.00117132
0.000603933
0.00319497
0.00146835
0.00321748
0.00263134
0.00350512
0.00142012
0.00231256
0.0029256
0.00113799
0.00149153
0.00134467
0.00163858
0.00215488
0.00114357
0.00154529
0.00200268
0.00194631
0.00217408
0.00211182
0.00199856
0.00231085
0.00193849
0.000833667
0.00219914
0.00218945
0.00171737
0.00171111
0.000868033
0.00135278
0.00649709
0.00432468
0.00551762
0.0054355
0.00494968
0.00364005
0.00551762
0.00484062
0.00346654
0.00428812
0.00444883
0.00433478
0.00361208
0.00613358
0.00465529
0.00400882
0.00274802
0.00331899
0.00164102
0.00584717
0.00392833
0.00323903
0.00211371
0.00467812
0.00384146
0.00229556
0.00286552
0.00427303
0.00468732
0.0022586
0.00244784
0.00308911
0.00440431
0.00307097
0.00180148
0.000590989
0.00118662
0.000491044
0.000276412
8.29225e-05
0.000363298
0.000846172
0.000729075
0.00095077
0.000307734
0.000604286
0.000336197
0.000258734
0.000208225
0.000185986
0.000637492
0.00166426
0.000511362
0.000999401
0.000844882
0.00198403
0.00114849
0.00232222
0.00165908
0.00119225
0.0009278
0.000497333
0.000572449
0.000931095
0.000690136
0.00164892
0.000486034
0.000997661
0.000203747
0.00272296
0.001175
0.00051173
0.000663659
0.000543022
0.00204909
0.00243997
0.00202354
0.00111547
0.00514956
0.00582092
0.00329649
0.00317676
0.00364308
0.00215353
0.00267243
0.00299657
0.00303339
0.00337607
0.00450277
0.0023607
0.00220305
0.00402812
0.00229554
0.00333403
0.00204461
0.00578101
0.00336379
0.00269012
0.00211754
0.00206946
0.00164095
0.00176436
0.00355355
0.00271345
0.00413079
0.00304521
0.00397842
0.00364914
0.0016031
0.00381885
0.000200209
0.000542251
0.00066147
0.000911211
0.00158896
0.000916229
0.00415532
0.00467438
0.00183433
0.00224343
0.00265969
0.00200921
0.0016011
0.00115959
0.00176087
0.00161482
0.00307876
0.00474289
0.000618276
0.00266845
0.00283337
0.00197206
0.00265055
0.00207897
0.00176845
0.00278755
0.00134014
0.000880568
0.00043768
0.000729861
0.00189467
0.00135727
0.00328917
0.00206525
0.00451704
0.00229374
0.00446295
0.00180575
0.00331789
0.00200794
0.00534008
0.00318646
0.00140899
0.00299225
0.00217518
0.00347138
0.00447886
0.00257521
0.00223139
0.0019029
0.000617563
0.000455742
0.00292536
0.000961755
0.000449595
0.000203103
0.000183679
0.00026223
0.00370054
0.000418396
0.000227737
0.00029254
0.000329418
0.000724013
0.00125028
0.00328211
0.00103589
0.00204816
0.00206485
0.00156007
0.00142083
0.00350014
0.000971355
0.00100202
0.000504189
0.000487249
0.000749796
0.000387021
0.00130562
0.000683614
0.00302495
0.00619987
0.00251232
0.00455116
0.00220499
0.00414981
0.0030935
0.00275305
0.0020565
0.00190153
0.00152462
0.0018812
0.00174392
0.00105385
0.00153807
0.000914521
0.00160809
0.000989184
0.00367255
0.00388062
0.00147612
0.00152443
0.00161931
0.000941931
0.00264352
0.000960444
0.00362852
0.000654957
0.00260538
0.00363673
0.00470523
0.00198827
0.00575382
0.00218705
0.00149391
0.00259587
0.00470659
0.00498232
0.00149876
0.00200583
0.000554692
0.00563039
0.00426006
0.00134969
0.00390732
0.00381044
0.00412197
0.00395684
0.00410817
0.001153
0.000891356
0.000689783
0.00120551
0.000715018
0.00121556
0.000890571
0.00419099
0.00121
0.00238277
0.00276359
0.000719426
0.000100068
0.00138263
0.00111686
0.00291407
0.00150788
0.00258927
0.00180379
0.00423271
0.00404774
0.000271455
0.000529568
0.000964491
0.000806843
0.000796092
0.000404417
0.000487813
0.000568311
0.000553671
0.000374835
0.000428859
0.00103243
0.001817
0.00118496
0.00164543
0.00190263
0.00162635
0.00168485
0.000956789
0.000717101
0.000334752
0.00252334
0.00254179
0.0050185
0.00266192
0.00316243
0.00206366
0.00333288
0.00527023
0.00282496
0.00490259
0.00470458
0.00623783
0.00128996
0.00108764
0.00126063
0.00335761
0.00313966
0.00236272
0.00134117
0.00295871
0.0045311
0.00127368
0.00177162
0.00333077
0.000817696
0.00150114
0.00200633
0.0010645
0.00165844
0.000885067
0.0010096
0.000855235
0.000917904
0.000855655
0.000541937
0.000844112
0.000825001
0.0019477
0.00337331
0.00246073
0.000857644
0.000954328
0.000811578
0.00116378
0.00110776
0.00144584
0.00123996
0.00132659
0.000745781
0.00346011
0.00646595
0.00324983
0.00180908
0.00162153
0.00315427
0.00200885
0.00190524
0.00150351
0.00233065
0.00441379
0.00196494
0.00652433
0.00700126
0.00113958
0.000983243
0.00643475
0.00453575
0.00454661
0.00149773
0.00162801
0.00144527
0.000845827
0.00101886
0.00192285
0.00507687
0.00531434
0.00307424
0.00178854
0.000945044
0.000279786
0.00055766
0.000883287
0.00181621
0.00120422
0.00215314
0.00058067
0.00106652
0.00288606
0.00102742
0.00110616
0.000640286
0.000655389
0.000237243
0.000753268
0.0002261
0.000423878
0.0031693
0.00314422
0.00220903
0.000350408
0.000197817
0.000444078
0.000456467
0.000934539
0.000806496
0.000626901
0.0012399
0.00148101
0.000771075
0.000649551
0.00301257
0.00108823
0.000818331
0.000390257
0.000720584
0.0009823
0.000671843
0.000280359
0.000508549
0.000454553
0.000523725
0.000880065
0.00118033
0.000540907
0.000822006
0.00102362
0.0012039
0.00197639
0.000267196
0.000588554
0.00677017
0.0035048
0.000698419
0.00299065
0.00420092
0.00132745
0.000736583
0.00295114
0.00450422
0.00364483
0.00220217
0.00215046
0.00100768
0.00402525
0.000772278
0.000340179
0.000643356
0.000423561
0.000337236
0.00129407
0.00214038
0.00208727
0.00367755
0.00102747
0.000332725
0.000394481
0.00037541
0.00058876
0.000190625
0.00110603
0.0026564
0.00146379
0.000769721
0.00214081
0.00221746
0.000853414
0.000525913
0.00037415
0.0011197
0.00029694
0.00019963
0.000847725
0.00227793
0.000853025
0.000670402
0.00214573
0.00167605
0.000849341
0.00103835
0.000759715
0.000416024
0.0003944
0.000799298
0.000889166
0.00157363
0.00195481
0.0023015
0.00122944
0.00626308
0.00607472
0.00119488
0.00295188
0.00210689
0.00234983
0.00571657
0.0020638
0.000951683
0.00203992
0.00327724
0.00252624
0.00201131
0.00150948
0.00496643
0.00201195
0.00498196
0.0050893
0.00455584
0.00129046
0.00466204
0.00528323
0.000857893
0.000532364
0.000547124
0.00200659
0.000328006
0.00140259
0.00139115
0.00120527
0.000965335
0.000159634
0.000588877
0.000472865
0.00118003
0.00128487
0.00479914
0.000338011
0.00397411
0.00239648
0.00206408
0.0022223
0.00246825
0.00125906
0.00193923
0.00185207
0.00102815
0.000637438
0.00552622
0.00430962
0.00170475
0.00230652
0.00279897
0.00210624
0.000728321
0.000917219
0.000972844
0.000123896
0.00110618
0.00055476
0.00134297
0.00090304
0.00102239
0.00101184
0.000562285
0.000340646
0.00504495
0.000664232
0.00119481
0.000843402
0.000693744
0.000860769
0.00481042
0.00354152
0.000607371
0.0049155
0.00540353
0.00443742
0.00502027
0.0022414
0.00339336
0.00244024
0.00223624
0.00165845
0.00122367
0.00237853
0.00154177
0.00047373
0.000876538
0.000426297
0.00113836
0.00139216
0.000554596
0.00239378
0.00253336
0.0022806
0.00102187
0.0010876
0.000802757
0.000987144
0.000908027
0.00118463
0.0016747
0.000556971
0.000968007
0.00105457
0.000346858
0.00104113
0.000356956
0.000457914
0.000704675
0.000510721
0.000643891
0.000688126
0.00136133
0.000478166
0.00375189
0.00137766
0.00168531
0.00413706
0.00223155
0.00157714
0.000847536
0.00102112
0.000466168
0.00436435
0.00354853
0.00236696
0.00146533
0.0041958
0.00165276
0.00038809
0.000210383
0.000724073
0.000370022
0.000603213
0.000743242
0.00215219
0.000814931
0.000576309
0.001877
0.00198014
0.00181621
0.00193429
0.00388795
0.00529087
0.00042621
0.000922758
0.00317639
0.00549295
0.00534061
0.00240543
0.00394858
0.00224375
0.00355765
0.00372392
0.00263131
0.00310228
0.00266363
0.00508348
0.00300437
0.00548614
0.00260535
0.00183348
0.00540394
0.0016607
0.00131841
0.00162824
0.00294094
0.00581827
0.000853138
0.000934453
0.00123362
0.00242676
0.000589753
0.00189965
0.000329644
0.00204005
0.00130701
0.00229626
0.0020334
0.00192836
0.0025771
0.000930916
0.00108643
0.00310727
0.00149708
0.0058143
0.00506458
0.00588548
0.0022169
0.00281852
0.000658775
0.00136734
0.00159032
0.00256152
0.00133471
0.0011294
0.000944618
0.000987016
0.000856415
0.00106379
0.00099816
0.00128017
0.00123183
0.00156579
0.00223737
0.001456
0.00120509
0.000362815
0.00178073
0.0013384
0.00119577
0.00212949
0.00229457
0.00218286
0.000590264
0.00368681
0.00136419
0.00147767
0.00173731
0.000811279
0.00237876
0.00061709
0.000660275
0.000702497
0.000311519
0.00150405
0.000976767
0.00151641
0.0013879
0.000940171
0.00321232
0.00139012
0.00232362
0.00178689
0.00293089
0.000375416
0.00037283
0.00013242
0.000565481
7.69134e-05
0.000488996
0.00348955
0.0030876
0.0054657
0.000203363
0.000273784
0.000305895
0.000576131
0.0004861
0.000465835
0.000715204
0.00470735
0.00213436
0.00117186
0.00211111
0.00161278
0.00145289
0.00105561
0.00306823
0.00266521
0.00041928
0.000418714
0.000333219
0.000613792
0.0020393
0.000374068
0.00292184
0.00277725
0.00522212
0.00350752
0.0023876
0.00238882
0.0055778
0.000733517
0.00179706
0.00297594
0.00342908
0.00227534
0.00271174
0.00261974
0.0023691
0.00161524
0.00329817
0.00300438
0.00549867
0.00181019
0.0018201
0.00126906
0.00190733
0.00236724
0.00256929
0.00298864
0.00265405
0.00157017
0.00192438
0.00394671
0.00228511
0.00149544
0.00163735
0.00473079
0.00138103
0.00161276
0.00298244
0.00183363
0.000612282
0.00128652
0.0012631
0.00129974
0.0017232
0.00134918
0.00234798
0.00283283
0.00112206
0.00030401
0.000330917
0.000558588
0.000720065
0.000683266
0.000419946
0.000314645
0.000768694
0.00049045
0.000716182
0.000401055
0.000398014
0.00352237
0.000963841
0.00124564
0.00106222
0.000483349
0.00137373
0.00140284
0.0014556
0.00128918
0.00078725
0.00221081
0.00123478
0.00328873
0.0015971
0.000841196
0.00187859
0.00218389
0.00305565
0.00167911
0.002285
0.00162728
0.00112107
0.00182625
0.0012876
0.00179517
0.000922459
0.000971293
0.0015718
0.00339107
0.00277674
0.00370847
0.00196582
)
;

boundaryField
{
    outlet
    {
        type            calculated;
        value           nonuniform List<scalar> 0();
    }
    walls
    {
        type            nutkWallFunction;
        blending        stepwise;
        value           nonuniform List<scalar> 
33
(
0.000253488
0.000210594
0.000213411
0.000192664
0.000214562
0.000216264
0.000219824
0.000260936
0.000190818
0.000316678
0.000240382
0.000213169
0.000354014
0.000261446
0.00026489
0.000197525
0.000208925
0.000259341
0.000348898
0.000174086
0.000281129
0.000323198
0.000309174
0.000174154
0.000233678
0.000276621
0.000203398
0.000252724
0.000388136
0.000256897
0.000304225
0.00045555
0.000425853
)
;
    }
    inlet
    {
        type            calculated;
        value           nonuniform List<scalar> 0();
    }
    model
    {
        type            nutkWallFunction;
        blending        stepwise;
        value           nonuniform List<scalar> 
189
(
0.000151999
0.000138157
0.000135505
6.48866e-05
6.46886e-05
6.50605e-05
6.53652e-05
4.67363e-05
4.65207e-05
0.000139321
0.000133475
6.66129e-05
6.64893e-05
6.61626e-05
4.75357e-05
0.000137079
0.000147683
0.000147957
0.00018364
0.000183614
0.000209612
0.000103299
0.000102365
9.23244e-05
0.00013678
0.000138038
0.000104433
0.000245525
0.000145403
0.00012563
0.000143959
9.74906e-05
0.000123389
5.6786e-05
9.59616e-05
5.50238e-05
3.13842e-05
5.2754e-05
2.93241e-05
9.96937e-05
7.43289e-05
6.14978e-05
5.7912e-05
4.0856e-05
2.95157e-05
0.00030647
0.000147322
0.000151151
5.5674e-05
8.75821e-05
9.04905e-05
7.23413e-05
8.43569e-05
5.70222e-05
6.24623e-05
5.69964e-05
8.91368e-05
9.5823e-05
7.30734e-05
6.31635e-05
5.89199e-05
0.000175383
0.000114774
6.27531e-05
6.43916e-05
6.70455e-05
8.31028e-05
5.75499e-05
5.59402e-05
0.000142265
0.000138091
0.000122206
6.53768e-05
8.47475e-05
5.84934e-05
0.000140641
0.000106192
0.000120455
7.33035e-05
6.42386e-05
6.00638e-05
6.67424e-05
5.80028e-05
5.8713e-05
0.000139805
7.62404e-05
5.91792e-05
0.000109058
0.000139332
0.000118385
0.000122979
5.68824e-05
0.000141136
0.000123613
9.92359e-05
5.97288e-05
6.57038e-05
6.09366e-05
0.000142429
6.71947e-05
6.81346e-05
0.000103054
0.000104305
9.40967e-05
9.11283e-05
0.000139532
5.62116e-05
6.25271e-05
5.64469e-05
7.39541e-05
5.95133e-05
7.99282e-05
0.000136109
5.50719e-05
7.7545e-05
0.000136393
5.55873e-05
5.59045e-05
0.000106309
4.98815e-05
5.86408e-05
9.72753e-05
0.000101403
0.000128204
9.55016e-05
9.94024e-05
7.01732e-05
0.000118909
8.17211e-05
6.73552e-05
0.000132073
0.0001352
0.000105696
0.000137547
0.000120524
0.000121088
6.89786e-05
8.31326e-05
0.000120896
0.000135727
0.000200556
0.000123501
0.000122794
0.000123947
0.000124469
0.000128929
0.000128185
6.12205e-05
7.6044e-05
6.89858e-05
7.09104e-05
6.09061e-05
0.000158356
0.000119576
7.58428e-05
8.52124e-05
5.97011e-05
5.0247e-05
7.57379e-05
8.94052e-05
9.14604e-05
8.49086e-05
5.84561e-05
0.0001107
8.75585e-05
0.000153668
8.84617e-05
5.78442e-05
4.83935e-05
7.20709e-05
0.000111748
9.51401e-05
7.21326e-05
9.2894e-05
9.31689e-05
7.6699e-05
7.75983e-05
9.56292e-05
6.13234e-05
0.00013502
5.96164e-05
6.1078e-05
0.000132897
9.50934e-05
9.68346e-05
9.57254e-05
8.44642e-05
8.301e-05
0.000110365
)
;
    }
    procBoundary5to1
    {
        type            processor;
        value           nonuniform List<scalar> 
57
(
0.00351428
0.0041072
0.000752637
0.0029505
0.00185085
0.00068657
0.000791517
0.00249895
0.0025113
0.00447771
0.00336859
0.00476474
0.00486408
0.00321694
0.00315166
0.00598622
0.00140156
0.00102128
0.00330171
0.00330171
0.00305935
0.00447771
0.00612981
0.00151447
0.00252317
0.00166155
0.00239012
0.00192678
0.00646868
0.00198314
0.00347471
0.00464183
0.00324715
0.00414425
0.00468852
0.0027544
0.00454062
0.00186661
0.00103229
0.00242454
0.00256448
0.00349527
0.00661754
0.00496151
0.00267897
0.0052385
0.00646037
0.00242429
0.00563894
0.00301144
0.0052381
0.00346069
0.00437432
0.00154318
0.00247438
0.00407824
0.00429171
)
;
    }
    procBoundary5to2
    {
        type            processor;
        value           nonuniform List<scalar> 
94
(
0.00138236
0.00132139
0.00474666
0.00466402
0.00268503
0.00236989
0.00150536
0.00131004
0.0020294
0.00191023
0.00164577
0.00286347
0.0023189
0.00132725
0.00332344
0.00204568
0.0044055
0.00121944
0.00208041
0.00137598
0.002664
0.00449152
0.00210644
0.00183427
0.00134184
0.00246908
0.00121999
0.00353133
0.0016547
0.00505876
0.00150765
0.00273983
0.00215063
0.00107514
0.00232125
0.00403524
0.00198727
0.00127633
0.00325304
0.00246953
0.00220469
0.000520745
0.00153188
0.00348542
0.0026391
0.0017568
0.00406111
0.00409589
0.000541314
0.00125746
0.00492228
0.00545502
0.00317383
0.00190074
0.00142484
0.00155781
0.00161663
0.0014296
0.0026391
0.00175778
0.00269199
0.00138005
0.00184635
0.00282042
0.00279118
0.00173536
0.00189961
0.00181295
0.00190292
0.00177238
0.0016017
0.00245932
0.0026627
0.00205021
0.00170857
0.00132162
0.00144751
0.00466203
0.0018545
0.0019427
0.00428764
0.00465352
0.00170532
0.00246908
0.00169377
0.003589
0.00327993
0.00403683
0.00111537
0.00101878
0.00161934
0.00190074
0.00187393
0.00144647
)
;
    }
    procBoundary5to3
    {
        type            processor;
        value           nonuniform List<scalar> 
57
(
0.00277654
0.00240747
0.00104052
0.00156404
0.00635111
0.00126459
0.00247988
0.000859395
0.00238625
0.00377246
0.000874146
0.000776929
0.000764752
0.000828191
0.000828191
0.000723569
0.00114343
0.000844963
0.00255274
0.00120117
0.000942384
0.000521397
0.00422332
0.00101578
0.0006759
0.00448222
0.000481384
0.00232555
0.00198589
0.00196897
0.0017165
0.000978144
0.00086733
0.00225448
0.00169023
0.00112965
0.00157685
0.00258232
0.00398562
0.00155432
0.0018326
0.0016447
0.00335522
0.000995548
0.000525263
0.00142212
0.00343822
0.00352051
0.00123466
0.000970531
0.00325098
0.00118585
0.00117864
0.00101231
0.00133673
0.00117993
0.00178088
)
;
    }
    procBoundary5to4
    {
        type            processor;
        value           nonuniform List<scalar> 
222
(
0.00534524
0.00422028
0.00409576
0.00135039
0.00472361
0.00382601
0.00170184
0.00594933
0.00467576
0.00178237
0.00178237
0.00623168
0.00557211
0.00466063
0.00495425
0.0030204
0.00148569
0.00284139
0.00039461
0.00502411
0.00502411
0.000649843
0.000415915
0.00624563
0.00347092
0.00197012
0.000454386
0.00275156
0.00591328
0.00630557
0.00192851
0.00428059
0.00618243
0.0068264
0.00193112
0.00216643
0.0060515
0.00329017
0.00106116
0.00261762
0.00110346
0.000403208
0.00304404
0.00398503
0.00568105
0.000191117
0.000848309
0.00299807
0.000326317
0.00107361
0.00128868
0.00119319
0.00502277
0.0064748
0.00372246
0.00389209
0.00243019
0.00167399
0.00327339
0.00297444
0.00355177
0.00703639
0.00040699
0.00132288
0.00663224
0.00600639
0.00021528
0.00655618
0.00585277
0.0048981
0.000769515
0.000421115
0.00292998
0.00257438
0.000543521
0.00428639
0.00681222
0.00583087
0.00179504
0.00120534
0.00469206
0.00188037
0.000256375
0.00298369
0.000385338
0.000385338
0.00167801
0.00021606
0.00602413
0.00391518
0.0042935
0.00381101
0.00124771
0.000919348
0.00553657
0.00165741
0.00155008
0.00258739
0.00561976
0.00522173
0.00304363
0.000650715
0.00224253
0.0055364
0.00216495
0.00338672
0.00720207
0.00730315
0.00108047
0.000939781
0.00169345
0.0013828
0.00134005
0.00404594
0.000684063
0.000377947
0.00591691
0.00585733
0.00167301
0.00547109
0.00455681
0.00329716
0.00729424
0.00120921
0.00678678
0.00719879
0.00493887
0.00451858
0.00596419
0.00107763
0.00271904
0.00193402
0.000946865
0.00318225
0.00536481
0.00441216
0.00161118
0.00676161
0.00609892
0.00315072
0.00645084
0.00692226
0.0071204
0.00425141
0.00415293
0.00268551
0.00185085
0.00183945
0.00247615
0.000347142
0.00493879
0.000538719
0.0032153
0.00592692
0.00377129
0.000878283
0.00107746
0.00352276
0.00193438
0.002384
0.00238856
0.00388787
0.000759957
0.00414382
0.00523379
0.00551856
0.00203723
0.00100164
0.000307478
0.00330528
0.00641909
0.000621172
0.00512229
0.00406025
0.000349869
0.0069369
0.00331058
0.00318007
0.00118593
0.00573733
0.0060359
0.00051951
0.0025112
0.000239077
0.00298883
0.00103852
0.00330722
0.000946865
0.00102507
0.000611025
0.00331286
0.00069362
0.00033024
0.00245558
0.00334785
0.00313619
0.00393013
0.00175214
0.00222619
0.00146087
0.00618085
0.0011536
0.00286841
0.00673435
0.005042
0.000983749
0.00317429
0.00221475
0.000323937
0.00176299
0.00224123
0.00223299
0.00454699
0.00680038
0.00330538
0.00278617
0.000611025
0.00531533
0.00381896
0.00144477
0.000907832
0.00107746
)
;
    }
    procBoundary5to7
    {
        type            processor;
        value           nonuniform List<scalar> 6(0.00307226 0.00325817 0.00404184 0.00525748 0.00251163 0.00565655);
    }
    procBoundary5to8
    {
        type            processor;
        value           nonuniform List<scalar> 4(0.00429529 0.00451132 0.00276727 0.00408475);
    }
}


// ************************************************************************* //
