/*--------------------------------*- C++ -*----------------------------------*\
| =========                 |                                                 |
| \\      /  F ield         | OpenFOAM: The Open Source CFD Toolbox           |
|  \\    /   O peration     | Version:  2506                                  |
|   \\  /    A nd           | Website:  www.openfoam.com                      |
|    \\/     M anipulation  |                                                 |
\*---------------------------------------------------------------------------*/
FoamFile
{
    version     2.0;
    format      ascii;
    arch        "LSB;label=32;scalar=64";
    class       surfaceScalarField;
    location    "0.01535";
    object      phi;
}
// * * * * * * * * * * * * * * * * * * * * * * * * * * * * * * * * * * * * * //

dimensions      [0 3 -1 0 0 0 0];

oriented        oriented;

internalField   nonuniform List<scalar> 
7391
(
0.0494273
-0.0393459
0.0316787
-0.0417601
0.039328
0.0265329
0.0238856
-0.0897465
-0.0405794
0.00874274
0.0366833
-0.00484669
0.0913959
-0.0898147
0.0232702
-0.0248514
0.0125538
-0.0170749
0.000686583
0.00383457
-0.0364594
0.106446
0.0603535
-0.13034
-0.0838775
0.10948
0.00700123
-0.0326032
-0.0443259
0.0104491
0.00229392
0.0315828
-0.0498788
-0.0415133
0.0643164
0.0270757
-0.0337126
0.0397415
-0.0135519
0.00752297
0.0279408
-0.0505953
0.0226544
0.0900712
-0.0256564
-0.0133902
-0.0510245
0.0751658
-0.00662629
-0.0201825
-0.048357
0.0685843
0.0050145
-0.0179748
-0.0556239
-0.0402175
-0.0514126
-0.055676
0.147306
0.00572905
-0.0286934
0.0192716
0.0239741
-0.0086306
0.0367191
0.0224168
-0.0214715
-0.0632676
0.0623223
0.0445824
0.0560525
0.0183995
-0.119034
0.0370125
0.0131225
-0.00188129
-0.0482536
-0.0827238
0.00207423
0.0806495
0.00143928
-0.100124
0.165416
-0.0667314
0.0886168
-0.150116
0.030931
0.0305686
-0.0851079
0.143313
-0.106328
0.0481229
0.0851168
0.113564
-0.0770913
-0.121589
-0.0950489
-0.02768
0.110796
0.0119333
-0.0576271
0.0603176
-0.00269044
0.0200038
-0.0485285
-0.0553528
-0.0518616
0.0430763
0.0975902
-0.0888049
0.0646305
-0.0386127
0.0255328
-0.0515505
-0.086048
0.0942952
-0.104565
0.0963181
0.00160209
-0.0343723
-0.0100175
0.0427877
0.0453567
-0.0683815
-0.0617032
0.084728
0.0750947
-0.0650834
0.028599
-0.0386103
-0.04106
0.0538927
-0.0112306
0.0987179
-0.0491803
-0.0495377
0.0486863
-0.0173473
-0.00516349
-0.0261755
-0.0507876
0.0417038
-0.00813835
0.0172221
-0.0335392
0.114353
-0.0480203
-0.0327937
0.042416
0.0286917
0.0376004
-0.108708
0.107161
-0.2471
0.105631
0.0343076
-0.0355971
-0.0266445
-0.019221
0.0814626
0.055831
-0.0288269
-0.0513885
0.0243845
0.052669
-0.0615756
0.0647376
-0.0626573
0.0471258
0.0155316
-0.0604087
-0.0159493
0.00968263
0.0666753
-0.0697872
0.149513
-0.067105
-0.0126208
0.0371818
0.0374174
-0.0745992
0.0874176
-0.0482991
0.0579818
0.0364486
0.0110592
-0.00574055
-0.0417673
-0.0390266
0.0351888
0.0144278
-0.01059
0.0310672
-0.0250802
0.00111438
-0.00710134
0.0735005
-0.0729858
-0.0240394
0.0235247
0.0741396
-0.041343
0.0190225
-0.051819
0.0510508
-0.098164
0.0566567
-0.00954353
-0.0240552
0.0485291
-0.0131879
-0.011286
-0.00731108
-0.12324
0.176594
-0.0460431
0.00986112
0.00948456
-0.0620266
0.042681
0.0503081
0.00580967
-0.0462567
0.0122993
0.065934
-0.0687487
0.00273459
-0.053734
-0.0110272
-0.035587
-0.00780271
0.0461243
-0.00163694
0.00132311
1.7867e-05
0.000295967
0.00023437
-0.000305594
-0.000433569
0.000504792
-0.00401593
-0.00764757
0.00901749
0.002646
0.0550108
0.0437349
-0.0173626
0.0976514
-0.0939677
-0.0206884
-0.109792
-0.00660401
-0.0452629
0.161659
-0.009372
0.00572171
0.140359
-0.136709
0.065541
0.0192559
-0.00568996
-0.0791069
-0.0565182
0.0286235
0.0278947
-0.117959
0.02351
0.00748237
0.0869663
0.0387622
-0.0419788
-0.0198615
0.0230781
0.0469566
-0.0583505
0.050156
0.0338793
-0.0361204
0.00120735
0.00103373
-0.0338499
-0.0095048
0.00646542
0.0368893
0.00996615
-0.100868
0.0489234
-0.0884905
0.0939769
0.0375146
-0.043001
0.056955
0.033524
-0.0797967
-0.0106824
-0.048059
0.140222
0.0059268
-0.09809
-0.0432092
0.0285959
0.104023
-0.0894093
-0.0507268
-0.0276831
0.056169
0.0222409
-0.099859
0.100355
0.000358727
-0.010908
-0.00191445
0.0124637
-0.00865514
-0.000145697
0.00481029
0.00399055
0.0269937
0.00994632
-0.03694
0.00103327
-0.00119619
-0.00849221
0.0722025
-0.043365
-0.0510284
0.0221909
0.00191291
-0.0250892
-0.0211496
0.0685229
0.0432474
-0.0395678
-0.0079656
0.00935759
-0.0462181
0.0376939
0.0224283
-0.0139041
-0.048512
0.0302347
-0.0023437
0.160444
-0.160406
0.00230622
0.109238
0.0160778
-0.0158364
-0.00947743
-0.0051136
0.00473885
-0.00553134
0.000469374
-0.00899615
-0.0959132
0.108962
-0.0232736
0.0102244
-0.0129371
-0.00207164
-0.0143562
0.000180301
0.00237181
0.0663485
-0.0462838
0.0114836
-0.0315484
0.0378997
0.0567835
-0.0283347
-0.0273862
0.0549167
0.028611
-0.0561415
0.0278317
-0.0552178
-0.000208465
-0.00059255
-0.0329116
0.0124502
-0.0099813
0.079174
0.0698183
-0.0536787
0.0968849
-0.113025
-0.0233556
0.11512
-0.0538649
-0.0423632
0.0452008
0.0520791
-0.0379875
0.0365803
0.00140726
0.0409569
-0.0806008
0.0742165
-0.0345727
-0.0553316
0.051222
0.0863557
-0.082246
0.00412215
-0.000539811
0.00226037
-0.00584272
-0.00287076
0.000283795
0.0417628
-0.111971
0.105121
-0.0349129
-0.00357773
0.00155456
-0.00484489
0.00410378
-0.00723672
0.00259313
-0.0213264
-0.00966461
0.117397
-0.086406
-0.0260615
0.0599513
0.0412049
-0.0720678
0.0287028
-0.122924
0.0455488
0.0773747
-0.0433571
-0.032988
0.0278331
0.0481845
0.154486
-0.221209
0.0185384
-0.0920488
0.0669009
0.0239101
0.00123782
-0.0136682
-0.00362893
-0.00144107
0.0177271
0.111696
-0.0487372
-0.0806858
-0.1546
0.0844898
0.0768545
-0.00674386
-0.0391676
0.0419121
0.00807658
-0.0108211
-0.0424982
-0.0435499
0.0458239
0.0143734
0.00226933
-0.0624666
0.0273161
-0.0337016
-0.0512416
-0.0278382
0.0556698
0.00408887
-0.0111003
0.0686991
-0.0616877
-0.0321616
-0.0294641
0.0616257
0.0322298
-0.0643914
0.0497836
-0.0048364
-0.0449472
0.0398951
0.0354572
-0.126529
0.0511771
-0.0994951
0.0614925
0.0778977
0.0331364
-0.100402
-0.0458676
0.108614
-0.0399705
-0.0227759
-0.029714
0.0453389
-0.0556756
0.109708
-0.0540323
0.00353243
-0.0457417
0.0091185
0.0330908
0.077526
-0.0293431
0.0334341
0.076108
0.0408311
-0.0373629
-0.0795762
0.0308404
-0.0310211
0.00018073
0.0144755
0.207376
-0.157357
-0.0644947
0.00575856
-0.00290565
-0.0206758
0.0163094
-0.141681
-0.0240266
0.149398
-0.00461158
-0.0119577
-0.0275645
0.0441338
-0.00843501
0.0331501
-0.0307667
0.0344367
-0.0332344
0.028132
-0.0293343
0.000343098
-0.0002787
0.0405809
0.0160977
-0.089913
-0.0407169
-0.000135991
0.00705492
0.0354464
-0.0320522
0.0333779
-0.0238799
-0.0232687
0.0137706
0.123378
0.0601451
-0.0934522
-0.0567341
0.0279072
-0.0386782
0.0267412
-0.0394515
-0.0374305
-0.0133025
0.043678
0.00705495
0.0312203
-0.0193841
0.0811086
-0.0929448
0.0409344
0.0333988
-0.0743332
0.0721547
-0.00281188
-0.00623694
-0.00112328
0.00620266
-0.0118046
0.0241082
-0.0185063
0.0341335
0.039626
-0.0213454
-0.0524142
8.36135e-05
-0.0103418
0.00872791
0.00153032
-0.0448604
0.00229024
0.0128421
0.029728
-0.0323705
-0.0135437
-0.00640328
-0.0506589
0.00304375
0.103765
-0.05615
-0.067134
0.0662393
0.000894619
-0.0100359
0.066478
-0.0340253
-0.0385719
-0.0405877
0.0463449
0.0328148
0.0726867
-0.0328741
-0.0338814
-0.00593114
0.0877445
0.016986
-0.160062
0.0729926
-0.0284612
0.070706
-0.115237
-0.00215231
0.00132809
-0.0333146
-0.0638113
0.00978647
0.0595896
-0.00556476
-0.0560957
0.00325883
0.0528368
-0.0147834
0.00884121
-0.00490915
0.0108513
0.0455446
-0.100389
-0.0133211
0.0681659
-0.00421166
-0.0030056
-0.00159567
0.0215788
0.0357573
0.00822058
-0.0655567
-0.0536764
4.62346e-05
-0.000103821
0.00525344
0.00642868
-0.0182934
0.00661129
-0.00547465
-0.026623
0.0620885
-0.118726
-0.0392756
0.0206716
-0.0197929
0.0376138
-0.0384925
-0.00127806
0.038798
0.00370528
-0.0412252
0.0102197
-0.000582398
-0.00714562
-0.00249173
-0.0212812
0.0540438
-0.0382372
0.0355408
0.000216571
0.0204546
0.10115
-0.11853
-0.000498365
0.000868847
-0.000567062
0.00019658
0.00366621
-0.00132859
-0.0154929
0.0131553
0.00641373
-0.000840438
0.00802325
-0.0135965
0.0102867
-0.0166069
0.0185134
-0.0121932
0.0770545
-0.00188873
-0.0189681
0.0509479
0.0178219
-0.0498017
-0.0303825
-0.0159427
0.0463252
-0.0489074
0.0323239
-0.0169557
-0.0493506
0.0862674
-0.0374811
-0.0405229
0.103737
0.0322002
-0.106562
0.00585569
0.001627
-0.00358156
-0.00390112
-0.00154228
0.00563814
0.144291
0.00316227
-0.00414774
0.00177053
-0.000785058
-0.000252489
0.0038071
0.0355548
0.0287754
-0.0110076
-0.0533226
-0.000808452
-0.0356871
0.0598339
-0.0233384
-0.00139149
-0.00321625
0.00307856
-0.00200706
0.00406512
-0.00231055
-0.0368081
-0.0359954
0.0728036
0.0394431
0.0411388
-0.0805819
-0.0278749
0.116204
-0.0421123
0.0177049
0.00106379
-0.0200468
-0.0240018
-0.00042101
-0.00184594
0.0262688
-0.086228
0.0746362
-0.0581953
-0.00430214
0.00395828
-0.00310571
0.00344957
0.0338797
-0.0730668
0.0391871
-0.0968486
0.0247886
0.031759
0.040301
-0.0164519
-0.023529
-0.038129
0.0781098
0.00162552
-0.010263
0.00486334
0.00377411
0.0396541
0.0423283
-0.0819824
-0.131222
-0.0205876
0.140701
0.0111087
0.0509378
0.0158864
-0.000159443
-0.0666647
0.0513216
-0.000383796
0.0605165
-0.043497
-0.00113308
0.0396772
-0.132489
0.079716
0.0130959
0.0569656
-0.0845869
0.0655905
-0.0379691
-0.000151479
0.0271452
-0.0518934
0.052409
-0.000515561
0.079272
0.00909679
-0.0198459
-0.126945
0.117349
-0.0659951
0.0755914
-0.027089
0.0193666
-0.0353449
0.0430672
-0.0111983
-0.00536213
0.0101213
0.00643914
-0.00676699
0.0273591
-0.0446474
-0.00801788
0.00536365
0.0392586
-0.0366044
-0.0469929
-0.000666778
0.0476597
-0.00702909
0.00991569
-0.000870112
-0.00201649
0.0254186
0.0303951
-0.0558136
0.0245223
-0.0556533
0.0688249
0.0677704
-0.0540111
0.0540065
-0.0677658
0.134055
-0.00253314
0.0129427
0.00777886
-0.0181884
0.0258113
-0.0421649
-0.112667
0.0397512
0.115081
0.0423834
-0.0845484
-0.0814991
0.084811
-0.0289682
0.0201777
-0.0703887
0.050211
0.0692741
-0.0529647
-0.00843524
0.00333228
0.0322066
-0.0271036
-0.0756327
-0.0295341
0.0145773
0.0905895
0.0370971
-0.0355032
0.0196759
-0.0212699
0.0426753
-0.0380215
-0.135253
0.130599
0.0414313
-0.109098
0.111904
-0.0442381
-0.059343
0.0352839
0.0416113
-0.0175522
-0.0574705
0.040163
-0.0490808
0.0663884
0.0310357
-0.0508892
0.0198535
-0.0260593
-0.000599553
0.00178576
-0.00468446
0.00262202
-0.00231989
0.00438232
-0.0661413
0.0661169
2.44132e-05
-0.0592745
-0.002778
0.0143443
0.048471
-0.0629747
-0.0342045
0.0673409
-0.0676368
0.0334323
-0.0306726
0.000727237
-0.00296371
0.0329091
-0.0591631
0.0658009
-0.00548246
-0.00115539
-0.0176133
0.00031171
-0.0291739
0.0464754
-0.0595298
0.000366702
-0.00133301
-0.0731885
0.0364854
0.00897778
0.0277253
-0.0244644
0.000195532
-0.095878
0.0896663
-0.101325
0.107536
0.0390416
0.0155193
0.0133602
-0.0679211
0.00352086
-0.0250012
0.0337797
-0.0604399
0.0637234
0.0357581
-0.028883
-0.0232762
0.0447542
0.00740506
-0.0278794
-0.0150952
0.0140916
0.00024008
0.00116492
-0.0618449
0.0505482
-0.0251232
0.0344537
-0.000345615
-0.0246556
0.034535
-0.0668275
0.0322925
0.0667352
0.0287448
-0.0418054
-0.0275828
0.0360801
-0.0242811
0.0157838
0.0176913
-0.06371
0.0191405
0.0268782
0.105422
0.0062185
0.0463028
-0.157943
0.117336
-0.0683965
-0.0621513
0.0132116
0.0741411
-0.0765389
0.0372006
-0.0348027
0.00132479
-0.001191
0.000479689
-0.00061348
-0.00222008
0.00346035
-0.000727989
-0.000512281
-0.0218435
-0.0157738
0.0356341
0.00198326
-0.0455341
0.0178511
0.0277122
-0.0470963
-0.00417018
-0.00222331
0.0062339
0.000159598
0.00195594
0.000765705
0.00128289
-0.00400454
-0.0900432
0.149162
-0.0164439
-0.0498549
0.049988
0.017718
-0.108474
0.139728
-0.0888219
0.0360857
-0.0402087
-0.000220317
0.0437585
-0.00754411
-0.035994
0.00552565
-0.0104731
-0.0118108
0.0167582
0.00210801
-0.00167744
9.88828e-05
1.20838e-05
-0.035223
0.0335314
-0.110046
0.111738
-0.0664804
0.0312574
0.00201479
-0.00349093
-0.00657671
0.00805285
0.0537107
-0.0523214
0.00122821
-0.00261758
0.0127601
-0.0222649
-0.0197697
0.0292745
0.0361129
-0.0349774
-0.0315546
0.0304191
-0.00810227
0.00053048
-0.0334912
0.150301
-0.14921
-0.0491504
-0.0811639
0.00493698
0.0161285
0.0600985
0.000866201
-0.00254283
-0.00916592
0.0108425
0.0473797
-0.0610029
-0.0243643
0.0034885
-0.00967903
0.00161048
0.00458005
-0.0299778
0.0820949
-0.0734435
-0.0500506
-0.00586
0.0559106
0.0332827
-0.0339649
0.00068224
-0.104245
0.0346568
0.0272712
-0.0203643
0.00376947
-0.0106764
-0.0120253
-0.0313279
-0.0281981
0.0715513
-0.0089878
0.00271201
0.00450239
-0.00666026
0.0922101
-0.0901405
0.00459067
-0.00500706
0.00674053
-0.00786733
0.00613385
0.00292624
-0.0168945
-0.049843
0.0411199
-0.0120316
-0.0411744
0.012086
0.248272
-0.126398
-0.0520555
0.0371919
0.0289235
-0.0661154
-0.0610694
0.0333198
0.0649415
-0.00123152
-0.00210832
0.00113356
0.0545278
-0.0228723
-0.0369602
0.00530462
0.0534086
-0.0375488
0.00495342
-0.0208132
0.0215729
0.0268009
-0.00105513
-0.0473187
0.00220129
0.00849462
-0.00650975
-0.00418616
-0.00693882
-0.00185095
0.00783034
0.000959434
-0.00257989
0.00029914
0.00173341
0.000547337
-0.0150547
-0.0288976
-0.000285852
-0.000505761
0.0296892
-0.015292
0.000699798
-0.00257623
0.0371574
0.0212531
-0.0251278
0.0283116
-0.0202879
-0.0348622
0.0268384
0.00388717
0.000270724
0.0241537
-0.0362161
0.0176366
-0.00929993
-0.000614803
0.0201725
0.0192403
0.0810853
-0.017283
0.0380425
-0.0325391
0.0117796
-0.0607319
0.0188652
0.0490799
-0.00721328
-0.000398022
-0.0015539
-0.000114764
0.00206668
0.038614
0.0167939
0.0679704
-0.0484207
0.0110431
0.0519645
-0.0145869
0.0240138
-0.0593377
0.0353239
0.126502
0.0672336
-0.145551
-0.00107978
0.00190507
-0.00171912
0.000893823
0.00185657
-0.000921262
-0.00486553
0.0281238
-0.0294129
0.0754301
0.0664255
0.00401323
-0.0556415
-0.0147972
-0.0159727
-0.0685343
0.0668938
-0.0360438
-0.146188
0.114095
0.0681368
0.0434863
0.0527657
0.0378034
-0.0391677
-0.0322216
0.0380313
0.0333579
-0.020076
0.0223853
-0.0244412
0.0221319
0.0536791
0.000213577
-0.0051819
-0.00705403
0.00617129
0.00606464
0.043144
-0.117844
0.0663606
0.00833952
-0.0211502
0.00883503
-0.00706174
0.0193769
-0.0533179
0.00600638
0.0478287
-0.000517182
-0.0964703
0.0488647
-0.00613715
0.0537427
-0.0359755
0.0447584
-0.0148481
0.0060652
0.0237548
0.0482825
-0.0295688
-0.0424685
0.0350203
-0.0644844
0.103403
-0.108051
0.039668
0.113207
-0.0536406
0.0438363
0.0268154
0.0142889
-0.092301
0.0511967
-0.0111539
-0.0327152
0.0527085
-0.00883946
0.0141669
-0.0414054
0.0556169
-0.0490794
0.00132485
-0.03404
0.0209986
-0.066573
0.0723899
0.0588525
-0.0594683
0.000615764
0.0654896
-0.0736865
0.0416202
-0.0334233
0.0306378
0.00570893
-0.0287554
-0.00759137
-0.0467116
-0.0300833
0.0383438
0.0384511
0.0329766
-0.08487
0.00675974
-0.0679025
0.0611427
-0.000593958
0.0262224
-0.000217859
-0.0254106
-0.0596603
0.0293326
0.106436
0.00775286
-0.00648289
-0.00544015
0.00754453
0.0134488
-0.0351
0.0141067
-0.0730165
0.0973409
-0.0157092
-0.051638
0.0718571
-0.0791067
-0.0270833
0.0640862
0.0194799
-0.0564828
-0.0588397
0.0317564
0.0480595
0.0645558
-0.0720659
0.0433165
0.056658
-0.0279085
0.0357515
0.005732
0.00428951
-0.045773
0.00177347
-0.00423233
0.000587168
-0.0739829
-0.0264426
0.0287944
-0.00887224
0.00195994
0.00136595
0.00554636
-0.0355559
0.0092452
-0.0330323
0.000663406
0.00429219
-0.00110753
-0.00384807
0.00234418
0.00505496
-0.00785692
0.000457786
0.000290502
-0.000457002
-0.000331864
-0.0806232
0.0388454
-0.0337044
0.0754822
-0.00202665
-0.000624453
0.00339774
-0.000746637
0.0114769
-0.0162096
0.00284017
0.00189249
-0.00507811
0.0139327
0.00259854
-0.0114531
0.00373711
0.0200219
-0.0382532
-0.000994841
0.00125551
-0.0382458
0.0800131
-0.0417673
-0.0786318
0.040386
0.000746293
0.000122554
0.0411496
0.00515197
-0.0188385
-0.0274631
0.0071213
0.0184676
-0.106613
0.0810244
0.0196848
-0.018187
0.00551134
-0.00700913
-0.00139699
-0.00037639
0.00142673
0.00034665
0.00881261
0.000177693
-0.00417283
-0.00481747
0.009113
0.00259584
-0.0133074
0.00159855
0.0319448
0.00953229
-0.00437999
-0.00485513
-0.033053
-0.00229814
0.0453434
-0.0541413
0.048931
-0.0401331
0.0414886
0.0172071
-0.00679128
-0.0519044
-0.000949017
-0.000823036
-0.00224301
0.00401506
-0.00953966
0.0132691
-0.00432202
0.000592534
0.0328083
0.000404394
-0.0830915
-0.0781338
0.0366205
-0.00227187
0.0129345
-0.00876396
-0.00189868
-0.0693936
-0.0134791
0.0559362
0.0269364
0.0173326
-0.00671731
-0.0140159
0.00340058
0.00233977
-0.000970506
-0.00601355
0.00464429
1.57539e-05
-0.010332
0.00826364
0.00205258
0.0691672
-0.0258446
0.000232519
0.0105673
0.00259901
0.0271859
-0.0403522
0.11949
-0.0683806
0.0220866
0.0373947
-0.125124
0.0656426
-0.0431181
0.0217727
-0.059704
0.0411404
-0.00728103
0.0130882
-0.0175928
0.0371743
-0.00518939
-0.0492679
-0.0108819
0.000445796
0.0543612
-0.0439251
0.0401348
-0.0339494
-0.00640567
0.00178346
-0.00906865
0.0055547
-0.0647544
0.0346535
-0.0430876
0.0540313
-0.0541828
0.0613453
0.0237532
-0.0282226
0.000921963
-0.0217977
0.0105112
-0.0308808
0.0317509
-0.0113813
0.0321049
-0.0412405
0.00508279
0.00950819
-0.0565635
-0.064109
0.111164
0.0484346
-0.0240502
0.110612
0.024215
-0.0482651
0.0417911
-0.0694681
0.0543922
-0.0148462
0.029922
-0.0691104
-0.000357702
0.036783
-0.0314194
0.00792818
-0.0555738
0.0955839
-0.0479383
0.0727824
-0.0280712
0.00914371
-0.0405631
0.0182004
0.0335135
-0.0494562
0.0243312
-0.0347771
-0.00686755
0.0173135
0.0521883
0.0499095
0.0240035
0.0675038
-0.0518301
-0.0506922
0.0512746
-0.000582335
0.000629331
0.0686518
0.0200228
-0.0460843
0.0125566
-0.0664526
0.0538961
0.0126711
0.126827
-0.0795469
-0.0115623
-0.0288504
-0.0203192
-0.0404897
-0.00600161
0.00836704
0.00521284
-0.00597496
-0.0458341
0.112512
-0.021493
0.0373721
0.0212952
-0.00704484
0.0439136
0.00428084
-0.0550057
0.00109723
0.0172322
-0.0207857
-0.0159768
0.0195303
-0.0948339
-0.000209852
0.0301446
0.0648992
0.110444
-0.0425502
-0.0860422
0.0181486
0.0646381
0.0205668
-0.093275
0.00807005
-0.138965
0.0149889
0.0467293
0.0772471
0.0306152
-0.00637521
-0.0269455
0.00270548
-0.0022055
0.0331642
-0.0286508
-0.00230798
0.0452137
0.0369344
-0.0881558
0.00600768
0.0349616
-0.0344245
-0.0955861
0.0320879
-0.0118778
-0.0958427
-0.0937743
0.0737267
-0.0265056
0.0465532
0.0119898
0.00370959
0.0458385
-0.0615379
0.0563334
-0.017801
0.064397
-0.101673
-0.0413313
0.078607
0.0337887
0.101116
-0.0393893
-0.0602872
0.019476
0.0728002
-0.134418
0.0421422
-0.0901622
0.0664707
0.103705
0.081254
0.0198618
-0.0388545
-0.00225698
0.0589043
0.000679789
-0.0595841
-0.000421985
0.121746
-0.00440851
0.0433089
-0.160646
-0.0135252
0.051894
0.0161591
0.0283707
0.0454539
-0.0595357
-0.0143408
-0.0161267
-0.0135549
-0.00921258
0.0388941
-0.000243217
0.0777223
-0.0774791
-0.0110834
0.0341224
-0.0391657
-0.0321042
-0.0209193
0.0340755
0.018948
-0.0488028
0.000138954
-0.0409855
-0.0376463
0.00501822
0.00233059
0.00649221
-0.013841
0.000748406
0.0507784
0.0185353
-0.0116562
-0.0310329
-0.0109133
0.00941141
0.000305674
-0.0136176
0.0202343
0.0648321
-0.0441187
-0.0307493
0.0120368
0.0253397
-0.00199354
-0.035383
0.00412829
-0.00360223
0.00296537
0.0157775
0.0473958
-0.0661386
0.0625285
-0.0618581
-0.000670346
-0.025379
0.00456259
0.0133914
0.00742504
-0.00277854
-0.00285348
0.0275943
-0.0219623
-0.0290582
-0.0139685
-0.0043651
-0.00112563
-0.00991478
0.00875466
0.00228575
-0.0138063
-0.0352533
0.000256763
-0.00696076
-0.0593426
0.0524971
0.158031
-0.0432244
-0.0306561
-0.0841502
-0.0554483
-0.076507
0.0104861
0.121469
-0.052747
0.091604
-0.122563
0.0837062
-0.0841937
0.00146996
0.000615012
-0.00131349
-0.000195286
0.000216449
-0.0139227
-0.00103901
0.00605758
0.00890414
0.00974674
-0.00827745
-0.00374116
-0.00430566
0.00870696
-0.0086471
0.0042458
0.0385312
-0.0803694
0.0292627
-0.0155972
0.0280971
-0.0417626
0.0245359
-0.0107018
-0.0831289
0.11514
-0.0308671
-0.00114431
0.0421876
0.0143384
-0.056526
0.000826278
0.0397243
-0.0405506
0.00982682
0.0252594
-0.0240391
-0.0110471
0.00562859
-0.0385024
0.00425385
-0.0530512
0.0660139
0.0298945
-0.0428572
-0.0366663
0.0231426
-0.0456786
0.0592022
-0.00227689
-0.0107794
0.0179118
-0.00485549
0.00878941
-0.0334725
0.000681199
-0.0106386
-0.0529345
-0.0329895
0.0327811
-0.0538396
0.0507286
0.023944
-0.0208331
-0.000815045
0.00453811
0.00602367
-0.0389172
0.00710146
-0.0117938
0.0436095
-0.0288671
0.0486708
0.0211092
-0.0409129
0.000765488
0.00752294
0.00318847
-5.04364e-05
-0.00896512
0.00938983
-0.000374279
0.0413938
0.00176143
-0.0678788
0.0247236
-0.0221751
0.097542
-0.110923
0.0524343
-0.0326326
-0.0206102
-0.00654129
-0.00195922
0.0107018
0.00305582
-0.00942725
0.00871561
0.000930063
0.000547292
-0.00284239
0.00136504
0.0390666
0.0258435
-0.0268724
-0.0380377
0.0315341
-0.00491956
0.013127
-0.0141731
0.0032257
-0.0141161
-0.0475837
0.0220395
0.0249294
0.00497792
0.0375685
0.0037055
-0.0462519
-0.00791377
0.00328513
-0.00184733
-0.0255352
-0.0326033
-0.0255349
0.0836733
0.0301112
-0.0360916
-0.041645
0.00689935
-0.0388595
-0.0137198
0.0456799
0.00534386
-0.00622856
0.000210988
0.000673718
0.000539444
0.00394709
-0.0118636
0.0202168
-0.00767969
-0.014814
0.0163674
1.57335e-05
-0.0629809
0.0465978
-0.00550746
-0.000290378
-0.0203081
0.0261059
0.0271399
0.0146269
-0.0514791
0.0107569
0.0217077
-0.0229364
-0.00952831
-0.105272
0.0875692
0.139449
-0.00308615
0.00853935
-0.00966486
-0.0100405
0.0141725
0.0428245
1.25271e-06
-0.000568315
-0.000144517
-0.000931694
0.00127279
0.0366807
-0.0369402
0.000259535
0.0504923
-0.0500412
0.0751545
-0.0698631
-0.0299959
0.142989
-0.0626522
-0.0641094
-0.0162271
0.0806785
-0.0412353
-0.111635
-0.0331072
0.0329354
0.0749452
0.029006
-0.019491
-0.0844602
-0.00557466
0.149209
0.00666717
-0.154961
0.0422777
0.0599364
-0.0303699
0.0555757
-0.0476126
0.0224067
-0.0328309
0.0306038
-0.0102949
0.015804
0.000802056
-0.0897061
0.0451963
0.0437078
-0.0191292
0.00908483
0.0175889
0.0485468
-0.00440413
0.0349036
0.0534106
-0.0883141
0.0490324
-0.0248687
-0.0241637
-0.0172398
0.0556237
0.0182341
0.00608229
0.000283025
-0.0245994
-0.107891
0.0422156
0.127763
-0.011546
0.0304496
-0.0323763
0.0405407
0.0459273
-0.0360306
0.0487362
-0.0586328
-0.0795745
-0.0479601
0.0785926
0.0489421
0.0132758
0.0326516
0.0608092
-0.0482527
-0.000453595
-0.00746994
0.0494122
0.00022956
-0.054137
6.78775e-05
-0.0575218
-0.0336702
-0.0504888
0.0153545
-0.0133806
-0.0297926
-0.0316025
0.0390314
-0.00445744
-0.0102748
0.000809513
-0.0890627
-0.020909
0.00287293
0.107099
-0.000761267
0.040117
-0.0763717
0.0362547
-0.0883048
0.0155012
0.068448
0.00435554
-0.0568125
0.0989361
0.0363364
-0.07846
-0.00655557
-0.0440601
-0.0613553
0.147744
-0.101914
-0.080649
0.0348181
0.0017926
-0.00274252
0.082615
-0.131237
-0.0271038
0.12086
0.0168816
-0.0118798
0.155758
-0.03265
-0.170161
0.0470521
0.00827467
0.0337672
-0.0308019
-0.0996496
0.093038
-0.010031
0.0166426
0.0316953
0.00699646
0.0141836
-0.0699746
-0.100849
0.145733
-0.0304084
0.00528164
-0.0306854
0.101238
-0.0758347
0.0162203
0.037981
-0.150203
0.0960014
-0.0178068
0.125724
-0.0541058
-0.053811
0.0159435
-0.034449
0.0769991
-0.0584936
0.0376609
-0.0591539
0.108008
-0.0918634
-0.0883909
0.0722466
0.0531628
-0.105798
0.0044368
-0.0299962
-0.0465066
0.0500371
-0.0649375
-0.0856101
0.10051
0.0678446
-0.0392159
0.0368609
-0.0374765
-0.0344241
0.0719006
-0.0399144
0.109256
-0.0285107
-0.0168885
0.00532111
0.0214228
-0.0804519
0.0789717
0.0759436
-0.0633113
0.04659
0.100497
0.0884929
0.00200151
0.0650269
-0.0670284
0.0292882
0.0117099
-0.00653817
-0.0344599
0.0619945
0.0175459
-0.0625243
-0.0170161
0.102719
-0.100212
-0.0308455
0.0283391
-0.00995348
-0.0162015
0.0706473
-0.0444924
0.0707519
-0.0854546
0.0811282
0.062197
-0.023561
-0.0101016
-0.0285345
-0.000860973
-0.0321286
0.000606641
-0.00235768
-0.0371662
-0.123678
-0.00364869
0.0963456
-0.0613367
-0.0313602
0.028867
0.00993463
-0.00796127
-0.106594
-0.0394946
0.0796365
0.0493502
-0.00340014
-0.0109478
0.00331591
-0.00388392
0.00406843
-0.0268674
-0.0358282
0.0397242
0.0229715
-0.000964702
-0.0610004
-0.0638034
0.124804
-0.0631658
0.1112
-0.0480347
0.00982075
-0.00401246
-0.00379351
-0.00724741
-0.00310001
0.00844059
0.00190682
0.00163083
-0.0155668
0.0112867
0.0026493
-0.0115158
-0.00203443
0.010265
0.00328519
-0.0012836
0.00987309
-0.00772329
0.00499505
-0.00448484
0.00261681
-0.00312701
-0.0707717
0.097555
-0.0367368
-0.006961
-0.00959622
0.00533954
0.00111649
-0.00136747
-0.005764
0.0039302
0.000378371
-0.00846713
-0.0846607
0.0202148
0.0602876
0.00415833
-0.00826979
-0.00169681
-0.0654507
-0.066413
0.0916462
0.0698018
-0.0791738
-0.0282139
-0.00619111
-0.0485999
0.0939733
-0.0453735
0.0447471
-0.113647
0.070311
-0.00141072
-0.113045
0.109736
-0.00779115
-0.000525609
0.0906485
-0.00150606
-0.00117958
0.0300466
-0.0105988
-0.00348635
0.0196108
0.0275272
0.00275792
-0.0302851
-0.00502417
0.030169
-0.0248727
-0.000272048
0.0531446
-0.0830189
0.102866
-0.0729919
0.060786
0.0332596
-0.0406371
-0.0288877
-0.0169532
0.0293546
0.0320984
-0.061453
0.0581925
-0.0385966
-0.0622005
0.0426046
-0.0293533
-0.0512699
-0.0661146
-0.0591275
0.0241099
0.101132
-0.0313182
0.0606728
-0.0212237
0.020171
-0.0250067
0.0195701
-0.0398124
-0.000981304
0.129221
-0.00983729
0.0467788
-0.0875374
0.0833589
-0.0024818
-0.00620828
0.00683375
0.0237057
-0.000852104
0.0489393
-0.0480872
0.130439
0.0491398
-0.106586
0.068617
-0.0365187
-0.0580642
0.00529964
-0.0402182
-0.0403637
-0.0127709
-0.0504571
0.0632281
0.0507168
-0.0639372
-0.07527
0.0534482
-0.0662191
-0.0161189
0.034817
-0.0543195
0.0356213
0.00975495
-0.00539627
-0.0235353
0.0191766
0.035131
0.0345677
-0.0688966
0.0876836
-0.00528955
-0.117858
0.0354639
0.0206094
0.0480076
0.0746316
-0.0180323
0.0144293
-0.0710286
0.0390079
-0.00495564
0.0895244
0.0117876
-0.119344
-0.0267359
0.0229599
0.0233461
-0.0145268
-0.00401386
0.00787233
0.0106683
0.00121307
-0.00763998
-0.00482543
-0.000610966
-0.00392521
0.0213016
-0.0167654
0.0112799
0.00700286
-0.0450187
-0.0250739
0.0475904
0.0198564
-0.0423728
0.00115136
-0.0185228
0.0544041
-0.0370327
0.0391162
-0.0240686
-0.0404959
0.0254483
0.0666629
-0.0464853
-0.000685937
0.00829497
-4.52942e-05
-0.00756374
-0.000758591
-0.00141632
-0.000404972
-0.0486256
0.00112997
0.0187238
0.0287718
-0.00360119
0.0128796
0.00763545
-0.0169138
0.00123726
0.000426449
-0.00193065
-0.0810351
-0.000900918
0.000665136
0.0812709
0.00412278
-0.00791726
0.0527802
-0.0540795
-0.065569
0.00163929
0.0551887
0.008741
-0.000334619
0.0186089
-0.0719693
0.053695
-0.0750617
0.0186314
0.00198576
-0.00208465
0.000862667
-0.00107506
-0.00134151
0.0022233
-0.00135583
-4.81259e-06
-0.00525994
0.018381
-0.0110737
0.0217223
-0.0290295
0.0356663
-0.0153725
0.0130335
0.0133214
-0.0374285
0.0744925
-0.00596761
0.00512654
-0.0736514
-0.0501433
0.063616
-0.0350777
0.0472302
-0.0477496
0.0569688
-0.0183553
-0.0954261
0.0710053
-0.00219295
0.0121226
0.061622
0.0376904
-0.00320955
0.0685961
0.0489666
-0.0461792
0.0337251
0.0124541
-0.0622968
-0.0635605
0.0286198
0.0552307
0.0150857
-0.0547251
0.106915
-0.0665302
-0.11983
0.0679685
-0.0347695
0.025398
0.0458201
-0.00243941
0.138723
-0.0418483
-0.0944357
0.0230644
0.0168881
-0.0399525
-0.0678226
0.0630786
0.0900701
-0.085326
0.0535171
0.0373297
-0.0912898
0.000443002
-0.0153257
0.0207202
-0.0313651
0.0242135
-0.0135686
0.0616812
-0.0858383
-0.10746
-0.0248906
-0.0222503
0.0532354
-0.0935934
0.0132691
0.0141115
0.0799782
0.0509874
0.0382897
-0.0328584
-0.0564187
0.0386876
-0.0374054
-0.00554476
0.00426259
0.00399891
-0.0606463
0.0329193
0.0237281
-0.0118488
0.0126935
-0.00309731
-0.00631127
-0.147477
0.150393
-0.0127402
0.0448668
-0.0912757
0.088932
-0.0134986
0.00456131
0.00120468
0.00773263
0.0287912
0.00524694
0.00963877
-0.0436769
0.00205124
0.00371433
0.0520711
-0.0537578
0.120955
-0.119268
-0.0110981
-0.028282
0.00227171
0.0371085
-0.0164148
0.127022
-0.0625479
0.0321917
-0.0429717
0.0617674
0.00207537
0.0582422
0.0595013
-0.057426
0.0362575
0.0393415
0.0338062
0.0414108
-0.0169748
0.0435832
-0.0540523
0.000331581
0.0101375
-0.00330949
-0.0223386
0.0343909
0.0448433
-0.0292626
-0.00527943
0.0302997
0.00424245
-0.0419992
-0.00348267
0.0143664
-0.0002359
-0.0409031
-0.000860194
-0.0389525
-0.00568013
0.0087905
-0.0397967
0.00185089
-0.00100662
-0.00135517
0.00260327
-0.0363996
-0.0845577
0.00750782
-0.0498951
-0.0777372
0.0247725
0.00022272
0.0018862
-0.00496189
-0.00361338
0.000298461
-0.00429806
0.00157781
-0.00208783
0.00331068
-0.00175891
0.000536069
-0.0165908
-0.00343803
0.0163363
0.00369253
0.00387131
0.00219617
-0.00520258
-0.000864892
0.0107586
-0.00490764
-0.0356142
-0.0591277
0.0726605
0.076135
-0.0611119
0.0553081
-0.0252534
-0.0300547
0.00120158
-0.00123685
-0.0042628
-0.000215715
0.0448687
-0.0381963
-0.00645667
-0.0101593
0.0183493
-0.0963352
0.0881452
-0.0033429
-0.0195012
0.0226284
0.0349951
-0.0547051
0.0265707
-0.00669762
-0.0201635
0.000217197
0.0554965
-0.0651672
-0.0620835
0.0717542
-0.0196784
0.00178284
-0.00218535
-0.036371
-0.0593736
0.0600576
0.0156127
-0.00312487
0.0439476
-0.00300301
0.00978405
0.0122972
-0.0112293
-0.0207462
-0.00265976
0.0159117
-0.00296523
-0.0233759
-0.0241037
0.0127026
0.00177399
-0.00516332
0.0453014
-0.0225872
-0.0118147
0.00902285
0.000119435
-0.00285376
-8.04194e-05
0.00281475
-0.00496839
0.00317901
0.00129898
-0.154074
0.0290969
0.036985
-0.0358459
0.00383875
0.0317922
-0.0545702
-0.0188626
0.0416405
0.059509
-0.0313852
-0.00151335
-0.103059
0.104572
0.0509561
-0.0101411
-0.000680207
-0.00287946
0.00253617
-0.00984271
0.010186
-0.000171381
-0.00168718
-0.0110786
0.00121725
-0.00589135
-0.00157683
-0.00709646
0.00399425
0.00657046
-0.00346825
0.00669759
0.0316165
-0.0389346
0.000620454
-0.0127574
0.013037
-0.0535975
0.00412435
0.00692651
-0.00255624
0.00529992
-0.000637283
0.000332409
-0.038931
0.0289086
0.0100381
0.00373804
-0.00267504
0.00399196
-0.00699778
-0.0130115
0.000188868
-0.0442994
0.016415
-0.0116517
-0.0189874
0.0142241
-0.0131199
0.000494562
0.00611563
-0.00119018
-0.00605029
-0.00711573
-0.120857
0.118983
-0.0009707
0.00284381
-0.00542771
0.0146929
0.00803429
-0.0172995
-0.00181154
0.00124323
0.00157403
0.00627547
-0.00547721
-0.00237229
-0.00462935
0.0266293
-0.0270241
0.0512047
0.0296663
-0.112037
0.031166
-0.000836521
0.00411935
-0.0371952
0.049163
0.0370646
-0.00427061
0.00569231
-0.00357602
0.00448357
-0.0149523
-0.00805659
0.00861986
0.014389
0.0669782
-0.0103588
0.0431293
0.0125862
0.00818955
-0.00562725
0.0044842
-0.0070465
0.0118525
-0.00126675
0.000841672
-0.0114274
0.0234277
0.00382587
0.00973149
-0.00154417
-0.00122351
0.00384729
-0.0300975
-0.0226164
0.0399737
-0.0180288
0.0142486
0.00123729
7.05573e-06
-0.00394877
0.00846255
0.00273218
-0.00238212
-0.0285687
0.021479
-0.0230078
0.055513
-0.162721
0.0261725
-0.0531735
-0.0168799
0.0729796
0.0157711
-0.00329388
0.000465321
0.00708792
0.021736
-0.0216787
-0.00340017
0.0239664
0.00314941
-0.028127
0.00101127
-0.00423674
0.0081271
0.0527605
-0.0465315
0.0349671
-0.0411961
0.0150059
-0.00113499
-0.0199772
-0.0395998
0.127422
0.00353689
-0.00527793
-0.00333345
0.00507449
-0.00191188
0.00999435
-0.0448299
0.0367474
-0.022859
0.0392539
0.0128933
-0.000359468
0.00140979
-0.0110739
0.0334581
-0.00598832
0.00902986
-0.0429539
-0.00321083
0.0371348
0.065488
-0.0261068
0.00443336
-0.00045467
-0.00595341
-0.0035354
0.00369597
-0.00170475
-0.0015528
0.000608158
-0.0045748
-0.00325103
0.00409146
-0.00437582
-0.0034453
0.00859638
-0.00863746
-0.00117157
-0.00327709
-0.00976875
-0.00206823
0.00996767
-0.00259952
-0.00198642
-0.000805071
0.00188796
0.000811875
-0.000722022
-0.00889251
0.00100636
0.0123484
-0.00446221
-0.00311006
-0.000656746
0.0068734
0.00506421
0.000406855
-0.0123445
-0.00103235
0.000936802
9.55446e-05
-0.000538059
-0.00320479
-0.00188073
0.00562358
0.00224916
0.000359422
-0.001441
-0.00116758
0.0207782
0.0223589
0.00655149
-0.0496886
0.0735684
-0.104119
-0.0355741
0.0661244
0.00331477
0.00657815
-0.00935347
0.0157549
-0.0391405
-0.0857121
0.000436435
0.00928406
-0.000985579
0.00115304
-0.00945152
-0.00188674
-0.00799911
0.00659196
-0.0217403
-0.00870363
0.0138532
-0.00291936
-0.000513187
-0.00204466
0.00991909
-0.0061918
0.00482391
-0.00855121
-0.000716583
0.0276224
-0.0196355
0.00258038
-0.00138477
0.0207945
-0.0243205
0.00491069
-0.0303982
0.00992293
0.0240077
-0.000276448
0.0043044
0.00337569
-0.0096098
0.00734783
0.0358283
0.0137789
0.00696326
0.00852449
-0.00861434
-0.000304341
0.000372449
0.000521709
-0.00054328
-0.00393063
0.0546474
-0.00751293
0.00283274
0.00010826
0.00222495
-0.00365389
-0.00550988
-0.000788444
0.0023451
-0.00173706
0.0136625
-0.0117048
-0.0147797
0.012822
0.0128123
0.00873252
0.00755456
0.00493451
-0.000636592
0.00503963
-0.00447691
-0.014231
-0.0396193
0.0314751
-0.0365937
0.0400216
-0.0382765
-0.00711082
0.00536573
0.00739998
-0.00572036
0.000287656
-0.00196728
0.00488373
0.00795317
-0.00528235
-0.00276702
-0.00188745
0.00243439
-0.0047374
-0.00325999
0.00719674
0.000800647
-0.0110949
0.00453956
0.00220303
-0.0131176
-0.00822356
-0.123173
0.0512008
-0.0197841
0.0056189
-0.0321271
0.0120053
-0.0131202
0.033242
-0.00847926
-0.0135146
0.0036503
0.0183436
-0.00966712
0.00838581
-0.00533769
0.006619
-0.0116666
0.00316859
0.0135218
-0.00659631
-0.0406065
-0.0612736
0.0010308
-0.0242515
0.112725
0.0129506
-0.101424
0.0629748
-0.0325705
-0.0304044
-0.0252167
0.0539924
0.052069
-0.0478402
-0.0965363
0.0102469
0.0212227
0.0650668
0.0244924
-0.058818
0.00967412
-0.0346386
0.0837825
-0.0202389
0.0358252
0.00207719
-0.00140183
0.00263532
0.0476097
0.058408
-0.139065
0.0330473
-0.0195675
0.0884378
0.0137908
-0.00495216
-0.022769
-0.0243528
0.0212201
-0.0230686
-0.000294376
-0.00610324
0.00697006
0.0262731
-0.0357878
0.0238239
0.000494486
-0.0456094
-0.0723689
0.021442
0.0384796
0.0350888
0.00793754
0.00155276
-0.106339
-0.0890894
0.00114548
0.0958815
-0.00150274
0.0435908
-0.0376579
0.0305526
-0.0190576
-0.0106757
-0.0949065
0.0794119
-0.0554378
0.0709324
-0.0273763
0.0419355
-0.00745192
0.0559055
-0.0266225
0.0160764
-0.0453595
0.0108974
0.0297576
0.0029358
0.00267061
0.00169383
-0.0101046
0.0057402
-0.0430006
0.0117982
-0.01221
0.0154214
-0.0268123
0.000508352
-0.00276317
0.0970745
0.0649294
-0.118518
-0.0292937
-0.0212917
-0.0667649
0.00952142
0.0984394
-0.0411959
-0.0259336
-0.000183156
0.0427493
-0.0444094
0.0364915
-0.0348314
-0.0374761
-0.0335279
0.071004
0.0110115
0.0346702
0.0513927
0.0988689
-0.0411159
0.00717639
-0.0800517
0.0309994
-0.0348248
0.0227691
-0.011373
0.0207967
-0.0312673
-0.0425083
-0.0147324
0.0232913
0.00719606
0.008897
-0.00144236
0.0062706
-0.0283838
0.00562877
0.00201343
-0.00458637
0.00130869
-0.0546857
0.000203506
0.0510735
-0.0331415
0.0102001
-0.00513175
0.0461877
-0.0304034
0.0515346
-0.0659373
-0.0315047
-0.0151286
0.00764707
0.0389863
-0.0421899
-0.00178763
0.0124728
-0.0425553
-0.00697201
0.00960927
0.00187487
-0.0256635
0.00180297
0.0428105
-0.01895
-0.0299316
-0.0363795
0.0406475
-0.00994368
-0.0336004
0.0153302
0.00371354
-0.0317385
-0.0265452
0.00281651
0.0118834
-0.00214616
0.0107723
-0.00877037
-0.00645934
-0.0011564
-0.00130147
0.0132301
0.0135336
-0.0118735
-0.0647668
0.0444746
0.0450809
-0.0375186
0.00218694
0.143339
0.00592324
-0.00892766
-0.0188426
-0.0218212
-0.00169943
0.00657262
-0.000494813
-0.0297223
-0.00953435
-0.0209552
-0.00372752
-0.0102546
0.0121265
-0.0431124
-0.000594572
-0.029118
0.0268683
-0.00490722
0.0150514
0.0598706
-0.036765
-0.0309147
-0.0123487
0.00437362
0.0388898
0.0389221
0.0027152
-0.00722979
0.00423815
0.00348725
-0.00663266
0.00586061
-0.000219661
0.0081216
-0.00441469
-0.00631392
0.00278391
0.00106064
-0.0360245
-0.00570006
0.00349409
-0.00264373
0.00491756
-0.00800195
0.00294587
-0.0093205
0.0119823
0.0390085
-0.0480255
0.0180474
-0.00825004
-0.0301616
0.0282283
0.0129708
0.00235111
-0.0393413
0.00212802
0.00164387
0.0406212
-0.00572971
-0.037097
0.0462698
-0.0362989
-0.0243238
0.0143529
-0.0208801
-0.0627169
0.0227128
0.00304405
-0.0347288
0.0316847
0.0368503
0.0146504
0.0190439
-0.00763441
0.0418455
-0.0195607
0.0176061
-0.00675099
-0.0184895
-0.0391825
-0.000676902
0.00487134
-0.00903593
0.00303223
0.00113236
-0.00854946
0.00515101
-0.0026401
0.00148518
0.0134521
-0.000203737
0.0217888
-0.0114022
0.00677885
-0.00426921
0.00618931
-0.0201246
0.005184
0.00693547
0.0062971
-0.00814034
-0.00169785
-0.0109421
-0.00806721
0.0173115
0.0373237
0.000262086
-0.0498653
0.0122795
-0.0218293
0.0284803
0.0443114
-0.0540344
0.0458124
0.00822205
-0.00221667
-0.00161406
-0.00271237
0.000807896
0.0123913
-0.0520107
0.0292976
0.00232219
-0.0144997
-0.0171201
0.0478658
0.00179636
0.00614132
-0.0558035
0.0404214
-0.0168091
0.0148004
0.0243676
-0.049448
0.00908693
-0.0338438
0.0742048
-0.00751457
0.00547481
0.00941674
-0.00737698
-0.00586891
-0.00771182
0.00110718
0.0124735
-0.0148519
0.0115567
-0.00257375
0.00488038
-0.0103081
-0.00228411
-0.019573
0.0110913
0.00488055
0.0348002
-0.030583
0.00248038
0.00793975
0.0230604
0.00380001
0.0272659
0.0157947
-0.0114441
0.0126718
-0.0285846
0.00598126
0.00993157
0.00920433
0.00127183
0.00219565
-0.000952936
0.0129424
-0.00278512
0.0182933
-0.217408
-0.0479847
0.16446
-0.0157278
-0.115124
-0.000474432
-0.00119087
-0.113459
0.000628379
-0.00041193
-0.126784
0.0446443
-0.00941781
-0.000454398
0.00249845
0.00737376
0.00432882
-0.00717665
-0.00346609
-0.0255894
-0.00756796
-0.0459235
0.0171172
-0.00872955
0.00431032
-0.0226309
0.042454
-0.0834934
0.053807
-0.0413836
-0.0414817
0.0361941
-0.0455054
-0.00195641
0.0112677
-0.00340943
0.00842336
-0.00607925
0.000851411
-0.0111332
-0.00104018
-0.00523737
-0.0018498
-0.0472891
0.00251087
0.0301914
0.00908395
0.00614541
-0.0163608
0.00113147
-0.0134548
-0.0574595
-0.00271381
-0.00117653
-0.00794747
0.0034251
-0.012286
0.00437605
-0.0819263
0.0253628
-0.0556378
-0.00178842
-0.00470697
0.00276365
-0.00278959
0.00192992
-0.00205801
-0.000660358
0.00381762
-0.00486864
0.00283448
0.00112441
-0.0050577
0.00956206
0.00187187
0.00251721
-0.00362337
0.0177858
0.00224834
0.000867074
-0.0209012
0.0437568
-0.0554105
-0.0250126
-0.0533907
0.0736062
-0.0202154
-0.0648332
-0.0355295
-0.105111
0.0738761
-0.00542112
0.000720224
0.0088148
0.000843217
0.00389672
-0.0261191
-0.0742846
0.00831642
-0.0035877
-0.0663701
0.000983574
0.0316137
0.014998
-0.0100314
0.00674042
-0.00094489
-0.00467904
0.00418673
-0.0224931
0.0147418
-0.0233755
-0.00894357
0.0175773
-0.00585958
0.0179352
0.0300014
-0.042077
0.005041
0.000127449
-0.000962429
-0.00510853
0.00594351
0.00431186
-0.0843852
-0.0246826
0.114667
-0.00559879
0.0047648
0.00668159
0.0145746
-0.0112681
-0.0150663
0.022596
0.00322716
-0.0188019
-3.47647e-05
0.00482775
-0.00623292
-0.00513612
0.00112544
0.00514321
0.00148421
0.0124114
-0.00107415
-0.00883291
-0.00250436
-0.0184551
0.0315067
-0.0934145
0.02621
-0.0742778
-0.0133651
-0.00631684
0.0107257
0.00895632
0.0350138
-0.0476108
0.00746529
0.0241771
-0.0298372
0.0113891
0.0200333
-0.00560674
0.00975058
0.0660693
-0.0775073
0.0590477
-0.0012655
-0.00709511
0.0214843
0.0202225
0.00993454
-0.0516413
0.0484009
-0.0767375
0.0867446
-0.0655526
0.184671
-0.0589729
0.053935
0.0631037
-0.00343726
-0.113601
0.126326
-0.139023
0.0666316
0.0188082
-0.0183745
0.0115962
-0.0120298
0.00448772
0.0935095
-0.0299118
-0.0680854
-0.0148565
-0.00374563
-0.00313819
-0.00104544
0.0131269
0.00570434
0.0118103
0.0305193
0.0275047
-0.0359845
0.000413953
-0.00090207
-0.0287876
0.096379
0.0669429
0.0452374
-0.101169
0.0272029
0.00325537
-0.0618233
0.0440317
-0.00881898
-0.0260893
-0.0601397
0.119606
-0.0299054
0.0528695
-0.111269
-0.00136327
-0.060605
-0.159376
0.0568702
0.0953078
-0.0435232
0.0309301
-0.0827147
0.0393074
-0.0268891
0.0538645
-0.0742741
0.0739967
-0.0535871
-0.0154198
-0.00849106
0.00901679
-0.0311622
0.0107725
0.0336967
-0.0854807
-0.0384852
0.0902692
-0.120604
0.0732514
0.0828097
0.140031
-0.0744929
0.092493
0.0565936
0.112061
0.0186281
0.000118758
-0.00481997
-0.116769
0.0532077
0.0422256
-0.113543
0.0349459
-0.0826299
0.0244446
-0.0643669
-0.000992158
0.00788857
-0.0422161
-0.105922
0.138474
0.00601445
0.122757
-0.0148323
-0.11394
-0.0664057
-0.0241867
0.0549782
0.0569326
-0.00953599
-0.0273372
0.0288753
0.0719624
-0.0405128
-0.0736588
-0.0955484
0.0810031
-0.0257601
0.118689
-0.112559
0.0196303
0.156201
-0.137014
-0.0120136
-0.00717282
-0.0942812
0.0702545
0.101353
0.0719134
-0.107486
0.124084
-0.114609
0.0557319
0.0168518
0.0420256
-0.0923401
0.0301915
0.0810517
-0.0189031
0.114572
-0.159838
0.0988659
-0.0192369
-0.0307643
0.112877
-0.0506747
0.0523697
0.0251278
0.0684486
0.0474099
0.0901924
0.00386206
-0.137264
0.103403
-0.064049
0.109076
0.0464945
-0.0653779
-0.0927535
0.0871788
0.0459188
0.0383191
0.019165
-0.0301391
0.0209601
-0.0566153
-0.111754
-0.0412245
0.0804513
0.124179
-0.153019
-0.00243817
-0.109316
-0.0174073
0.00146666
-0.0207466
0.0366872
-0.000414822
-0.0172783
-0.0169729
-0.0191329
0.0375725
-0.000703414
-0.0166844
-0.00874164
-0.00626933
-0.00573563
0.0426389
-0.0389162
0.05321
-0.0905247
0.0896238
-0.105084
-0.0121864
0.123285
-0.0417969
0.00301275
0.0387841
0.046708
0.0503638
-0.00139486
-0.00618125
0.00666108
-0.15288
0.125631
0.0592621
0.0135204
-0.0546752
-0.0048546
-0.0447686
0.00833757
-0.0557783
0.0922093
-0.00139165
0.0176799
0.000682667
0.0644352
-0.0624337
0.0841691
-0.0871774
-0.0242401
0.0196029
0.0541976
0.0319117
-0.0366873
-0.0162993
-0.0265922
0.0356302
-0.0256408
0.0479471
-0.12243
-0.0135558
0.0637668
0.051548
0.101961
-0.0448952
-0.0315846
-0.0698421
-0.0277763
0.0300319
0.0499785
-0.0749626
0.106803
-0.0777772
-0.050956
0.109195
-0.0303544
0.00564927
-0.10486
0.0254901
0.0494641
0.0430931
-0.080084
-0.0574268
0.0944177
0.0852304
-0.0141675
-0.00876815
0.00084741
0.00209519
-4.88671e-05
0.00490262
-0.00165737
-0.00319638
0.026872
0.0288379
0.0720657
-0.0156141
0.0430341
-0.0510482
-0.0241297
0.159763
-0.145691
0.0100577
-0.0358423
0.119993
0.0110384
0.0489062
0.0231782
0.0975229
-0.0459749
-0.0390565
0.119321
-0.00951243
-0.0450338
0.0923069
-0.0472731
0.00853291
-0.0577596
-0.0422961
-0.0355327
0.0778288
-0.0939783
-0.0686491
0.0825757
0.0492212
0.0549796
-0.104201
0.0502167
0.0580479
-0.0161378
-0.0921269
0.0178917
-0.0623752
0.0444836
0.0429295
-0.110142
0.0112252
0.0404305
0.029917
0.093578
-0.0581037
0.0749694
-0.0843941
0.0419317
0.0536876
-0.0468294
0.0921682
0.00996874
-0.00376998
-0.0229323
-0.053634
-0.0909887
0.00565745
-0.0708164
0.0320792
0.100732
0.058387
-0.0518741
0.0669637
0.0474321
0.0255318
-0.0540987
-0.0981739
0.0980792
-0.126572
0.0391742
-0.0764728
0.0372986
-0.0847189
0.0691178
0.0633868
-0.0284252
-0.10586
-0.0131338
0.0913142
-0.00119862
0.0301963
-0.115588
0.0306352
0.0751012
-0.00728935
-0.142428
0.0859438
-0.00678327
-0.0530352
0.0943986
0.111614
-0.0429492
-0.00701347
-0.0621497
0.0188485
-0.0705409
0.141359
-0.116552
-0.000610631
0.133996
-0.0168336
0.0347211
-0.0705122
0.035791
0.0455312
0.0856935
-0.118129
0.0836976
-0.0674466
-0.0743154
0.0240289
0.117733
0.0426427
0.0216002
-0.0325476
-0.000591491
-0.0544143
0.0657995
-0.0592269
-0.00657256
0.0553299
0.0358197
-0.0999627
-0.00712668
-0.000458581
-0.0732977
0.0556982
0.0598251
0.123652
0.0056544
-0.0921849
0.114565
-0.0744518
-0.0586646
0.0185511
-0.0310103
-0.139275
-0.0400234
0.0370038
-0.0204716
0.00879058
-0.0405018
-0.000809672
-0.00541731
0.000464746
-0.0368528
0.0372166
0.0346474
-0.000538393
-0.0027262
0.000544279
-0.00531006
0.00531833
-0.000956272
-0.000440476
0.0274502
0.0581012
0.0543192
-0.11242
-0.00177206
0.0415332
0.0257269
-0.118738
-0.0240377
0.103719
-0.0899443
0.0299158
0.0896948
-0.155732
-0.0402288
-0.0364918
0.00028975
-0.0124235
-0.0307572
0.0209952
0.0185525
-0.138042
0.0370659
0.031759
-0.0168598
0.04116
-0.0329238
0.0451883
-0.0231272
0.111499
-0.0329063
-0.0554659
-0.0487028
0.0740515
-0.0363607
-0.0791236
0.0479756
-0.11718
-0.0557917
0.073105
-0.130897
0.0546265
-0.000495455
0.0767661
-0.0206075
-0.0232118
0.0140801
0.0679498
-0.138606
0.064519
0.0340737
-0.0351916
0.00111791
-0.0215825
-4.18541e-06
0.0461817
0.0440487
-0.0276322
-0.00936156
0.0103239
-0.00201897
0.00605428
0.0392811
0.0416774
-0.0575093
-0.0793048
-0.0602122
-0.0154439
-0.00887628
-0.0141765
-0.049933
-0.0110469
0.00521995
-0.011248
-0.0147482
-0.00672429
0.0104256
0.0175853
-0.0262881
-0.00636344
0.00919206
0.0348172
-0.0596178
0.0947977
0.0752072
-0.10557
0.0882285
-0.0910959
0.00286739
0.0112971
0.0292621
0.113926
0.11991
-0.12486
0.078192
-0.048718
-0.0562781
0.0268041
0.025941
0.0348249
-0.0674793
0.120867
-0.00759434
0.00477561
0.020404
0.0285396
-0.0172593
-0.000204868
0.015371
0.020583
0.0196943
-0.0191643
-0.0153865
0.0630557
-0.0267223
0.0460288
-0.00561959
-0.0106641
0.0215037
0.0147984
0.0704988
0.0693716
-0.0495587
0.0341032
0.00945127
-0.049715
0.00616054
0.00447995
-0.0288443
0.0231657
0.0124392
-0.0134681
0.0236439
0.0162674
-0.0158783
-0.00913071
-0.0229225
0.0243535
-0.0102788
-0.00845914
-0.0239024
0.0204323
-0.00324718
0.00440471
0.0271412
0.00612459
-0.00592309
-0.0081671
0.00848813
-0.0103214
-0.00272691
0.00456019
-0.00513252
-0.0105635
0.00219744
0.00368184
-0.00541947
0.000500785
-0.0291859
0.0528317
0.0274049
0.0179341
-0.0230415
0.00372265
0.067128
0.0364361
-0.0557304
-0.0478337
-0.0399394
0.00248114
0.0486311
0.0345416
-0.0216592
0.0165657
-0.0294481
-0.0343313
-0.0606001
-0.000499577
0.048751
-0.0472703
-0.038079
0.0518797
0.048538
-0.0328968
-0.0133996
-0.010245
-0.00257227
-0.00776841
-0.00220382
0.0329321
-0.000999174
-0.00377723
0.00152537
-0.00194384
0.000406277
-0.00188685
0.000332925
-0.00192562
0.00129565
0.000229716
0.000372087
-0.0010339
-0.0010573
0.0549329
0.00976687
-0.0489223
0.14455
0.000411258
-0.036394
0.0399725
0.102134
-0.0892371
-0.097493
0.024356
0.102143
-0.00561703
-0.028619
-0.0268333
-0.00414814
-0.126279
0.00957053
0.100584
-0.112513
0.0542065
-0.061526
0.0233091
-0.0424295
0.0433242
-0.0026167
-0.000672119
0.00505684
0.00310201
-0.00114785
-0.00198317
0.00260834
-0.0907678
0.0526873
0.00369823
0.0100261
-0.00219865
-0.0115257
-0.00144171
0.00218801
-0.000616665
-0.000129632
0.0101679
0.00169446
0.071147
0.0320649
-0.0684318
-0.0389407
0.0568323
0.0010867
-0.00270553
-0.0270528
-0.00159143
-0.0184046
0.0207233
0.00465098
-0.00997858
0.00564682
-0.00586009
0.00683601
-0.0207185
-0.0122427
-0.0574937
0.00736116
0.053738
-0.0237885
0.0257824
0.0235456
-0.010326
0.0290661
-0.0330087
0.00889235
-0.00431043
0.00523883
-0.0202145
0.0325315
0.0743581
-0.0119019
-0.0222932
0.11254
-0.00335165
-0.000720839
-0.0056016
-0.0025498
0.00152932
0.0013545
0.000199031
0.00334315
0.0298065
-0.00483824
0.00479111
-0.00488836
0.00345093
-0.0565754
0.0748998
0.0907514
0.0217561
-0.0783315
0.0401006
0.0108816
0.0665196
-0.0613732
-0.00200279
0.0155854
-0.0337971
-0.00020737
-0.00191042
-0.00102058
0.0114432
-0.00988675
-0.00053588
-0.000775607
-0.000123198
-0.00023025
0.00112906
0.00478476
-0.00721944
-0.000662626
-0.0113381
0.0115641
0.0366505
-0.0527486
0.0601031
-0.0798213
-0.00722301
0.00208495
0.0062635
0.0318736
-0.0704456
0.00655816
0.00545051
-0.0125039
0.000495193
0.00311072
-0.00887867
0.129258
-0.0144149
0.0894379
0.0327751
-0.0580284
-0.0933243
0.0146577
-0.0788296
0.0747539
-0.0856304
-0.0424703
0.0703532
0.0713889
-0.00374315
-0.0286143
-0.105887
0.0374992
-0.032631
0.0316663
-0.119207
0.051591
-0.00783421
0.00255278
-0.0147198
-0.00119812
0.0155547
-0.00402494
0.00461867
-0.00702764
0.00583406
0.000251206
-0.000693557
-1.46523e-05
-0.0182317
0.00914943
0.0152716
0.000434661
0.0116828
-0.00885901
0.00856261
0.0028289
-0.0033712
-0.0466718
0.0382908
0.0503217
-0.0419407
-0.103388
0.014399
-0.080361
0.000590067
0.0312999
-0.00320809
0.0308929
-0.102979
0.00604401
-0.0555886
0.0652524
-0.0101174
-0.101041
0.0576965
0.0433444
0.00215123
-0.00146414
0.0840409
0.0910832
0.0430681
0.0119981
0.00801178
0.0199855
-0.0399954
-0.0215378
0.0323857
0.0397839
-0.0167278
-0.0385465
0.0697914
0.0458937
0.0811285
0.0729191
-0.0406757
-0.0241576
-0.0414248
-0.139039
0.0414416
0.0375592
-0.078984
0.0430938
-0.0483423
0.0216258
0.0597007
-0.11204
0.0307135
-0.0292146
0.0367177
-0.0689392
-0.055408
-0.0471399
0.160256
-0.057708
-0.0594673
0.0994261
0.00333706
-0.00291491
0.000547736
-0.068027
-0.00543364
0.0112913
-0.0181818
-0.00264916
0.0267264
-0.0016451
-0.0758959
-0.0541075
0.0867791
0.00838894
-0.00264104
-0.00464072
0.0466409
0.00802209
-0.0503197
-0.0380634
-0.0409924
-0.0788098
-0.0122862
-0.0097114
0.000506118
0.0180403
-0.0172457
-0.0148516
0.0173775
0.0419386
0.119358
-0.149999
0.0019692
-0.00438639
0.0044012
-0.0261513
0.00465917
-0.000299947
-0.000553642
-0.0002598
0.0939795
-0.00311852
0.0145612
0.169298
-0.0022274
0.00104293
0.000757716
0.0032814
-0.00159185
-0.00220274
0.0412529
0.191106
-0.0439718
-0.144432
0.000966926
-0.016808
0.05315
0.0796875
-0.0937295
0.0814439
-0.00178607
-0.00178136
-0.0115256
0.000391144
0.00657121
0.00456323
0.0348779
-0.0683444
0.0334665
0.00624529
-0.0269315
0.0203121
-0.0693929
-0.0561252
0.114695
0.0439186
0.0132445
0.0532625
-0.0309706
0.0365802
-0.0438589
0.00117542
-0.0574231
-0.0525814
0.0102746
-0.00415054
-0.00554704
-0.000576982
0.00873752
-0.00550975
-0.0108677
0.0404671
-0.0171566
-0.011961
-0.00223021
0.0073621
0.00682908
0.0478422
-0.0564616
0.0291549
0.148698
-0.0710505
-0.000494193
0.00253267
-0.0661918
0.0393905
-0.00192613
0.00206177
-0.000760093
-0.0905313
0.0006183
0.00112034
0.00027848
0.000834474
0.00386418
0.000403564
0.0943942
0.0399874
-0.0598697
0.0627581
0.0252663
0.0256012
-0.0289613
-0.00444256
0.0252556
0.000132391
0.00983419
-0.0981278
-0.0323103
0.00298089
-0.00775701
0.0316146
0.0654802
0.0194801
0.00494359
-0.00141851
-0.0174964
0.0507773
-0.0089756
0.00338116
0.00835841
-0.0107177
0.0012337
0.00194998
0.0977521
-0.0149076
-0.0495549
-0.00114613
0.0499006
-0.0906358
-0.0623234
-0.00113496
0.0751865
0.00271973
0.0856743
-0.0223607
-0.134554
0.0712409
-0.00135891
0.0432568
-0.039717
-0.0021808
-0.0106144
0.00145595
-0.0310952
-0.0334335
0.00911827
0.0160034
0.020113
-0.0181823
-0.00607962
0.00364553
0.00736859
-0.00369408
-0.00141306
-0.00151938
0.00205208
-0.0491861
0.00233412
-0.0994506
0.146303
0.0460644
-0.02183
-0.0242344
0.0462604
0.0223151
-0.0194956
-0.0132136
0.0131452
-0.0547789
0.114788
0.0497403
0.0404015
-0.0216931
-0.0110464
-0.0891418
0.0383519
-0.0670542
-0.110124
-0.00692969
-0.0177059
0.13476
0.00121114
0.0275878
0.0193499
0.0178155
-0.0647532
0.0524515
-0.0432546
-0.0770478
-0.0182791
0.0883971
0.0346328
0.112382
-0.0823763
-0.0378736
0.0126317
0.0967968
-0.0579346
0.00988472
-0.0734114
-0.0196023
0.0529696
-0.0163988
0.00922986
0.0279656
-0.0617602
0.0287824
0.00536963
0.00148214
-0.0363166
-0.0804862
-0.00219306
-0.029988
-0.0256071
-0.00818485
-0.0736454
0.0782458
-0.0250828
-0.045558
0.00591247
-0.00202711
0.0416727
0.124118
-0.0304362
-0.0505883
0.00906663
-0.0438361
-0.0472755
-0.0297592
0.0314767
0.00994305
-0.0405521
-0.0407465
0.0812986
-0.0799086
0.0393565
0.0234695
-0.0570261
0.00590878
0.0539326
0.0025234
0.0286279
0.00731485
-0.0271756
-0.00916878
-0.0102324
-0.0269249
0.00410422
-0.0510479
0.0527741
-0.00196218
-0.0229863
-0.0378308
0.0492548
-0.0498931
0.00449807
-0.00188045
-0.0102445
-0.0626349
-0.0147665
0.0239653
0.00249421
0.00489348
0.00650593
-0.00683809
0.00100906
0.117837
-0.00336669
0.0225993
0.031056
-0.0589903
0.00533508
-0.0346731
0.0243424
0.0236521
0.0386092
0.0166736
0.0229091
-0.00180239
-0.00106439
0.000940651
0.00220525
0.00250727
-0.0014467
0.000811297
-0.00106311
-0.0175537
0.0315334
-0.115021
0.127677
0.010528
0.0975212
-0.0641942
0.0617929
-0.0383609
-0.00343595
0.00724876
-0.0456097
0.00807783
-0.0814298
0.0304744
-0.0343811
0.0343823
0.0329586
-0.0334544
0.0466123
0.134437
-0.0516989
0.0892351
-0.171974
-0.060934
-0.0717795
0.0207591
0.0515932
3.15328e-05
-0.0516248
-0.00714364
0.0410374
-0.0822039
0.0411665
0.083253
-0.0641129
0.0486605
-0.0459028
-0.0516688
0.145955
-0.117414
0.107188
-0.152638
0.110456
-0.0405701
-0.0246034
0.0293057
0.0438771
0.028064
0.000214098
0.0635274
0.0384228
-0.0222489
0.00897784
0.035707
0.0280693
0.0938973
0.0144989
0.0654521
-0.0183705
0.00761639
0.0643597
-0.00611603
-0.00347008
0.0330098
-0.0727903
0.0307
-0.00153763
0.0659752
-0.0378434
0.0363058
-0.00587736
-0.074999
0.0672588
-0.0828765
0.0502265
0.0293695
0.0136962
0.108103
-0.000123554
0.0110935
-0.00614222
0.00573884
-0.00183667
0.0320235
-0.0359256
0.0991309
0.0611138
-0.122264
-0.0350545
-0.0152368
0.0502912
0.000951936
-0.0623251
0.0472145
0.0401279
-0.117999
0.0306567
-0.0255696
0.0165466
-0.0136079
-0.036543
-0.045705
0.0186189
0.0169738
0.0366991
0.0198816
-0.0404689
0.121868
0.0643342
0.100673
-0.00448325
-0.00156752
0.00213563
-0.00573741
0.0166342
-0.00891707
0.00281962
0.00458188
0.00151557
0.00247971
-0.0108603
0.00017614
0.0131638
0.015843
-0.00831735
0.0142104
0.0844755
-0.0625733
-0.0108057
-0.0153379
0.00276802
-0.0165181
0.0155961
0.00670472
-0.0106129
0.0242253
-0.0131063
0.00159445
0.0537355
-0.00187139
-0.005403
0.000177928
-0.0181967
0.00670105
0.00836187
-0.00464622
0.00223215
0.00137424
0.00371693
-0.00267172
-0.0075281
0.141375
-0.0226747
0.00225488
0.000541161
0.00202566
-0.006803
0.0163341
0.0568978
-0.0553392
-0.0521635
0.0560442
-0.0285633
0.0479964
-0.0546872
-0.0888612
0.00791614
-0.00122484
-0.00656384
0.00871514
-0.000799926
-0.00887764
0.00840346
-0.00332839
-0.000160277
-0.00673853
0.00951561
0.0297094
-0.0203321
-0.0346503
0.0630045
-0.0390551
0.0227661
0.00814443
0.00814454
-0.0369179
0.0362956
0.00520423
-0.03247
-0.00232006
0.00410505
0.0605373
0.0356773
-0.0501823
-0.0973686
0.113127
-0.0504461
0.0372372
-0.00763809
-0.0431129
-0.038896
-0.010593
0.042424
0.00304217
-0.0348731
0.0804366
0.0112008
0.0229277
0.037708
-0.0166666
0.0261401
0.107145
-0.00171008
-0.0564625
0.0825209
0.0628513
0.0411643
-0.0322113
-0.0512121
0.0776908
0.026287
0.0336808
-0.128094
-0.0104463
-0.0517576
-0.0545865
-0.0761758
0.0838193
0.046943
-0.00668189
-0.0634345
-0.0928713
-0.0449971
0.0558613
0.060062
-0.0864248
-0.0448433
0.141473
0.0347489
0.0531453
0.118563
-0.0741404
-0.00594308
0.00374387
-0.00290933
0.0237318
-0.0699852
0.0447948
-0.00991984
0.000154442
0.00382232
-0.0428175
0.122489
-0.156409
0.0106628
-0.0335242
0.124089
0.143659
0.0241864
-0.133388
-0.0344571
-0.08043
0.039032
-0.0886453
0.130043
0.00090208
-0.00879062
-0.0010854
0.00897394
9.5238e-05
-0.00608728
0.0438344
0.00817282
-0.0463692
0.0471454
-0.0338516
-0.0307168
-0.00410179
-0.0106869
0.00586263
-0.0643798
0.0383269
-0.00476756
-0.00125474
0.00647141
0.0168705
0.00280475
0.0200288
-0.0221627
0.0247651
-0.0336506
-0.0132578
0.018506
-0.00449838
-0.000749788
0.0161835
-0.0372112
0.0179028
-0.0210196
0.00355785
0.00721187
-0.00187736
0.0140074
-0.00976225
0.0132521
-0.00141648
-0.00101369
-0.00116819
0.00181364
-0.00588258
0.00274474
-0.00244889
-0.00878373
0.00473495
-0.00144928
0.00886027
-0.00835588
0.0033111
0.00367344
-0.000150493
0.0568632
0.0561508
0.0164351
-0.00126692
-0.0301205
0.0172505
-0.00214594
-0.0021002
0.00867481
0.00369995
-0.00846334
-7.95123e-05
0.0634208
-0.0723745
-0.00134702
-0.00993652
0.0118193
0.0285918
0.00176981
0.168895
0.0430118
-0.12626
-0.0856463
0.136087
-0.128378
-0.052703
-0.031783
-0.00114302
-0.125205
0.014372
0.0694237
0.107047
-0.0806615
-0.0629039
-0.00834088
0.0760841
-0.105262
0.0739563
-0.112471
-0.0264225
0.00639102
-0.0512893
-0.0261303
0.0863228
-0.045454
0.0357913
-0.0802816
-0.123796
-0.0456965
0.0259836
0.0313855
0.0520028
0.0689291
0.0118697
-0.111096
0.0641072
0.0351195
0.033795
0.0673557
-0.0832643
0.0458257
-0.113856
-0.00818164
-0.00115018
0.0557327
0.0589815
-0.0773686
0.0377332
-0.00288754
0.0231496
-0.125374
0.000555234
-0.104687
0.0554037
-0.109512
0.027241
0.0308222
-0.0154013
0.097304
0.0239924
-0.172787
-0.150222
0.0607435
-0.0286816
0.11816
-0.0205933
0.0644822
-0.0203446
0.0481196
-0.0518141
-0.0614052
0.0588404
-0.01251
0.0459026
0.00268753
-0.0339486
0.0313352
-0.00879333
0.00293635
-0.00822937
-0.0448553
0.00326001
-0.0277782
0.00162507
0.0228931
0.0342654
-0.0337839
0.0343529
-0.0058992
-0.0118015
0.0398374
-0.00374235
-0.0242935
0.000754804
-0.125564
-0.059113
0.0598678
0.0570798
-0.0610016
0.00188856
-0.125914
0.0917903
-0.0424438
-0.0430108
-0.00152778
-0.00415966
0.00971724
0.0104512
-0.0296429
-0.0458655
0.000839181
0.0602813
-0.0502876
-0.0522898
0.00478788
-0.0348977
-0.0499853
0.000562904
-0.0343348
0.0215546
-0.0430515
0.0147299
-0.000118889
-0.0335827
-0.0618518
0.03369
-0.0328637
-0.000930407
0.0537672
0.00274468
-0.00174914
0.00270044
0.0779452
-0.0765469
-0.0679897
-0.0544956
-0.0170052
-0.157871
0.0650761
-0.0178248
0.0727417
-0.0525716
-0.00234526
-0.00743765
0.0749493
-0.000156029
0.00120531
0.00273418
-0.0361917
0.0667173
0.00127291
0.0572442
-0.0244692
0.0325615
-0.0911075
-0.00370299
0.0147266
0.0288033
-0.0551732
0.023138
-0.0497302
-0.0364299
-0.116156
0.0196163
0.0936517
-0.0211636
0.104522
-0.000837191
0.00405327
0.112536
0.0265599
-0.0575305
-0.0337273
0.00817233
-0.0355494
-0.0186451
0.0180128
-0.0549564
0.0548303
-0.0557607
-0.0381474
0.123753
0.0255016
-0.0558204
0.0623285
0.0741704
-0.119472
-0.0107999
-0.0980969
0.0663417
-0.0877171
0.0104924
-0.0747364
0.103296
-0.0390522
-0.113607
0.0675827
-0.119806
0.087085
0.0902421
-0.00599589
-0.0130598
-0.0545174
-0.0511712
0.0809945
-0.118397
0.115065
0.0180515
0.0293938
0.0750437
-0.0671322
-0.0198675
0.0226327
0.0283106
-0.0525538
-0.00462385
-0.00237989
-0.0302511
-0.0378166
-0.101516
0.037319
-0.0751356
-0.112518
0.0388184
0.0628998
-0.035684
-0.0663979
-0.00279017
0.0201523
0.0188862
-0.0894846
0.0306552
-0.0519075
0.0452049
0.0368843
0.0018135
-0.00365591
-0.0132926
0.0167318
-0.0846031
-0.0673063
0.0540136
0.00269258
-0.0361261
-0.000925483
0.00100746
-0.0903651
0.0111058
-0.0299185
-0.0226628
-0.0304043
0.054093
-0.0367171
0.0088814
0.017739
-0.0189991
-0.0386025
0.0563415
-0.0129712
-0.178321
0.172293
0.0248182
0.00966073
-0.0531657
0.0466417
-0.00313674
-0.0635589
0.00728235
-0.0268412
0.0246089
-0.0372385
0.0581145
-0.0231475
0.00789255
0.0652279
-0.0128606
0.0114356
0.0042142
-0.0120454
-0.00219559
-0.00312554
0.00392467
0.00139646
0.000284075
0.0491756
0.00688192
-0.0470711
0.012374
0.0182982
0.00883152
0.00236419
-0.0826074
0.0881853
0.00803041
-0.00747634
-0.00355076
-0.0112826
0.00340081
0.00585553
0.00318825
-0.00234103
-0.000981153
-0.00364912
0.068766
-0.0898208
0.126398
0.0767021
-0.114503
0.0656115
0.00315194
-0.00347465
-0.0648368
0.0835098
-0.00172842
0.00549717
0.00567831
0.116547
0.000966959
0.00135339
0.0471235
-0.0467568
0.0224699
0.110915
-0.101297
0.0484733
-0.0537834
0.0472137
-0.00481638
-0.00177608
0.00532667
-0.00444578
-0.00141895
-0.0012979
0.00223346
-0.000563466
-0.000566621
0.00267636
2.23662e-05
-0.110055
0.140231
0.0309378
0.0384473
0.0355089
0.0398947
0.0433582
-0.127354
0.010671
-0.000201554
0.0321565
-0.146686
-0.0349477
0.024277
0.0860787
-0.0691792
0.124105
-0.0554386
0.0610889
-0.0529362
0.109333
0.0144685
-0.00894136
-0.136253
0.123667
0.0589683
-0.10418
0.0383579
0.0457974
0.0142672
-0.0562021
0.0367455
0.00493582
0.0465504
-0.0100754
-0.0484327
-0.0321372
0.00704027
-0.0108159
-0.0276376
-0.000850916
-0.00561602
0.0621097
0.014828
0.0227259
-0.0359099
-0.0529721
0.0995621
0.0833331
-0.0349937
0.0196105
-0.118304
0.0204658
0.0737694
-0.11286
-0.0417525
0.0420652
0.00618016
-0.0043594
-0.007297
0.00950858
0.000976665
0.000548613
0.00559147
-0.0118265
0.000130254
-0.0134581
0.0120611
-0.0129545
0.0331946
0.0147587
-0.0876406
0.0146513
0.0582306
-0.0310706
0.0021258
0.018282
-0.00123642
-0.000562018
-0.00881224
-0.0481759
-0.00274958
-0.00422677
0.00667231
0.0206149
-0.122561
0.124465
0.0165633
-0.0200274
0.0479745
-0.000502226
-0.0462025
0.0433046
-0.037878
0.0191795
0.0470091
0.0072543
-0.00115268
-0.000897067
-0.00520456
-0.00426936
-0.089212
0.00754889
-0.0123123
-0.027433
0.0309019
0.00884337
-0.00116657
-0.0477168
0.04009
0.00431654
0.00142445
0.00667044
0.0403324
-0.0616993
0.0111224
-0.00256007
0.0547329
-0.0166004
0.00415553
-0.00823895
0.0206838
-0.0336425
0.00131237
0.0219851
-0.00551759
-0.0148679
-0.00819915
0.0143474
-0.00181836
-0.0127004
0.0618371
-0.118806
-0.0364459
-0.018232
-0.00554188
-0.0109729
0.121812
0.00428336
-0.000301974
0.0104798
-0.00523858
0.00332144
-0.00114246
-0.00982197
0.00389679
-0.0075938
0.00948127
0.00739659
6.20103e-05
-0.00427572
0.00355043
-0.00712095
-0.00437695
-0.0489492
0.0048842
0.010916
0.0331491
-0.00644279
0.00404391
-0.0197123
0.0275275
0.0343724
-0.0371437
0.0295179
0.0409168
-0.0399246
0.0436212
-0.023097
0.0151974
0.0480002
-0.0100372
0.00162372
0.000256598
0.0125882
0.000974169
0.000150081
0.00942639
-0.000604177
-0.00848981
0.00150656
-0.00594587
0.00113651
-0.00722069
0.00351897
0.0302286
-0.000538112
0.00971279
-0.0145489
-0.00531128
0.0114945
0.0461319
-0.000456322
0.00176699
0.00181028
0.0142284
0.0118764
0.0196786
-0.0508552
0.0218161
-0.0029882
-0.0140523
0.00528138
0.0143081
-0.0189029
-0.0113398
-0.021956
0.0333573
-0.00233554
0.00402312
0.00861057
-0.0061258
-0.0359881
0.00409685
-0.0202729
-0.0268065
-0.0351158
0.00216504
-0.010484
0.00833469
-0.00125874
0.000650868
-0.000833133
0.0075602
-0.000426634
-0.0218991
0.0344028
-0.040567
0.0280633
0.00681101
-0.0370844
0.0377488
-0.00747543
-0.00145229
0.0641995
-0.0503775
0.12577
0.0210111
0.0266657
-0.0199766
0.025407
-0.0320961
0.0152541
-0.0448212
0.00945011
0.020117
0.109667
0.0704261
0.0109563
0.00433109
-0.00788334
-0.00740406
0.00374779
-0.00432934
-0.00656407
-0.0127803
0.00111964
-0.00652146
0.00258255
-0.0104233
0.0103824
-0.00842243
-0.0019789
0.00763468
0.0705234
-0.0378066
1.5145e-05
-0.00718243
0.0224282
-0.0702426
0.00276798
0.0450464
-0.000143503
0.00476048
-0.0070202
0.00240322
-0.000393619
-0.00520618
-0.0230978
0.000311415
0.165613
-0.0879681
0.0420447
-0.126051
0.0520212
0.0059859
0.113744
-0.0639976
-0.0189508
-0.0598589
0.0119088
-0.139513
0.0354621
-0.0329631
-0.0979737
-0.0466685
0.0141778
-0.0139096
0.0246668
0.0142678
-0.0171333
0.00531224
-0.00840521
0.0448259
0.0112603
-0.0388792
0.000269637
0.0116649
-0.00880654
0.00501221
-0.00265127
0.00644561
0.0361215
-0.00768415
-0.00702101
-0.0304508
0.00416221
-0.00196574
-0.00764028
-0.0197743
0.0207847
0.00830556
-0.0148553
0.0148876
-0.00431966
-0.00208721
0.00198638
0.00556248
-0.0193339
0.0199168
0.00338135
-0.00309662
0.00119949
-0.00625524
-0.000372823
-0.00370391
-0.0117994
0.012766
0.0150927
0.00192044
0.000459551
-0.00363873
-0.000707423
0.000689583
-0.00648108
-0.0352532
0.0126997
-0.0273014
0.0003518
0.0194102
-0.0129282
0.0730332
-0.0459384
-0.0542147
-0.00840513
0.0611675
0.0202086
-0.0384421
0.0110101
-0.049734
0.0395385
-0.000686381
0.0222889
-0.00846349
-0.0385698
-0.0452366
0.0526074
0.0127729
-0.0229208
0.00451883
0.000939703
-0.00888506
-0.0230383
0.0017226
-0.00794387
0.00668046
0.00506687
0.00167147
0.00136753
-0.00810588
-0.0547816
0.0545723
-0.0348451
0.0174531
0.0337909
0.00368884
0.000333916
0.0010667
-0.00238853
4.63693e-05
0.0368706
-0.0236325
-0.000986382
0.000220774
0.0567268
0.0294399
0.00405317
-0.000329317
-0.00133997
-0.00071925
0.0299907
-0.0394627
0.00347033
0.00851381
0.00413354
0.0296455
0.00280117
0.00364777
-0.00984255
0.0449645
-0.0116217
-0.00238878
0.0356931
-0.000244253
-0.00889479
-0.0144616
-0.00148352
-0.021642
0.0178065
-0.00968659
-0.0281559
-0.00544762
-0.005771
-0.0478129
0.0080172
-0.0194312
-0.0214419
0.00743397
0.00531161
-0.000457254
0.00173839
-0.00443677
-0.0319219
0.00575144
0.0344869
0.0389003
-0.046128
0.0422324
-0.0166904
-0.0368918
0.0123394
-0.026389
-0.0104956
-0.0222366
-0.0196111
0.011289
-0.0616525
-0.0402453
0.00623008
-0.00925317
-0.0370712
-0.0322466
0.0421422
-0.106633
0.0957968
-0.000738124
-0.0327518
-0.0357826
0.100514
-0.075707
0.0368735
0.00636406
-0.0119847
0.104952
0.000198837
0.000881374
0.0506183
-0.0463404
-0.0832576
0.111388
-0.0163725
-0.00339438
-0.0106839
0.00891228
-0.0556617
0.0435386
-0.0146759
0.0333539
0.0120841
0.00341737
0.00479499
-0.00955634
-0.00731364
0.0631119
0.0229572
-0.00659303
-0.0135584
0.0302834
0.0100935
0.00577824
-0.0365319
-0.00297454
0.0299267
0.00957978
0.0206591
-0.019564
-0.0309757
0.00461143
-0.0115138
-0.00306581
0.0124432
0.0320207
0.070053
-0.0143292
0.0796358
-0.115578
0.0529279
0.00303126
-0.00591573
0.0334522
0.00243861
0.0024653
-0.0143208
0.0589098
-0.035617
-0.0386607
0.0599569
-0.0120254
-0.0978776
0.0742861
0.0389717
-0.0997022
0.0569913
0.0554352
0.0693364
-0.0498222
-0.0151121
-0.0480861
-0.0350129
-0.0431279
-0.0673892
-0.0221389
0.0194318
-0.0319764
0.0282911
-0.019591
0.0488246
-0.0454467
0.0140752
0.0128551
0.00841308
-0.0758774
0.0664722
-0.00825582
0.0145107
-0.00637846
0.0159261
-0.0421154
-0.0150526
-0.0236487
0.0268998
-0.00696561
0.0097952
-0.00885378
-0.00517969
-0.0131773
0.00397572
-0.00465922
0.00581398
-9.62301e-05
-0.00726002
-0.00487482
-0.00199538
-0.00347164
-0.00213402
-0.00424366
0.000878115
0.00163489
-0.00997633
0.00100443
0.0387651
0.0090579
-0.000897725
0.00228705
0.0709003
0.0234416
0.00189856
-0.000938391
-0.0594184
0.0464323
0.0139245
0.0323592
0.01878
-0.00579056
0.00525381
-0.00664022
0.0117228
0.0361307
-0.0154942
-0.0266973
0.00582295
-0.00598911
0.00602168
-0.0206651
-0.0138251
0.180793
0.0244099
0.0071024
-0.00980454
0.0320901
0.0525869
0.00294082
0.00019171
-0.00800735
-0.00919931
-0.0171357
0.00829382
0.0180412
-0.00189626
0.0413287
-0.0198575
-0.0355283
-0.00358461
0.040887
0.0110043
-0.0263085
-0.000549298
0.00803203
-0.00941985
0.0764527
-0.0017776
0.0240429
0.0252398
0.101915
-0.0120148
-0.0163429
0.0159471
0.0564612
-0.0317153
-0.0304951
0.0128397
0.0976176
-0.0655738
-0.0510025
-0.0206288
0.0317168
-0.151052
0.107024
-0.118029
0.115808
0.0440233
-0.0418031
0.0775499
-0.18059
-0.0273351
-0.0406246
-0.0452042
0.0303335
0.0396185
-0.0378734
-0.0320785
0.0611551
-0.109873
0.0749278
0.0132785
-0.0596189
-0.036475
-0.0447767
0.0340016
-0.00605771
-0.0495267
0.0042244
-5.05507e-05
-0.0856243
0.0726531
0.0702646
-0.103937
-0.0308228
0.126436
0.0889399
-0.00569483
-0.0609619
-0.0140764
-0.0611974
-0.14893
-0.0274671
-0.0492242
0.0912346
0.00518762
0.0667184
-0.00900411
-0.0951003
0.105007
0.0719091
0.00160372
0.0958103
0.10112
-0.00357073
-0.176654
-0.0343019
-0.0338313
-0.068371
0.098343
-0.0642739
-0.0493837
-0.0609865
-0.0731545
-0.0531335
0.108905
-0.0474336
0.0375693
-0.0399284
-0.0167576
-0.0593205
0.103539
-0.110499
-0.0723446
-0.0231225
-0.0415321
-0.0165524
0.0657168
0.0416773
0.0706009
-0.0440932
-0.0360005
-0.046373
0.0284277
0.0047317
-0.0466745
0.0309153
0.00842837
0.0712213
-0.0498701
-0.0161514
-0.0545831
-0.0451728
0.104972
-0.0171601
0.00010347
-0.0143063
0.0235397
0.0300971
-0.0660341
0.0667167
-0.00524321
0.0278944
-0.0262195
-0.00925614
0.000154345
-0.00542083
0.000969993
0.00129864
0.0313723
-0.00462755
0.0214531
-0.0207976
0.0868086
0.0691475
-0.0577062
0.0574275
-0.0414252
-0.00922819
0.0948723
-0.0230585
0.0374424
-0.112222
0.151418
-0.0620947
-0.104878
0.0731819
0.10738
-0.0436757
0.0072227
-0.10101
0.0137779
-0.00253837
-0.0489007
0.0401352
-0.142718
-0.0363161
0.0222142
-0.0733974
0.0265374
-0.00755407
0.00247471
0.00493585
-0.0506233
-0.0329062
0.0136035
-0.0340981
0.0181779
-0.00977967
-0.0310146
-0.00044953
-0.0254856
-0.00449396
0.00733721
0.0264054
0.0395355
0.0290453
0.0190048
-0.040713
0.0232237
0.0011923
0.0057533
-0.00483354
0.00639884
0.0105605
0.0101603
-0.0689287
0.0207471
0.0257243
0.026976
-0.135532
0.110383
-0.0883092
-0.067938
-0.057796
0.00858592
-0.00136709
-0.0767654
0.000553449
-0.01378
-0.0225689
-0.00074484
-0.0323562
0.033101
0.0166311
0.0906882
0.000761219
0.0268514
0.00790499
0.093162
-0.0293477
-0.000505687
-0.084683
0.0273365
-0.0579668
0.0306303
-0.0062934
0.0624197
-0.0704716
-0.0449383
-0.0031
-0.125282
-0.000801732
0.0145688
0.0492771
-0.0254477
0.009383
0.0173771
0.0938636
0.0397054
-0.0392284
0.0317414
-0.0526151
-0.0531072
0.128885
-0.0625661
-0.0319676
-0.0455469
-0.0010422
0.00765452
0.0125649
-0.0119229
0.0210567
0.0867478
0.0462172
-0.0361089
-0.000332756
0.0333687
-0.0521816
0.00445633
-0.00205982
-0.000666377
-0.001076
0.00842825
-0.108252
-0.00609832
-0.0273211
0.0290428
-0.0249254
0.0200221
0.0313562
0.0295682
-0.0181139
0.0130676
0.0267059
-0.000527419
0.001217
-0.00316888
0.0847906
-0.0408993
-0.103472
0.104809
-0.0272514
-0.0311305
0.0583818
0.062176
0.0349247
0.0572398
-0.114309
0.00671063
0.0912557
0.0405472
0.00117264
0.014725
0.0519186
0.181318
-0.071464
0.114911
0.0912469
-0.0961984
-0.0634951
0.0450243
-0.0510978
0.138609
-0.0333048
-0.0821154
-0.0302967
0.0100674
-0.0407279
0.0777852
-0.00437619
-0.111305
-0.024136
0.0852162
0.0608903
-0.0925818
-0.0535247
0.0269902
0.0633901
-0.0512975
0.0484559
-0.0200388
0.0017072
-0.00190987
0.000910499
3.44088e-05
0.000762296
0.0379287
-0.0513945
0.00764587
0.00581998
0.0160626
0.062411
0.000449321
0.000196937
0.0172909
0.0335202
-0.0463645
0.0354309
0.0193096
0.127036
-0.0658806
0.00680296
0.00407192
-0.00697809
-0.000586051
-0.0831201
0.0649602
0.00973732
-0.0408568
0.0309391
-0.0280389
0.0300633
-0.0664171
0.0603146
-0.0481122
0.00384212
-0.0127444
-0.0808167
0.0609244
0.012648
-0.0314233
0.00926944
0.0126657
-0.0111761
0.00488074
0.016059
0.0351316
0.0106191
0.0423051
-0.0166286
-0.0318436
0.0403801
-0.0445088
0.0362314
0.000754927
-0.0510936
-0.0115451
0.0436656
0.00237531
0.0148524
0.0379102
0.0385424
-0.093718
0.0996394
0.00103376
-0.00931644
-0.0337049
0.0536404
-0.00645294
0.0168429
0.00984205
-0.0335525
-0.0187465
-0.0192148
0.00664828
-0.0408029
0.00168467
-0.0144536
0.013281
0.0084688
0.00673327
0.00154782
-0.0221301
0.0102596
0.0862446
0.00796897
-0.0396037
-0.0117382
0.0116203
-0.0398621
0.0123816
-0.010676
-1.44368e-05
-0.0253354
0.0248118
-0.00761185
-0.000795793
0.012532
-0.000532766
-0.050421
-0.000821995
0.00460076
-0.00901734
0.00745292
-0.0049408
0.00591207
-0.000139698
0.00443323
-0.000756635
-0.00270247
-0.0104981
-0.0136695
-0.00936131
-0.00517154
0.00011818
0.00185805
-0.0326707
-0.00617251
0.0468693
-0.00192567
-0.0387711
0.00295629
0.00221671
0.0102545
-0.00279641
-0.00560001
0.00604601
0.00501467
-0.000113762
-0.0173123
0.0319389
-0.0143082
0.0355954
0.0214466
-0.00376967
-0.021664
0.00607683
0.000370272
0.0129847
0.0179115
0.0156922
0.0285148
-0.0378977
-0.0252673
-0.0111894
0.111496
-0.0769737
0.00141736
-0.000761791
-0.0447868
0.0426751
-0.0146292
0.00574506
-0.00107209
-0.000502086
-0.012653
-0.034067
-0.110866
0.0145983
0.105221
-0.0419114
-0.0968529
-0.00290808
0.00100478
-0.00627698
-0.00190445
-0.00291049
0.00743283
-0.00778233
0.00652939
-0.00836077
-0.00168481
0.00351619
0.00347723
-0.00171337
0.00685627
0.000174965
0.00101387
0.000421042
0.0379189
-0.0155543
-0.0567815
0.054164
-0.0405707
-0.061193
0.114274
-0.0153731
0.0057188
0.000769266
0.0043294
-0.0100398
-0.0210569
0.0113414
-0.00565767
0.0139492
-0.0328803
0.00766918
0.0125269
0.00648372
0.00233953
0.00157993
0.0321101
0.00260359
-0.0111563
0.062854
-0.0638247
-0.0124651
-0.000570158
-0.149088
0.00126418
-0.00255427
0.0197442
-0.00188214
0.00703796
0.0228089
-0.00163572
-0.0013096
0.000893644
0.00294863
-0.0586265
0.0148962
-0.0497165
0.000423946
0.0127455
-0.00709265
-0.00955475
0.00197621
-0.00230296
0.0029188
0.00932999
-0.00115753
-0.00882306
-0.00303099
0.00714409
-0.00252339
0.000839042
0.00550022
-0.000161303
0.00597872
-0.0186336
0.0161551
-9.53634e-05
-0.00167842
0.00348722
-0.0112026
-0.00415802
-0.000611131
0.000657499
0.000770575
-3.44298e-05
-0.00126971
0.00159371
0.0239949
0.0263446
-0.0414523
-0.00973276
-0.0263424
0.0525856
0.00172817
-0.00192976
8.52284e-05
-0.0389584
-0.0486401
-0.0258197
-0.00224267
0.0745568
0.000917822
0.00124106
-0.00248092
0.144467
-0.0312718
-0.00479352
-0.0526955
0.014761
0.054063
-0.0273933
-0.0249712
-0.0268635
-0.000747681
0.00247231
-0.000330377
-0.0372535
0.0425718
0.0128245
0.00260124
-0.00471466
-0.00542979
-0.0348139
0.045935
-0.0013542
0.00876193
-0.0859931
-0.0498858
-0.0361073
0.0264343
-0.0310683
-0.0449062
-0.0931617
-0.00197707
-0.000756888
0.00368184
-0.0154833
-0.0130509
0.00331666
-0.0151151
-0.00134984
0.00629593
0.00111338
0.0225936
-0.0184417
0.00691344
-0.0064354
7.72338e-05
0.00668246
-0.0288836
0.000740693
0.0589333
0.00521761
0.00466845
-0.0541599
0.0284198
0.000813272
-0.0333258
0.00330483
-0.00909735
0.0384302
-0.0374395
0.0209416
-0.0369828
0.00854217
0.0172259
0.137283
0.0142805
-0.0249305
0.0447256
0.0450948
-0.0032695
0.0576383
-0.0484178
-0.00504146
-0.0494636
0.00277698
-0.00917216
-0.00380624
-0.00357204
-0.0112691
0.00797361
0.0299612
-0.00806787
-0.0221346
-0.0120619
-0.0221907
0.031983
-0.00143545
-0.0279857
-0.0276843
0.0269664
0.0635411
0.0023976
-0.0466828
-0.0163303
0.0433438
-0.0546644
-0.013087
0.00285117
0.00690809
-0.0104448
-0.00174653
-0.00171592
0.0027726
0.0165768
-0.00701055
-0.00380709
0.00472053
0.0420778
0.00195266
-0.00713942
0.0187411
-0.0657429
0.0166875
0.00694955
0.0304819
0.0365273
0.0460757
-0.00352401
0.0118405
-0.0608121
-0.00661294
-0.00863352
0.023239
-0.00799251
-0.0080497
0.00149443
-0.0749379
0.0589995
0.0585502
0.00546992
-0.0350412
0.0510062
-0.00553954
0.017572
0.0379542
0.00752347
-0.0550059
-0.00768373
-0.0124601
-0.0213576
0.00594633
-0.00228842
0.0307861
0.0411867
0.00210525
-0.00333212
-0.013284
0.0068047
0.00991544
0.00448512
-0.00582881
0.00767371
0.00187361
0.0114918
0.0156889
-0.0351656
0.00147106
0.0135625
-0.0191737
0.0479113
-0.0112536
-0.0363679
0.0543987
0.00808215
-0.0564778
0.0985581
0.0528629
-0.0504034
0.0404253
-0.00609301
0.0160711
-0.0314776
-0.000815411
0.0314065
-0.0124518
-0.0179283
0.0339895
0.0346647
-0.0283885
-0.0230456
0.0356068
-0.0181695
0.013419
-0.0196119
-0.015286
-0.0463294
-0.0111239
0.0035462
-0.0183156
-0.00172453
0.00946374
-0.0546034
-0.017403
0.013038
-0.00333812
0.0346439
0.00682482
-0.0164926
-0.0110454
0.0078131
-0.00990136
0.00253003
0.0148
-0.0700255
-0.0051032
0.0143236
0.0295528
0.0223807
0.00532351
-0.00377619
-0.000593673
-0.00176843
-0.000774663
-0.00128609
0.0440652
0.0152702
-0.0278968
0.0880645
0.0172001
-0.0200483
-4.84559e-06
0.00923064
0.00522074
-0.0169482
0.000618903
0.0390558
-0.0767075
-0.00964062
0.0136177
0.00182493
-0.0129734
-0.0043635
0.0161591
0.0135479
-0.0104876
-0.00898612
0.0065627
-0.00207587
-0.011131
-0.00550821
-0.0103612
-0.00566025
0.0106225
0.00144099
-0.00740375
-0.00757419
0.00160755
0.00684589
0.132918
0.0478411
0.00476985
-0.00194988
0.00304092
-0.0104665
0.0109128
-0.0556878
0.0975911
-0.0330677
0.0410099
0.0277326
-0.0527562
0.0443633
-0.0242104
0.033518
-0.00392426
-0.0841745
-0.0338615
0.0497823
-0.0485744
0.0791356
0.0432902
0.0919522
-0.0575478
0.0290709
0.0829226
0.0182695
-0.0368586
0.0240112
-0.0484359
-0.000437165
0.121858
-0.0861195
-0.0662715
-0.066354
-0.0315896
-0.0670626
0.0243291
0.0614985
0.0333715
0.0284214
-0.00273027
-0.00596826
-0.00291613
0.00296559
-0.00836758
-0.0579387
0.0269002
0.0432637
-0.0593681
0.0217802
0.0231474
0.013963
0.00135502
0.00899178
0.0506011
0.00537263
0.0110454
-0.00506584
0.008658
0.000455601
-0.00591629
-0.0397225
0.0318729
0.025323
0.00135432
-0.162928
-0.036483
-0.0361736
-0.0260284
-0.00430808
-0.021713
0.0151142
0.0284539
-0.0374481
0.117293
-0.00517055
-0.00849219
0.0110242
0.00535952
0.00531106
-0.00135997
0.0323964
-0.0269371
0.0875787
-0.0112322
-0.0376184
-0.00575247
-0.0767857
0.0546437
0.0131637
0.0125215
0.0013556
-0.0544441
-0.0857374
0.0460259
-0.00518658
-0.0390868
-0.0185657
-0.000457181
0.0306797
0.00031383
0.0327448
-0.0115287
0.0507309
0.0393227
-0.0031857
0.0290217
-0.0596368
0.03761
0.116487
0.113876
-0.124737
-0.0291797
0.00766358
-0.000932849
-0.00845526
-0.0810869
-0.117105
0.0420962
-0.0319118
0.0674336
-0.0388464
0.0858539
0.0365023
-0.064892
0.0805452
0.0766537
0.0654078
-0.0414918
0.0612996
0.0766968
0.00649518
0.00223786
-0.00354996
0.00566044
0.033522
-0.0287927
0.0437128
0.0637811
-0.00290834
-0.0658167
0.00053062
0.0628412
-0.106208
-0.0334883
0.119639
0.0144942
-0.0218151
0.049449
0.00865373
0.00164308
-0.0118218
0.00526163
-0.00292012
-0.00762386
0.0626477
0.00368752
-0.0293531
-0.0605559
0.0313587
0.00274085
0.0692626
0.00677352
-0.00335816
-0.00642446
0.0100398
0.0400257
0.0438446
-0.0173461
0.0093199
0.0142543
-0.0800362
-0.0797494
-0.0270311
-0.0484325
0.0143923
0.0277893
-0.0367338
0.0112383
-0.00256696
-0.0309343
0.00280561
-0.0326603
-0.0419716
-0.0130188
-0.013413
-0.000985785
-0.0137289
0.00445264
0.00229115
0.0032894
0.00798299
0.00481423
-0.000136529
0.0469596
-0.00581563
0.00945718
0.03871
-0.0417586
-0.035907
0.0550967
-0.0142093
-0.0160434
-0.0069855
0.00494288
-0.0103755
0.0276169
-0.0516459
0.128209
0.00785048
-0.00846687
0.0205915
0.082293
-0.0529127
0.0693813
-0.0081509
0.0700059
0.0200296
-0.110592
0.0855676
-0.064725
-0.0221798
-0.0731635
0.0288596
-0.0415396
-0.0786833
0.058333
-0.167576
0.0259853
0.0431013
-0.0320316
-0.000728896
0.0628267
-0.0452043
-0.0935607
0.0945385
0.00578467
0.0684998
0.00494824
0.00965252
-0.0464478
-0.0371448
-0.0833452
0.0133254
0.0438921
-0.00458173
-0.00555364
0.00139861
-0.0925552
0.0323711
-0.110176
-0.0155918
0.000298444
0.0162537
0.00263033
-0.0667573
-0.0481959
-0.00766604
0.0500837
0.0329032
0.0113265
-0.0687033
-0.00786929
-0.0142489
-0.043454
0.00742397
0.0408089
-0.024061
0.0351769
-0.00716988
0.0521271
-0.0647878
0.00123069
-0.038993
-0.00226108
0.0968116
-0.0070057
0.0231426
-0.00607222
-0.00934072
0.00231799
-0.00124844
0.046993
-0.0604352
0.022329
-0.00617582
-0.00549073
0.00837006
-0.0125208
-0.0106593
-0.00740863
-0.00908847
0.00215692
0.000482462
-0.00294796
0.0378438
0.00884512
0.000391402
0.0387421
-0.0320536
0.00550688
0.00652131
0.00440116
-0.0105313
0.0012612
0.0008214
-0.0023782
0.0179218
0.00836317
0.0115104
-0.00309191
0.0527612
0.00574738
0.00431034
-8.53971e-05
-0.0157301
0.00419335
0.00616175
-0.0339537
-0.0342182
0.0344886
-0.0152401
0.0519132
-0.0453724
-0.0439446
-0.00924976
-0.005595
0.0142268
-0.0310621
0.0052046
0.0282028
0.00032769
-0.00682608
-0.0339501
-0.0137087
-0.000236667
0.00114865
-0.0139033
-0.00712069
0.00143082
-0.034
0.0015535
0.00371695
0.000722852
-0.00135963
0.00929244
0.00467587
-0.0276688
-0.0423162
0.0133684
-0.000709646
-0.0279877
0.0396872
-0.0415394
0.0178523
-0.0676758
0.0118748
0.0360567
-0.0074292
-0.00121256
-0.0199225
-0.00625367
-0.00754525
0.0132231
0.00796542
0.0110998
-0.0605476
-0.00224718
-0.000248905
0.0422327
-0.0299361
-0.0369528
-0.0138927
0.000723867
0.00100565
-0.00612246
-0.038574
-0.0624441
-0.173178
-0.024522
-0.056377
-0.038411
0.0308445
0.0160994
0.152605
-0.0585303
0.00952429
0.0422057
-0.0313094
0.00152964
-0.0331991
-0.0339025
-0.0291326
0.0510267
-0.0463436
0.00151876
-0.0403029
0.0228457
0.150732
-0.00759575
0.000673626
0.000811808
-0.0635499
0.0317593
0.0317905
0.0121918
-0.00162292
-0.00138969
0.0166872
0.0228089
0.0484502
-0.00275779
-0.00551476
0.0192317
0.0128221
-0.0220633
0.118087
0.0277665
0.0545124
0.138758
-0.138136
-0.114667
-0.10972
0.0895499
-0.0397185
0.0231117
-0.0527956
-0.0140064
0.00593431
-0.00560465
-0.0590017
0.000470312
-0.0372253
-0.0419294
0.1313
0.112033
0.118114
0.0470939
-0.079981
-0.0699077
-0.0971547
-0.0290388
0.0652071
-0.0243646
-0.0342518
0.0184018
-0.0849988
0.109525
-0.1117
0.128175
-0.0293443
0.0417156
-0.00799047
-0.00507473
-0.172049
0.00388649
0.0169577
0.174846
0.104719
-0.0247692
-0.0615477
0.0791729
-0.118006
-0.0506492
0.0633737
-0.00303186
-0.00325218
-0.0869506
0.0719553
0.0109693
0.0159559
-0.000461161
-0.00398964
-0.00128416
-0.00416944
-0.00387884
-0.00125907
-0.00559907
0.019054
0.0162919
0.0456773
-0.00857694
-0.0274882
-0.0274391
0.0470331
0.0239933
0.0553112
-0.0373536
-0.000338258
-0.0818647
-0.0330254
0.064816
-0.0335093
-0.0121413
-0.0464466
-0.0362834
0.0797002
0.00806836
0.0851389
0.0763388
-0.0154992
-0.0207228
0.036693
-0.0346899
-0.0121924
0.0497347
0.0176383
0.00528165
-0.0760095
-0.0562697
0.00175211
-0.0234769
-0.0188844
0.00960132
-0.0474411
0.0145453
0.0260281
0.016981
0.0536044
0.0411407
0.0135702
-0.101987
0.0914969
-0.0967038
-0.0868971
-0.00625903
-0.055464
0.0518921
0.0034037
-0.0439307
-0.0352685
-0.03464
0.00974994
0.00441853
0.00531635
-0.00986561
-0.00261818
0.00137222
0.00199756
-0.00999534
0.0142804
0.00550315
-0.00267759
0.00711472
-0.00720487
0.00193219
0.0059039
0.0436973
0.0768125
0.034456
-0.0281645
-0.0384783
-0.0200354
0.00347359
-0.00589685
-0.019057
-0.0474642
0.0554739
-0.0028887
0.0119074
-0.0123345
0.00460958
0.00746457
0.000343565
-0.000552352
-0.00815918
-0.000349024
-0.00627735
-0.0286679
-0.00177552
0.00407092
-0.0477412
)
;

boundaryField
{
    outlet
    {
        type            calculated;
        value           nonuniform List<scalar> 0();
    }
    walls
    {
        type            calculated;
        value           uniform 0;
    }
    inlet
    {
        type            calculated;
        value           nonuniform List<scalar> 
122
(
-0.0732349
-0.071027
-0.0782779
-0.0728569
-0.0803576
-0.0783135
-0.0811171
-0.0805041
-0.0815266
-0.0813587
-0.0820733
-0.0820234
-0.0831789
-0.0831204
-0.0846029
-0.0845562
-0.0776982
-0.0780376
-0.0653522
-0.0643213
-0.0665721
-0.0639373
-0.0597464
-0.0559192
-0.0569309
-0.0562296
-0.0520626
-0.061805
-0.0592068
-0.0813831
-0.0837937
-0.0815603
-0.0801975
-0.0736508
-0.0784145
-0.0878392
-0.0849032
-0.0822522
-0.0903923
-0.0870676
-0.0893749
-0.0826612
-0.0810763
-0.0781129
-0.074983
-0.0885895
-0.0812977
-0.0772545
-0.0704967
-0.0694066
-0.0717856
-0.0799442
-0.0788728
-0.063844
-0.0659337
-0.0762362
-0.064342
-0.0797014
-0.0779095
-0.0809266
-0.0808446
-0.0813417
-0.081237
-0.0816651
-0.081617
-0.0823321
-0.0820931
-0.0841805
-0.0839231
-0.0915482
-0.0946385
-0.0695306
-0.0805907
-0.0503996
-0.0476933
-0.0519479
-0.0821473
-0.0555873
-0.0464985
-0.0528815
-0.054483
-0.0485795
-0.0867047
-0.0834478
-0.0831228
-0.0971003
-0.101278
-0.0633726
-0.0805069
-0.0795437
-0.0751922
-0.0629999
-0.0813218
-0.0809349
-0.0757243
-0.0816429
-0.0865207
-0.0791556
-0.0666691
-0.0756056
-0.0805776
-0.0817009
-0.0814661
-0.0815433
-0.0815727
-0.0823622
-0.0890429
-0.0912299
-0.0507744
-0.0941839
-0.0815486
-0.0786166
-0.077867
-0.0708621
-0.0563208
-0.0633459
-0.0846228
-0.0812092
-0.0747732
-0.0770445
-0.0825381
-0.0805014
)
;
    }
    model
    {
        type            calculated;
        value           uniform 0;
    }
    procBoundary6to3
    {
        type            processor;
        value           nonuniform List<scalar> 
51
(
0.0234025
-0.0350337
-0.00826339
-0.0293753
0.0457138
-0.0462164
0.0248731
-0.00861515
0.0588876
0.0548743
0.0353785
0.0249345
0.0489222
0.111807
-0.0174814
-0.119743
-0.00225725
0.0499043
0.0420998
0.0315278
0.0247616
0.0296035
0.045201
-0.0111087
0.0103516
-0.0594664
-0.049667
0.0098512
0.0529866
-0.0371218
0.0174728
-0.0347801
0.0119327
-0.0441054
0.00820721
0.0380428
0.0213042
-0.0282432
-0.00532438
0.0313593
-0.0136795
-0.0461638
0.0822042
0.0084127
-0.00232755
-0.00541241
0.0336155
0.00797095
-0.0112343
0.035198
0.046676
)
;
    }
    procBoundary6to4
    {
        type            processor;
        value           nonuniform List<scalar> 
32
(
0.0170047
0.097155
-0.00307527
0.0138745
0.0342543
0.0165907
-0.00710734
0.0389958
0.0526074
0.0608842
0.0145858
0.0722735
0.126667
0.0576111
0.0456137
0.0448916
0.0276478
0.0201667
0.0350306
0.139962
0.0168081
0.116884
0.0243929
-0.00911502
0.106694
0.0126264
-0.0198762
0.0296308
0.0787531
0.0551193
0.163136
0.0174536
)
;
    }
    procBoundary6to7
    {
        type            processor;
        value           nonuniform List<scalar> 
87
(
0.00369277
0.00605166
0.0523175
0.0358421
0.0605497
0.0017734
0.0716311
0.0402063
-0.0194894
0.0490984
0.00971227
0.0395757
0.0381243
0.029623
0.016177
0.0188933
0.0311155
0.0449226
0.0242353
0.0299244
0.0541716
0.0476253
0.0652671
0.0278188
0.0443997
-0.00519333
0.0247444
0.0292665
0.0230256
0.0351514
0.00210985
0.0336354
0.00811065
0.0388896
0.0506695
0.0447379
0.0385274
0.00782787
0.0509996
0.0259018
0.0577206
0.0236009
0.0235556
0.0194058
-0.0041139
-0.00175181
-0.0141125
0.03842
0.0282385
0.0192438
0.0572952
0.0512901
0.0695654
0.00965995
0.00318005
0.0106628
-0.0146074
0.0552741
0.0472109
0.0342023
0.0480013
0.0131665
0.0279744
0.0232458
0.037321
0.0273127
0.0125373
0.0103227
0.0479188
0.0332581
0.0381958
0.03556
0.0667231
0.0010945
0.00465635
0.0415672
0.0108031
0.0786777
0.0706358
0.0270194
-0.00129469
0.0370267
0.00159714
-0.0210777
0.01134
0.0105621
0.00448996
)
;
    }
    procBoundary6to8
    {
        type            processor;
        value           nonuniform List<scalar> 
92
(
0.00152919
0.00220629
0.00152537
0.00199705
0.00646976
0.00393023
0.0018717
2.98325e-05
0.00484986
0.000322036
0.00975806
0.00405283
0.00647597
0.0082179
0.00285296
0.0020834
-0.000893132
0.00010262
-0.00261943
0.00457193
0.00246318
0.00895561
0.00235933
0.0013744
0.00264578
0.000903525
0.00796364
-0.000350877
0.00582554
0.0396846
0.00351853
0.00174974
-0.000732655
-0.00127593
0.00689544
0.00592148
0.00216712
0.00389321
-0.000985818
-0.000866833
0.000770521
0.000426755
0.00207164
0.0200984
0.00671987
0.000880361
0.00754321
0.0135448
0.0118238
0.00478631
0.0255275
0.00322304
0.00267226
0.00075238
0.0410606
0.00950069
0.00533542
-0.00037847
0.00521066
0.00084077
0.0028536
0.000711687
0.00199991
0.000164815
0.0107321
0.0422474
0.000435748
-0.000601248
-0.00318279
-0.00120243
0.00149701
0.01102
0.00669009
0.0382725
0.000241072
0.00111311
0.00203691
0.00078117
0.00306606
0.00322885
0.00768694
0.00764097
9.71901e-05
0.0012846
0.00689724
0.00197994
0.00540379
0.00483881
0.0073383
0.00718398
0.00149744
0.00641686
)
;
    }
    procBoundary6to9
    {
        type            processor;
        value           nonuniform List<scalar> 
131
(
-0.000419023
0.00670912
0.0187383
0.0101721
0.00881293
0.00175983
-0.00192761
0.00335157
0.0304603
0.0171684
0.0272386
0.0323982
0.00173049
0.0167229
0.02862
0.020514
0.00591707
0.0122083
0.0170798
0.0175165
0.0332769
0.00737707
0.0397368
0.0364962
0.0112177
0.00601498
0.00415856
0.0114238
0.0393136
0.000266944
0.0118748
0.00653782
0.0200809
0.0198204
-0.000511469
0.000523184
0.0105401
0.00970562
0.00197473
0.0142174
0.00454158
1.95786e-06
0.000180406
-0.000796649
-0.00178891
0.00818524
0.0163611
0.007663
0.0129437
-9.24637e-05
0.0283089
0.0252123
0.00246937
0.00916886
0.00572812
0.0037309
0.0049857
0.00364802
-0.000175676
0.000244518
0.00635876
0.0127574
0.00883741
0.0168851
0.00154252
0.000220004
0.00877895
-0.00157669
0.00594745
0.0130251
0.00442715
0.0317043
0.055613
0.00169336
0.0151827
0.0236006
0.000131567
0.000853618
0.00462394
-0.000552979
-0.00068625
0.00719883
0.000784124
0.0092594
6.43167e-05
0.00558673
0.00805131
0.0452812
0.0273183
0.0042051
0.00876813
6.10616e-05
-0.00169554
0.0114325
4.57417e-05
0.000261492
0.0076617
0.011138
0.0063381
9.5606e-05
0.0125555
0.00114031
0.0234348
0.0145226
3.81179e-05
0.0046995
-0.000233081
0.0107246
0.00423323
-0.000687203
0.0153121
0.00795393
0.0105841
0.0046504
0.00819858
0.00691865
0.00832776
0.0100339
0.0150653
0.00199974
0.0100327
0.00195556
0.00893016
0.00152498
0.0146822
0.0116672
0.0356314
0.0114059
0.00642884
0.00302005
0.024745
)
;
    }
    procBoundary6to11
    {
        type            processor;
        value           nonuniform List<scalar> 
128
(
0.0140581
0.00985217
0.0118041
0.00686806
0.0893577
0.0178229
0.0341388
0.00313381
0.0165214
0.0242689
0.0515023
0.00870045
0.041063
0.0294603
0.0241537
0.00835649
0.0554895
-0.00198401
0.0539085
0.00305063
0.04341
0.0179309
0.0473918
0.0031653
0.000893769
0.000398563
0.0746162
0.0250635
0.000633308
0.0330891
0.00389739
0.0267297
0.0513637
0.0112523
0.043373
0.00625092
0.00287049
-0.00107961
0.00551574
0.00522514
0.00452132
0.00257515
0.00267907
0.0106478
0.0105852
0.00972261
0.0123139
0.0139762
0.0074216
0.0382305
0.000117659
0.0437495
0.00943745
0.0403366
0.0671162
0.00343915
0.0155581
0.0653865
0.025921
0.046312
0.0573113
0.00201717
0.0377162
0.00272032
0.0123545
0.0286717
0.00843316
0.0617871
0.00425002
0.0360196
-0.00164567
0.0144628
0.0185865
0.0368792
3.23408e-05
0.0401854
0.0408841
0.0458346
0.00711455
0.0126765
0.0270949
0.0106107
0.0112813
0.0453152
0.0188159
0.0205996
0.0333681
0.0304291
0.077579
0.0652574
0.0786111
0.0708321
0.0382799
0.0488908
0.0320056
0.00130414
0.00166522
0.0134631
0.00271718
0.00411165
0.0305078
0.067424
0.00653868
0.0165079
0.0412403
0.0301359
0.0110661
0.0345134
0.0287408
0.0057218
0.0164287
0.0111212
0.0141321
0.0390666
0.0437389
0.0177533
0.0106615
0.00787427
0.00906343
0.0364968
0.0129788
0.0297189
0.0235186
0.037316
0.00656855
0.00343799
0.000749856
0.0168271
)
;
    }
}


// ************************************************************************* //
