/*--------------------------------*- C++ -*----------------------------------*\
| =========                 |                                                 |
| \\      /  F ield         | OpenFOAM: The Open Source CFD Toolbox           |
|  \\    /   O peration     | Version:  2506                                  |
|   \\  /    A nd           | Website:  www.openfoam.com                      |
|    \\/     M anipulation  |                                                 |
\*---------------------------------------------------------------------------*/
FoamFile
{
    version     2.0;
    format      ascii;
    arch        "LSB;label=32;scalar=64";
    class       volScalarField;
    location    "0.0440925";
    object      nut;
}
// * * * * * * * * * * * * * * * * * * * * * * * * * * * * * * * * * * * * * //

dimensions      [0 2 -1 0 0 0 0];

internalField   nonuniform List<scalar> 
3991
(
0.00416216
0.00538693
0.00340574
0.00108107
0.00403062
0.00178827
0.00389626
0.00353625
0.00139724
0.00406996
0.000576843
0.00106996
0.00518841
0.00142177
0.00329302
0.000231097
0.00345268
0.00112653
0.00088654
0.00282031
0.000510895
0.00471249
0.00133143
0.00146572
0.00096617
0.00119009
0.00140835
0.000403272
0.00527608
0.00148294
0.000601643
0.00173432
0.00119074
0.000923406
0.00134666
0.00136715
0.00115104
0.000803603
0.0013884
0.000983258
0.000454578
0.000354547
0.000829489
0.000597482
0.00191996
0.00204305
0.000980811
0.00178305
0.00167002
0.00303758
0.0017009
0.00312537
0.00441147
0.00231328
0.00434645
0.000888402
0.00144445
0.00056569
0.000641959
0.0011928
0.00547365
0.000990414
0.000305595
0.000698326
0.000401237
0.00132016
0.000364172
0.000469529
0.00139423
0.00288073
0.00119171
0.0012022
0.00256575
0.0013521
0.00617782
0.0013555
0.00215839
0.00122735
0.00397556
0.00344807
0.000957462
0.00169485
0.00116079
0.00036154
0.000760876
0.000532937
0.000998569
0.00380777
0.00238955
0.00452911
0.000904605
0.000806956
0.000667931
0.000363169
0.00062774
0.00284579
0.000458321
0.000575984
0.00419868
0.00279452
0.000379444
0.000950122
0.000886034
0.000753669
0.00322131
0.00315747
0.00211828
0.00368247
0.00216386
0.0045521
0.00346792
0.00488011
0.00651155
0.00224564
0.00241184
0.00281367
0.003118
0.00312471
0.00312979
0.00244874
0.0043036
0.000397959
0.00402692
0.000481183
0.000427605
0.000463063
0.00210354
0.00424737
0.00568792
0.00314942
0.00412795
0.00373068
0.00300292
0.0004935
0.000824219
0.00163374
0.0062578
0.00567185
0.00606771
0.00492278
0.00331335
0.00088667
0.000655592
0.000885667
0.00141633
0.00137689
0.00277532
0.00238473
0.00111241
0.00605946
0.00578896
0.00568898
0.00637403
0.00238587
0.00139083
0.00189128
0.00341964
0.00147762
0.000925345
0.000977327
0.00453388
0.00579778
0.00510621
0.000747077
0.00178669
0.000135026
0.00103652
0.00092697
0.000984028
0.00148695
0.00380672
0.00143193
0.00159451
0.00151528
0.00446233
0.00211779
0.000488872
0.00272519
0.00320209
0.004498
0.00128719
0.0011227
0.000673192
0.00560254
0.0018928
0.00420895
0.00245562
0.000561092
0.000966147
0.00406556
0.00170542
0.00123219
0.000495328
0.000922371
0.00147039
0.00124135
0.00184706
0.000377674
0.00648858
0.00190856
0.00170161
0.000899884
0.00058219
0.00103015
0.00110706
0.00137306
0.00123905
0.000925168
0.000342907
0.00354453
0.000369544
0.000500543
0.00070738
0.000739799
0.000858483
0.00110044
0.00146784
0.00102492
0.000718481
0.00280002
0.000386797
0.000624956
0.004552
0.000901972
0.00140551
0.000418319
0.000895423
0.00195607
0.000789471
0.00366812
0.000703368
0.0038297
0.0011873
0.00320393
0.00126283
0.000865238
0.00171083
0.00112143
0.000793975
0.00368556
0.00325508
0.0041338
0.000785859
0.00469677
0.00190491
0.00147141
0.00682026
0.000854736
0.00420742
0.00166868
0.000543902
0.000646338
0.00126454
0.0015872
0.00128244
0.00032471
0.00232743
0.000706588
0.000698208
0.00176622
0.000537451
0.00134793
0.0018812
0.00184983
0.00151931
0.000719474
0.00269548
0.00117762
0.000212621
0.000821512
0.00196585
0.00143877
0.00173429
0.00137888
0.00106845
0.00122556
0.00172027
0.00173849
0.00249501
0.003117
0.00247195
0.00164416
0.00292363
0.00158555
0.0017343
0.00239408
0.00237432
0.00294325
0.0029568
0.0025369
0.00259311
0.00368885
0.00130959
0.00125017
0.00231522
0.00141316
0.0013355
0.00398505
0.000951645
0.00681031
0.00226696
0.00172289
0.0038987
0.000182465
0.000364767
0.000793856
0.000170155
0.00405285
0.00561089
0.00124484
0.00404861
0.00519419
0.000593094
0.00343352
0.0023934
0.00551447
0.00268445
0.00143717
0.00471416
0.00135946
0.00131163
0.00421712
0.000695969
0.000404342
0.00284095
0.00160839
0.00117009
0.00298323
0.00165492
0.00295534
0.00146294
0.00149458
0.00198875
0.00313519
0.00183356
0.00103114
0.00272856
0.00198508
0.00347984
0.00155693
0.00274718
0.00294892
0.00612701
0.00350196
0.00218373
0.00238062
0.00523372
0.00188595
0.00246339
0.00164084
0.00111328
0.00262343
0.000421368
0.000995504
0.00571743
0.0013067
0.00086373
0.00173099
0.00227476
0.00383563
0.00527057
0.000918879
0.00124463
0.00242205
0.00123155
0.00199829
0.000522852
0.00114547
0.00121248
0.00223849
0.00119183
0.00100498
0.00103791
0.000346952
0.000602051
0.00523374
0.00156518
0.000684234
0.00202487
0.00175247
0.00464082
0.00360968
0.00138681
0.00369729
0.00249006
0.00378146
0.00100352
0.00521375
0.00456555
0.00084284
0.00176289
0.000266924
0.0039116
0.0023679
0.00162286
0.00236584
0.000271163
0.000264298
0.00127386
0.00157952
0.00196963
0.0022696
0.000498944
0.00161209
0.00100242
0.00201383
0.00518721
0.000327767
0.00211457
0.00110911
0.00340166
0.00103392
0.00277411
0.00233449
0.00238247
0.00121052
0.00136565
0.00286565
0.00056496
0.0026713
0.00551978
0.00254498
0.00197211
0.00144025
0.00170749
0.000488578
0.00322505
0.00144253
0.000986986
0.00613755
0.00164967
0.00106611
0.00158873
0.00240816
0.000800902
0.00153453
0.0011554
0.000483697
0.000983449
0.00378118
0.00121198
0.00636315
0.00473576
0.00109051
0.000543065
0.000558852
0.000896128
0.00139697
0.000413042
0.000460136
0.000638831
0.000464046
0.00424697
0.00122299
0.000620704
0.00168028
0.00149502
0.000605351
0.000675756
0.00233935
0.00139523
0.0027379
0.0051854
0.00111683
0.000954469
0.000558503
0.000693284
0.004063
0.0031427
0.00387544
0.000904627
0.00312902
0.00187573
0.00225936
0.00489382
0.00160211
0.00154759
0.00129616
0.00427535
0.00330292
0.00447429
0.00188661
0.00315865
0.000275365
0.00117931
0.00296228
0.00254975
0.00653159
0.00486684
0.00336941
0.00512416
0.00380128
0.00209585
0.00255537
0.00150306
0.00240078
0.0012802
0.00247772
0.00248729
0.00195177
0.0034516
0.000874157
0.00197056
0.000342817
0.00440874
0.00161782
0.00402826
0.00343899
0.00506067
0.00500782
0.0057161
0.000460964
0.000879825
0.0013767
0.000542243
0.00194006
0.00127276
0.00412828
0.00193491
0.000568817
0.00196405
0.000142717
0.000881243
0.000523052
0.002725
0.000621011
0.00142445
0.0055405
0.00400275
0.00354647
0.00323406
0.00313626
0.000631051
6.65334e-05
0.000444077
0.00165002
0.00057619
0.00587005
0.00315329
0.00194224
0.00425141
0.000782072
0.00114788
0.00149067
0.00396801
0.00438175
0.000690756
0.00101778
0.00119144
0.000571457
0.00121636
0.000663494
0.000688294
0.000469489
0.000459513
0.00207984
0.00231082
0.000622349
0.00051495
0.000780139
0.000650023
0.00260931
0.00238609
0.00104218
0.000373393
0.00106611
0.000501909
0.000709662
0.00320814
0.00067642
0.000792083
0.00307608
0.00405533
0.00374518
0.00328197
0.00188799
0.000221594
0.000569112
0.000835108
0.000842238
0.000548916
0.000857901
0.000463371
0.00218229
0.00129643
0.00240973
0.0027456
0.00216876
0.00279212
0.00483534
0.0037142
0.00170347
0.00456951
0.00430995
0.00275407
0.00711454
0.00325838
0.00542905
0.0041249
0.00475863
0.00382392
0.00491446
0.000873665
0.000589865
0.00114077
0.00244604
0.00248209
0.00312684
0.000654915
0.00286422
0.00354311
0.00120523
0.00165448
0.000869216
0.000805882
0.000967952
0.00243813
0.00364664
0.00425342
0.00361182
0.0036496
0.00184439
0.00275005
0.00199541
0.00189364
0.000950519
0.000890504
0.00167841
0.000395569
0.000722354
0.00125411
0.00215331
0.000842157
0.000817223
0.00115061
0.00352802
0.00244532
0.00269964
0.00333551
0.0026579
0.00202346
0.00387123
0.00384188
0.00384416
0.00379055
0.00283449
0.00114432
0.00405286
0.00162615
0.00126673
0.0028385
0.00418464
0.00165873
0.00484375
0.00472561
0.00426195
0.00226135
0.0014682
0.000316579
0.000185818
0.0002706
0.000186704
0.000306559
0.000481635
0.00072978
0.00146383
0.00199711
0.00227373
0.00242751
0.00305825
0.00176449
0.0035828
0.00267651
0.00062519
0.00221832
0.00128057
0.00120718
0.000665286
0.0008694
0.000714244
0.00127975
0.00329853
0.00285157
0.00294718
0.0013475
0.00373829
0.00313961
0.00207424
0.00251199
0.000910871
0.00329531
0.00587898
0.00182452
0.00499355
0.00329045
0.00464499
0.000688497
0.00359
0.00137456
0.00115486
0.00179009
0.00574697
0.00125278
0.00496838
0.00360761
0.00110924
0.00118998
0.000511337
0.00053389
0.00158241
0.00427885
0.00199555
0.000897533
0.00411116
0.00542264
0.00251029
0.00275585
0.00217124
0.00084858
0.000375436
0.00122625
0.000888401
0.00249154
0.00210793
0.00271052
0.000315709
0.00261964
0.00163099
0.000865319
0.00114728
0.00286004
0.00189677
0.00418562
0.00177132
0.00105638
0.000474104
0.00293584
0.0025489
0.00229182
0.000501427
0.00423403
0.00178563
0.00235739
0.00212097
0.00103123
0.000423933
0.00158919
0.0015987
0.00108473
0.0013445
0.00334417
0.00413912
0.00318563
0.00372016
0.0028198
0.00185866
0.00191831
0.000704547
0.00127442
0.00137737
0.000717134
0.00486244
0.00133116
0.00403981
0.000872678
0.000466908
0.000457043
0.000244226
0.000864534
0.000860214
0.000580136
0.000449169
0.000557421
0.00089384
0.00414216
0.00215582
0.000903234
0.0028956
0.00223074
0.00240048
0.00354325
0.00344035
0.0010189
0.00134469
0.00147417
0.00359523
0.00249583
0.00285172
0.00177137
0.00163177
0.00192423
0.00211356
0.00164791
0.00375049
0.00497206
0.00326463
0.000847383
0.00255647
0.00289196
0.00181897
0.00381402
0.0013153
0.00238004
0.00196692
0.00322414
0.00186408
0.00170283
0.00159512
0.00107359
0.00112758
0.00272828
0.000567335
0.00406267
0.00081937
0.000600975
0.00220248
0.00553768
0.0018317
0.00562576
0.00117786
0.00223575
0.00112937
0.000971603
0.000885354
0.0030027
0.0067395
0.000656539
0.0021922
0.00416652
0.00201243
0.00256691
0.00157021
0.00196324
0.000671555
0.00714164
0.00420311
0.00128654
0.00182699
0.00152064
0.00251218
0.00667986
0.00505325
0.0012079
0.00277685
0.00646391
0.00572063
0.00132789
0.0062043
0.00450874
0.00414144
0.00287198
0.00513143
0.0049868
0.00575862
0.00149085
0.00137874
0.00122568
0.0013434
0.0014289
0.0012635
0.00181213
0.00122114
0.0012158
0.00101656
0.0017369
0.0022527
0.0033507
0.00184407
0.00214225
0.00378906
0.00575833
0.00375136
0.00373559
0.00119059
0.00186222
0.0019836
0.00325536
0.00254257
0.00152426
0.000575958
0.00105462
0.000192478
0.00105818
0.000855694
0.000290059
0.00119865
0.00437186
0.0057774
0.00055231
0.00156203
0.00632848
0.00476735
0.0015122
0.00132754
0.00289205
0.00250019
0.00109922
0.00219276
0.00269159
0.000399928
0.00268264
0.00507647
0.00330964
0.00148764
0.000883535
0.00298798
0.00328878
0.000670718
0.000544875
0.00142876
0.00233934
0.000524181
0.00222967
0.00185122
0.000924398
0.00147371
0.00122842
0.00450598
0.00263031
0.00473395
0.00272081
0.00611042
0.00566947
0.00664645
0.00255256
0.00153471
0.00341351
0.0011027
0.00240194
0.00195972
0.00168801
0.00150263
0.00124688
0.00199128
0.000797586
0.00074891
0.00147053
0.00121844
0.00121191
0.006266
0.00159261
0.00101338
0.000959228
0.00207529
0.000691133
0.0010057
0.000807047
0.000258704
0.00192445
0.00120305
0.0011231
0.00135791
0.000993447
0.00469768
0.00567484
0.00121698
0.00348589
0.00193595
0.00253599
0.00126817
0.00220567
0.00131048
0.000610316
0.00107106
0.00022684
0.00113982
0.000956332
0.000566327
0.00103108
0.00115389
0.000766707
0.000578706
0.00230711
0.00315913
0.00134826
0.00392237
0.00300849
0.00272268
0.00375343
0.00304239
0.00284388
0.00063191
0.00215351
0.00583877
0.00267246
0.000513014
0.00413767
0.00120472
0.00282424
0.000534366
0.00309263
0.00213015
0.0046959
0.00139756
0.00448154
0.00203681
0.00232388
0.00128943
0.00220196
0.000501515
0.00121617
0.00137935
0.00103787
0.00144062
0.00108059
0.00063098
0.00115372
0.00208432
0.00206063
0.000664672
0.00143129
0.00115388
0.000726688
0.00203002
0.00205722
0.00208911
0.00296517
0.00194266
0.00225756
0.00214146
0.00194146
0.00068184
0.00422059
0.000708037
0.000434432
0.0010739
0.00035495
0.00301018
0.00453191
0.000998351
0.00154944
0.0029147
0.000291117
0.000436032
0.000460422
0.00253906
0.000515867
0.000669645
0.00138165
0.000524256
0.00112079
0.000731833
0.00110758
0.00107106
0.000924807
0.000551123
0.0012273
0.00080723
0.00135061
0.00174266
0.00128931
0.000910894
0.00100056
0.00104151
0.000602127
0.000646093
0.000661631
0.00131395
0.00115255
0.000978804
0.00117264
0.00157893
0.00180135
0.00163903
0.0013223
0.00120906
0.00256045
0.001903
0.00147594
0.00269023
0.000734659
0.00309835
0.0028388
0.00313178
0.00199492
0.00533476
0.000539627
0.00123709
0.00613973
0.00585461
0.000982546
0.00204848
0.0014323
0.00292557
0.00129446
0.00481955
0.00185357
0.00119204
0.00117392
0.00155621
0.000449178
0.00450774
0.00439732
0.000691492
0.00339303
0.00269887
0.00258997
0.00187948
0.00239343
0.00117611
0.00203655
0.00306923
0.00477969
0.000899443
0.00193193
0.000694009
0.00124178
0.00279032
0.00224997
0.00391301
0.00127177
0.00287752
0.00171124
0.000962364
0.000787209
0.00198682
0.00338331
0.0013094
0.0023119
0.00225483
0.000974417
0.00133498
0.000422283
0.000674269
0.000389147
0.00125349
0.000426388
0.000887672
0.00288504
0.00407301
0.00142943
0.00289187
0.0040696
0.00263935
0.00469806
0.00180533
0.0029055
0.00199965
0.00276371
0.00249067
0.00216185
0.00633147
0.00593858
0.00143858
0.00264261
0.00294546
0.00248893
0.00130849
0.00186831
0.0022697
0.00199972
0.000703566
0.00164293
0.00254109
0.0014715
0.00159255
0.00239409
0.00290384
0.00212495
0.00176141
0.00192465
0.00220524
0.00197664
0.000270004
0.000879825
0.00136951
0.000807349
0.00196317
0.000810112
0.00395014
0.00376747
0.00343627
0.000789531
0.00470008
0.00453897
0.0026929
0.0010288
0.000848056
0.000891527
0.00723015
0.000762991
0.00111865
0.00434065
0.00491949
0.00398345
0.00213971
0.00586676
0.00157852
0.00242421
0.00484211
0.000742704
0.00109035
0.0013281
0.000702406
0.000805864
0.00101094
0.000838192
0.000548059
0.00170671
0.00083875
0.00121092
0.0010579
0.000756812
0.00170992
0.000532138
0.00080029
0.00418331
0.00195047
0.00360656
0.00372774
0.00343863
0.00283826
0.00392411
0.00299388
0.00264862
0.003527
0.00123741
0.00389691
0.00215667
0.000525575
0.000690518
0.000890945
0.000584552
0.000515295
0.000376676
0.000495542
0.00435363
0.00205005
0.00170802
0.00193035
0.00237746
0.00401466
0.00111605
0.00213155
0.000850259
0.00172286
9.32874e-05
0.000711216
0.000418276
0.000289488
0.0021714
0.000428753
0.000499394
0.000458984
0.00112851
0.000876866
0.000301055
0.00150858
0.000310574
0.00105141
0.000119664
0.000557266
0.00117903
0.00072691
0.00144075
0.000323383
0.00055851
0.000745417
0.000703584
0.00177198
0.000954171
0.00117849
0.00118006
0.000824223
0.000443139
0.000397817
0.00128339
0.000783299
0.000857192
0.00120211
0.000474952
0.000957143
0.00329557
0.000919883
0.000565014
0.00149536
0.00123065
0.000642043
0.0016529
0.000308956
0.000264563
0.00066471
0.0009775
0.00180199
0.000998975
0.00139565
0.00140224
0.000948565
0.00113048
0.001124
0.00481038
0.00525877
0.00410688
0.000598978
0.00493485
0.00205917
0.00110067
0.00215184
0.000491395
0.00547248
0.00578722
0.00296509
0.00106023
0.00137392
0.00147496
0.00579794
0.000605401
0.00327551
0.000511622
0.000468227
0.0019566
0.00033993
0.000321227
0.0031237
0.00175297
0.00612846
0.000728195
0.000198178
0.000696398
0.000178542
0.000495689
0.000650044
0.00629633
0.00309177
0.0059829
0.00375943
0.00615571
0.00342515
0.0040425
0.00197468
0.00298387
0.00191941
0.000320583
0.000766367
0.00113508
0.00242047
0.00575571
0.00158426
0.00215187
0.00386115
0.00486286
0.00175583
0.00429572
0.00132787
0.00138826
0.00142353
0.000613464
0.00173662
0.0015239
0.000823112
0.000978992
0.00330121
0.00174306
0.000848496
0.00258469
0.00208108
0.00191053
0.0020512
0.00252451
0.000447897
0.00133998
0.00175945
0.00369462
0.00161164
0.00316255
0.00142084
0.00623966
0.00373142
0.00169893
0.00312095
0.000509817
0.000847301
0.00230762
0.00151072
0.00426047
0.00306715
0.0016357
0.00151634
0.00158792
0.000806166
0.000703979
0.000707488
0.000856056
0.00132265
0.00095416
0.00110526
0.000379636
0.00192716
0.00569803
0.000801548
0.00156628
0.00163462
0.000814822
0.000278405
0.00128178
0.00176396
0.00227311
0.000944802
0.00472051
0.00549688
0.00500606
0.00676661
0.00318431
0.00326728
0.00173232
0.000506201
0.00125814
0.0017811
0.00177673
0.00120687
0.00145463
0.00123847
0.00131074
0.00211996
0.00110959
0.00292928
0.00165032
0.00276149
0.0030238
0.000718912
0.000776432
0.00239568
0.00248469
0.00435195
0.000734453
0.00179618
0.000630741
0.000777049
0.00147634
0.000634852
0.000619715
0.000530545
0.000440718
0.00114264
0.00138541
0.00152696
0.0012561
0.0014632
0.00230355
0.00158623
0.0018386
0.00171117
0.0018325
0.00116096
0.0013133
0.0008679
0.000745239
0.00160394
0.00298249
0.000555176
0.00121103
0.00245095
0.001656
0.00104193
0.00141454
0.00141221
0.00142505
0.00351153
0.00277414
0.00357492
0.00163238
0.00329622
0.00342526
0.00290142
0.000451169
0.000909161
0.00577956
0.00492618
0.00490612
0.00536911
0.00159228
0.00131879
0.00141684
0.00238862
0.00330244
0.0029871
0.0025496
0.002869
0.00226969
0.00317685
0.00432554
0.00317802
0.00247094
0.00340689
0.000782588
0.00379104
0.00134226
0.00371211
0.00185765
0.00555096
0.00256877
0.00248561
0.000901115
0.00249807
0.00185499
0.00154844
0.00440414
0.0021175
0.000255394
0.00140674
0.0010249
0.00397084
0.00144736
0.00387752
0.00187706
0.000906306
0.000784199
0.00109027
0.00100091
0.000991596
0.00290256
0.00107598
0.00135772
0.00268902
0.00462855
0.00371165
0.00263465
0.00398417
0.00145445
0.00109303
0.00574801
0.00095095
0.000364802
0.00225126
0.0024694
0.00265928
0.00383472
0.0031378
0.00539334
0.00309859
0.00146563
0.00277309
0.0017907
0.00571993
0.00202868
0.00219336
0.00225675
0.00184929
0.00272863
0.00136811
0.00108831
0.000698856
0.000625906
0.00218862
0.000377475
0.00182475
0.00237671
0.00182906
0.00147879
0.000869881
0.00106086
0.00215507
0.00309647
0.00160519
0.00189469
0.00144371
0.00129055
0.0036698
0.0031284
0.0028765
0.00361519
0.00115814
0.000866507
0.00505767
0.0027195
0.00132859
0.00618328
0.00224534
0.00474781
0.00375861
0.00305374
0.00630337
0.00241798
0.00448321
0.00118861
0.000818104
0.000840305
0.00104523
0.00430752
0.00209842
0.00532584
0.00355377
0.00422598
0.0014517
0.00658908
0.00288942
0.00297601
0.00295684
0.00468238
0.0010313
0.00208252
0.00103196
0.00290641
0.00390751
0.00368437
0.00411593
0.00230683
0.000912058
0.00413611
0.00163561
0.0038635
0.00317975
0.00485282
0.00126508
0.00071469
0.00233457
0.00132309
0.00469219
0.00014907
0.00100057
0.000862326
0.00156475
0.000943006
0.00030498
0.00279095
0.00167144
0.000862918
0.000982441
0.00491353
0.000776566
0.000261425
0.00116283
0.000455711
0.00325173
0.00194089
0.00460492
0.00192799
0.000777883
0.0020475
0.00116653
0.0052999
0.00323449
0.00279182
0.00324053
0.00193064
0.000718452
0.00098493
0.00660865
0.00121594
0.00130387
0.00254755
0.00539647
0.00219123
0.00388345
0.00530818
0.0010326
0.00459492
0.00449479
0.00139995
0.00218746
0.00545197
0.00318572
0.00617114
0.00222309
0.0018455
0.00651453
0.00425363
0.00265717
0.00152313
0.00209245
0.00495599
0.00129038
0.000851272
0.00107545
0.000486965
0.00274828
0.000552424
0.00682768
0.00118865
0.00229493
0.00482746
0.00170319
0.00384719
0.00132153
0.00468862
0.00140373
0.00180689
0.000935677
0.000371614
9.91052e-05
0.000351729
0.00100456
0.000280505
0.000204571
0.000908808
0.0025238
0.000474693
0.00346073
0.00466987
0.000333577
0.000500756
0.000372385
0.000959274
0.00355109
0.00192191
0.00222557
0.00133493
0.00082426
0.000807391
0.00094796
0.000475024
0.000993375
0.000763208
0.000728936
0.000150946
0.00120415
0.00136758
0.00579884
0.000249345
0.00228099
0.00663778
0.00459208
0.00365297
0.00271459
0.00676803
0.00661229
0.00180869
0.00117413
0.000467496
0.00157865
0.000886072
0.00182711
0.0010654
0.00137363
0.00129493
0.00122381
0.00170501
0.00043553
0.000833616
0.00269386
0.00164901
0.000541194
0.000246599
0.000844391
0.000487417
0.000454313
0.00074479
0.00102722
0.00138366
0.000855785
0.00121918
0.00142476
0.00104167
0.000664053
0.000890903
0.000753865
0.00161237
0.000963668
0.00269125
0.00294169
0.00162988
0.00142209
0.00150511
0.00168062
0.00130478
0.00116567
0.00311547
0.00376095
0.000479365
0.000129274
0.000205981
0.00154587
0.00168876
0.000638571
0.00241018
0.00493064
0.000319394
0.000629163
0.000856346
0.000402257
0.00102161
0.00289347
0.00225396
0.00147062
0.001402
0.000856399
0.00672034
0.00236507
0.00130141
0.00243061
0.00202567
0.00469329
0.00511255
0.00262857
0.00121974
0.00239532
0.001826
0.00259863
0.00135042
0.00163502
0.00143542
0.00377848
0.00031943
0.000910246
0.00065076
0.000752982
0.00119825
0.00101586
0.000796129
0.000619952
0.00102144
0.000730726
0.000611209
0.000519895
0.000646695
0.000838581
0.00596819
0.00248124
0.00277298
0.00590054
0.00508983
0.00242218
0.00234151
0.00487952
0.00367491
0.00432736
0.00193588
0.00412475
0.000772687
0.000867692
0.00087012
0.000887208
0.00233947
0.00277407
0.00277769
0.00203639
0.00398124
0.00393138
0.00122691
0.00368505
0.0031641
0.00631823
0.000621471
0.00566987
0.00415501
0.00568285
0.00623627
0.00267805
0.00202464
0.00461717
0.00125195
0.00185308
0.000947633
0.00127793
0.00124196
0.00141103
0.00171083
0.00107567
0.000812052
0.00107451
0.00171677
0.000848166
0.000640325
0.0015605
0.000888012
0.00144198
0.00101059
0.000316615
0.000909766
0.000266897
0.00284652
0.000538847
0.000819733
0.00226918
0.000852824
0.00107656
0.000442504
0.00275495
0.000172017
0.00213129
0.0015884
0.0011993
0.00440551
0.00641726
0.0016899
0.00417564
0.00170085
0.00113354
0.00127212
0.00158039
0.00252302
0.00173774
0.00234233
0.00122946
0.00101927
0.00508654
0.00135264
0.00538274
0.00345698
0.003632
0.00279379
0.000916379
0.000189099
0.00235331
0.000595556
0.00185102
0.0013229
0.00183385
0.00245463
0.00697364
0.00102782
0.0019074
0.00153708
0.00075362
0.00115813
0.0010256
0.00730751
0.00733395
0.00184737
0.00157897
0.000354026
0.000934176
0.00159668
0.000643766
0.00156724
0.000991318
0.00311805
0.00434827
0.0023477
0.00472783
0.00248735
0.00253502
0.000384721
0.000282965
0.000842967
0.000989721
0.00572729
0.00438317
0.000675612
0.000427718
0.00030606
0.000602479
0.000860146
0.000326326
0.00054022
0.000778154
0.000586296
0.000554569
0.000458265
0.000539896
0.00041532
0.000821784
0.000809469
0.000423822
0.000580301
0.00199973
0.000389209
0.00191402
0.000955157
0.00216653
0.00264159
0.00484047
0.00398461
0.000552301
0.000908256
0.00421624
0.00122727
0.00126335
0.00246284
0.00168345
0.00226758
0.00116057
0.00175178
0.00128666
0.00163496
0.00126592
0.00074965
0.000683413
0.00575749
0.0018582
0.00321761
0.000648373
0.00482571
0.00089163
0.00183066
0.00207409
0.00202757
0.000228473
0.0010283
0.000513861
0.000512602
0.00121005
0.00064835
0.000992185
0.000520635
0.00139763
0.000980673
0.00172545
0.000498825
0.00239216
0.0007917
0.000788907
0.000991368
0.000320446
0.000730543
0.000584707
0.000715457
0.000814335
0.00103282
0.000768205
0.00588674
0.000404512
0.000400859
0.00186344
0.00242623
0.00294171
0.00160589
0.000364057
0.000314095
0.000583483
0.00120685
0.00178834
0.00163433
0.00174516
0.0014796
0.00154969
0.00104583
0.00160916
0.00144685
0.0012914
0.0010011
0.00114722
0.000637264
0.00351742
0.000225903
0.000427834
0.000446266
0.000537569
0.000410455
0.000287286
0.00044379
0.000425649
0.00424516
0.00412059
0.000511176
0.00155869
0.00278443
0.00161718
0.00168942
0.00100742
0.00108137
0.000526135
0.000752366
0.00105747
0.00159538
0.000376643
0.00179027
0.00603472
0.00662012
0.00681719
0.00335077
0.00357626
0.00198242
0.00260086
0.00567711
0.00206034
0.00188361
0.00178041
0.00124684
0.00317174
0.00324173
0.00211119
0.00116356
0.00435714
0.00140212
0.00495579
0.00114098
0.00210311
0.00496247
0.00308855
0.00206412
0.000852208
0.00206761
0.00160608
0.00312631
0.00108479
0.00152661
0.00124884
0.00151575
0.00170246
0.00133105
0.000785923
0.000820514
0.00247746
0.00151665
0.000763411
0.000475326
0.00094454
0.000952287
0.000347683
0.000465005
0.000716811
0.00162639
0.00195523
0.00132359
0.00218978
0.00165459
0.00157967
0.000688424
0.00254537
0.000979698
0.00140093
0.00251833
0.00109932
0.00252352
0.00142655
0.000998116
0.00109259
0.000643617
0.00174658
0.00118688
0.00123381
0.00463107
0.00121325
0.000988957
0.00073123
0.00137759
0.00156746
0.00658865
0.00609882
0.00443382
0.00441859
0.0033379
0.00449819
0.00144538
0.00146674
0.000868748
0.00131082
0.00195899
0.00322268
0.00283721
0.00433293
0.00439027
0.00493465
0.00154429
0.00177547
0.000393431
0.00613053
0.00190363
0.00594208
0.000373866
0.00145899
0.00655778
0.00473094
0.000495301
0.000694173
0.00114306
0.00185513
0.00411905
0.00106024
0.0027125
0.00239778
0.00393307
0.0022598
0.00295674
0.00402447
0.00346608
0.00184943
0.0070209
0.00313464
0.00356585
0.00408775
0.00607502
0.000243068
0.00127953
0.00179549
0.000190999
0.00192376
0.00209708
0.00176681
0.00227818
0.00189192
0.000945306
0.000557746
0.000563551
0.000507727
0.000114552
0.00120792
0.000533898
0.000841023
0.0018811
0.00240805
0.000808569
0.000787423
0.00281184
0.0048047
0.00291654
0.000624054
0.000612636
0.00197131
0.000987479
0.00279529
0.00243643
0.00438877
0.00273767
0.00274542
0.000788988
0.000388235
0.000975178
0.000758737
0.000108412
0.000442433
0.000690705
0.000698891
0.00273985
0.000770527
0.00216196
0.00190919
0.00189209
0.00203606
0.0022366
0.00231818
0.00116068
0.00234353
0.00339449
0.00470658
0.00104921
0.00125102
0.00138051
0.000781707
0.000676532
0.000983819
0.00185992
0.00204367
0.00232774
0.00218375
0.0018037
0.0020803
0.00236736
0.00437346
0.00319977
0.00245089
0.00250905
0.00154825
0.000538821
0.000269599
0.00107245
0.00155605
0.00313347
0.00196947
0.000955393
0.00287846
0.000556056
0.00233216
0.000512376
0.00402074
0.00129394
0.000825644
0.00034326
0.00117164
0.00105989
0.00198326
0.000982567
0.00154477
0.00279207
0.00147282
0.00415843
0.00154119
0.00140853
0.00471892
0.00208009
0.00622868
0.00670748
0.00133835
0.00166931
0.00169878
0.0071655
0.00319373
0.00560328
0.00561899
0.00485774
0.003545
0.00586428
0.00382731
0.0044464
0.000327589
0.00187411
0.00303296
0.0016289
0.00222089
0.00188471
0.00415701
0.00158042
0.00164594
0.00147862
0.00150929
0.000953381
0.0010411
0.00142574
0.00197972
0.000216532
0.0011828
0.00169749
0.000968621
0.00130902
0.00146046
0.00201765
0.00441077
0.00359937
0.00104219
0.000266955
0.00229793
0.00682438
0.00488365
0.0015419
0.00223395
0.00215392
0.000542955
0.000621099
0.00106654
0.000827774
0.000693706
0.00202982
0.00167475
0.000703466
0.00238423
0.00167441
0.000366812
0.00229098
0.00266364
0.00160556
0.00329604
0.00137316
0.00238969
0.00257694
0.00285189
0.00380793
0.00162541
0.00114281
0.00125372
0.00144397
0.00235029
0.00148481
0.000557016
0.0014266
0.00332124
0.000499568
0.000293163
0.00453482
0.00181032
0.000523607
0.000688827
0.00039495
0.000434492
0.000352871
0.00115513
0.00148032
0.00259827
0.00183034
0.00126364
0.000286386
0.000910142
0.000745463
0.00259915
0.000672042
0.000661937
0.000346536
0.000365723
0.00111294
0.000227108
0.000522533
0.00296332
0.00299795
7.82757e-05
0.000923786
0.00613287
0.00214694
0.00112412
0.00112775
0.00110265
0.00214842
0.00114316
0.00134518
0.00132368
0.000929455
0.00387124
0.00341644
0.00481368
0.00363461
0.0031841
0.00552395
0.00231475
0.00598005
0.0038961
0.00154883
0.00557367
0.00300485
0.00257672
0.00226036
0.00252844
0.00153654
0.000780025
0.00181027
0.00092299
0.000883617
0.00234111
0.000250997
0.00135099
0.000953082
0.00149385
0.00133928
0.000823876
0.000561157
0.000417445
0.0056034
0.0037911
0.00193471
0.00084557
0.000840304
0.000874197
0.00109843
0.000771321
0.000336658
0.000558496
0.00129801
0.00360602
0.000763566
0.00150093
0.000942217
0.000165277
0.00460241
0.000890645
0.0013923
0.000515687
0.00230139
0.00141659
0.00245333
0.00111315
0.000188578
0.000582511
0.00216311
0.000979716
0.000414388
0.000707999
0.000551816
0.00125776
0.00131325
0.00052824
0.00063874
0.00348891
0.000828161
0.000297545
0.00288134
0.000399346
0.000381868
0.00114106
0.00035166
0.000750612
0.000486996
0.000940025
0.00327683
0.00164797
0.00297718
0.00174767
0.00143318
0.00126993
0.00158902
0.00330038
0.00230559
0.00047701
0.000834559
0.00081505
0.00196261
0.00285022
0.00154048
0.000505547
0.000851586
0.000717192
0.00085971
0.000444176
0.000427928
0.00196494
0.000909434
0.000590808
0.000323477
0.000676873
0.00358915
0.00189443
0.00282987
0.00379244
0.00400311
0.00130219
0.000832648
0.00170337
0.00266194
0.00104083
0.00101708
0.00543143
0.000195518
0.000424862
0.00284486
0.00179244
0.000577022
0.000884353
0.00552335
0.00441248
0.00179131
0.00299017
0.00118105
0.00172787
0.000127954
0.000841776
0.000373204
0.000982939
0.00120713
0.00104475
0.00175856
0.00164903
0.00125813
0.000638643
0.00102554
0.00327988
0.00207601
0.00465457
0.00242876
0.00151776
0.00155994
0.000994875
0.00154836
0.00200703
0.00125696
0.00182381
0.00163784
0.000380247
0.000319328
0.000961976
0.000328124
0.000938947
0.00080693
0.000674852
0.00440542
0.00110774
0.000179237
0.00287682
0.00101251
0.00148685
0.00206957
0.00339837
0.00163722
0.00438634
0.00128374
0.000289936
0.000516537
0.000537916
0.000423041
0.00407495
0.00172795
0.00237456
0.00156248
0.00186434
0.00630723
0.00115562
0.00166553
0.000787401
0.000612876
0.000488652
0.000796367
0.00292828
0.000708414
0.000978864
0.00281409
0.0053884
0.000405476
0.00195217
0.00208833
0.00244076
0.00198557
0.00415955
0.00467382
0.00442266
0.00487999
0.00438988
0.00262835
0.00591385
0.00260744
0.0006303
0.000832327
0.00321161
0.000940126
0.000794437
0.00423515
0.00409174
0.00288291
0.00468614
0.00116715
0.00479766
0.00449731
0.00211843
0.00198124
0.00443853
0.00449367
0.00408139
0.00480205
0.00292676
0.00298913
0.00647392
0.00339348
0.000578447
0.00448302
0.00511757
0.00214126
0.000460218
0.00195504
0.00108188
0.00108772
0.000629483
0.000415321
0.000999613
0.000905329
0.000571149
0.000229483
0.000834976
0.000495831
0.000671085
0.000440845
0.00126233
0.00147826
0.000895104
0.000610003
0.000486437
0.00100142
0.000844678
0.00169245
0.00139327
0.00340255
0.000988636
0.00186015
0.00473224
0.000712014
0.000309269
0.00151675
0.000397425
0.00180505
0.000705391
0.000860832
0.000545176
0.00138311
0.0051293
0.00174649
0.00170186
0.00174967
0.000650673
0.0017412
0.00163488
0.00070778
0.00126963
0.000952213
0.000314462
0.00158185
0.00130374
0.00127413
0.00125185
0.000431101
0.00100135
0.000510057
0.00369184
0.00105056
0.00427928
0.0011222
0.00194855
0.00504148
0.000871452
0.00362692
0.00277343
0.0012699
0.00203273
0.00101152
0.00178499
0.00375587
0.0033544
0.00324796
0.00187828
0.00272388
0.00429859
0.0020117
0.0029413
0.00120624
0.0025637
0.00199282
0.00144015
0.00335159
0.00243733
0.00505788
0.00176584
0.0010458
0.00136037
0.00122843
0.00393984
0.00110657
0.00446934
0.00480004
0.000931945
0.00114564
0.00236173
0.00081786
0.000291349
0.00285964
0.00288053
0.000976529
0.00198382
0.00561141
0.00174036
0.00377306
0.00160487
0.00174292
0.00116047
0.00183468
0.000427093
0.000543198
0.000770699
7.94319e-05
0.000692265
0.00147949
0.00373059
0.00235765
0.00047335
0.00194138
0.00188824
0.00124769
0.000724154
0.00237384
0.00226847
0.00347902
0.00507699
0.00194033
0.00226065
0.00169515
0.00212422
0.00120746
0.00528867
0.00399226
0.00290138
0.00177764
0.00309653
0.00145401
0.000905115
0.000480404
0.00410995
0.00137695
0.000348188
0.00108954
0.0012017
0.00136796
0.00182407
0.00138618
0.00159305
0.00189103
0.00139746
0.00269573
0.00285286
0.000529948
0.00017493
0.000912472
0.000405334
0.00152375
0.000912056
0.000904578
0.000480806
0.000598372
0.000883947
0.00278453
0.00491909
0.00365658
0.00384795
0.00105596
0.0035024
0.00545707
0.000289702
0.00047617
0.00383719
0.0003122
0.0024534
0.0011111
0.0035264
0.00049836
0.000779032
0.00236031
0.00415456
0.000567436
0.00132313
0.0040129
0.00152007
0.000952149
0.00105628
0.000966787
0.00499619
0.000996759
0.00090141
0.000862164
0.000501257
0.00201706
0.00143144
0.00157531
0.000387633
0.00222751
0.0011442
0.00195198
0.00142129
0.00126265
0.00161087
0.000670208
0.00356678
0.004784
0.00452126
0.000310425
0.00384201
0.000275204
0.000248436
0.000864221
0.00466538
0.00143763
0.00116976
0.00497609
0.0037773
0.00423775
0.00124767
0.0013183
0.00391875
0.00137864
0.00499487
0.0032827
0.00347139
0.0038904
0.00188071
0.000471332
0.000755906
0.0011417
0.000531012
0.000732651
0.000912108
0.000959317
0.00100409
0.00187266
0.000947638
0.00193967
0.00389763
0.00201239
0.00401021
0.000940311
0.00467276
0.0022884
0.00178622
0.00237079
0.00218788
0.000591457
0.000747501
0.000924755
0.000670522
0.000540531
0.000527283
0.00147378
0.00145427
0.00179599
0.000267961
0.000388292
0.00174914
0.0018763
0.000999901
0.00193257
0.00164636
0.00177005
0.000596631
0.00437099
0.00204663
0.00127148
0.000592001
0.000979354
0.00363937
0.000506152
0.00103231
0.00119978
0.00187455
0.00336949
0.00254532
0.00287324
0.00117057
0.00188718
0.00122159
0.00119801
0.000472196
0.00140144
0.000520233
0.00186446
0.00493852
0.0016889
0.00144549
0.00232309
0.00511218
0.0040995
0.00503752
0.00212141
0.000839949
0.000357214
0.00188201
0.00123028
0.00133776
0.000708218
0.00265664
0.00143915
0.00149937
0.000381594
0.000947636
0.000547089
0.000792148
0.000598079
0.000922545
0.00109915
0.000946615
0.00110136
0.00106966
0.000506493
0.00194161
0.0022645
0.00162831
0.00171166
0.00337647
0.00223257
0.00419722
0.00168827
0.00303229
0.00177404
0.000762963
0.00247441
0.00590183
0.00166062
0.000859726
0.00236251
0.000928957
0.000428788
0.000703798
0.000862478
0.00163593
0.000389621
0.000691863
0.000190065
0.000561788
0.00118394
0.00132179
0.00144903
0.00112434
0.00101692
0.00178482
0.00136462
0.00160022
0.00147878
0.00160357
0.00239964
0.00206682
0.0012638
0.00191385
0.00122894
0.0013685
0.00188412
0.00400683
0.00488606
0.00185343
0.00101568
0.000558095
0.000807705
0.000124873
0.000819529
0.00185288
0.0041482
0.0040358
0.00192309
0.00100055
0.00102693
0.00332761
0.00121412
0.00252567
0.00105807
0.00199365
0.00112609
0.00101735
0.00163885
0.00114767
0.000635078
0.000555237
0.00037616
0.000204247
0.00211654
0.0013672
0.000769296
0.00277022
0.000376756
0.00283551
0.0060341
0.00243524
0.00187415
0.000696018
0.000337915
0.000376972
0.00102013
0.00169043
0.000780061
0.000894023
0.00087775
0.000892507
0.00220979
0.002778
0.00280527
0.00171217
0.00145622
0.00269948
0.00040836
0.000381641
0.000312324
0.00108526
0.000772816
0.000484191
0.000694513
0.00051016
0.00154883
0.00147191
0.00142256
0.00192406
0.00112844
0.00190914
0.0019982
0.00135165
0.00709215
0.00106367
0.00220904
0.00327096
0.00226956
0.00425032
0.00259745
0.00215887
0.00427515
0.00161449
0.00631382
0.00514788
0.00282498
0.00150507
0.00355258
0.00160885
0.00361967
0.00522925
0.00353391
0.00355424
0.00203702
0.00107631
0.00213541
0.00347433
0.00159819
0.00362467
0.00173155
0.00221983
0.00279255
0.00132317
0.000652564
0.00252177
0.00115796
0.00172634
0.000505838
0.00158811
0.00158994
0.000715054
0.00139214
0.00153696
0.00046059
0.00198767
0.0012102
0.00155606
0.00163206
0.00110057
0.00115404
0.00160503
0.000734069
0.00125892
0.00124321
0.000845224
0.000724131
0.0014284
0.00122806
0.000525038
0.000538513
0.00186904
0.00684581
0.00124469
0.000989358
0.00130793
0.000950801
0.00133165
0.000949949
0.0010613
0.00100749
0.00102162
0.00102952
0.00118564
0.00168223
0.00370282
0.00615252
0.00432722
0.00332721
0.00128912
0.00306356
0.00104278
0.00437656
0.00411527
0.00184464
0.0066138
0.00558631
0.00415792
0.00386856
0.000322389
0.00146922
0.000423006
0.000783065
0.00549395
0.00108811
0.00712002
0.00280384
0.0050578
0.00163916
0.00160107
0.000245885
0.00110735
0.00222414
0.00207092
0.00345377
0.00152564
0.00590119
0.0024117
0.00160731
0.00264743
0.00179189
0.00096076
0.000371921
0.00068264
0.000919547
0.00138332
0.00122547
0.000609963
0.00344523
0.00157191
0.00345342
0.00242552
0.00354658
0.00133783
0.00188488
0.00276727
0.00109047
0.00170571
0.00147903
0.00144366
0.00194799
0.00119876
0.00159215
0.00182309
0.00172124
0.00186006
0.00183616
0.00166261
0.00184754
0.00163745
0.000810804
0.00189867
0.00197037
0.00157336
0.00167913
0.000810874
0.00127303
0.00673931
0.00454209
0.0056388
0.00534117
0.00492128
0.00374432
0.00568373
0.00529429
0.00337653
0.00439349
0.00469206
0.00434487
0.0036311
0.00641927
0.00489407
0.00413894
0.00280577
0.00342116
0.00151859
0.00619
0.00398623
0.00299009
0.00215698
0.00490888
0.00398482
0.00232595
0.00292518
0.00434445
0.00490799
0.00229972
0.00248556
0.00287966
0.00460443
0.00315956
0.001495
0.000720106
0.00113817
0.000501899
0.000263473
8.72013e-05
0.00041648
0.000857565
0.000761826
0.000977936
0.000310244
0.000620157
0.000345636
0.000223771
0.000204553
0.00018576
0.000790083
0.00150733
0.000445545
0.00101788
0.000855928
0.00174431
0.00113323
0.00197852
0.00158789
0.0011398
0.000961645
0.000487371
0.000548015
0.000981078
0.000702345
0.00188984
0.000338152
0.00101126
0.000190336
0.00240853
0.00117821
0.000530355
0.00067219
0.000554264
0.00206014
0.0024836
0.001952
0.00120778
0.00545434
0.00613356
0.00338383
0.00333196
0.00282117
0.0021039
0.00318147
0.00362003
0.00307713
0.0034614
0.00461281
0.00239406
0.00231537
0.00428691
0.00238711
0.00342625
0.00210334
0.00611494
0.00344505
0.00286073
0.00196167
0.00202585
0.00156783
0.00156397
0.00364377
0.00276595
0.00421908
0.00313665
0.00389096
0.00315335
0.00167794
0.00375582
0.000198175
0.00055366
0.000691862
0.000905555
0.00154676
0.000883445
0.00423907
0.0049908
0.00186511
0.00167391
0.00270425
0.0020334
0.00183929
0.00110021
0.00186131
0.00168325
0.0032127
0.00482278
0.000630446
0.00270136
0.00312711
0.00171964
0.00274015
0.00181356
0.00156553
0.00289165
0.00139413
0.00089899
0.000423674
0.000754922
0.00200182
0.00145888
0.00340817
0.00207727
0.00481787
0.00230624
0.00334942
0.00188733
0.00335552
0.00182051
0.00419381
0.00335823
0.00142329
0.00300622
0.00220213
0.00356217
0.00469228
0.00264777
0.00216454
0.00205517
0.000619243
0.000483784
0.0027126
0.000976256
0.000449765
0.000202118
0.000177818
0.000260214
0.00392672
0.000431571
0.00022576
0.000294247
0.000326828
0.000748073
0.00123402
0.00346043
0.00109359
0.00215727
0.00216425
0.00171227
0.00125907
0.00328665
0.000942825
0.00102054
0.000531695
0.000528195
0.000779841
0.000376471
0.00134938
0.000649417
0.00312199
0.00400488
0.002185
0.0047444
0.00224466
0.00448637
0.00313763
0.00247161
0.00199166
0.00165074
0.0014673
0.00206754
0.00173747
0.00106467
0.00152091
0.000946959
0.00168732
0.00102159
0.00381812
0.00401642
0.00158245
0.0013482
0.00145984
0.000920788
0.00232813
0.000806622
0.0037999
0.000624444
0.00290554
0.00357565
0.00475367
0.00215986
0.00584302
0.00232964
0.00142967
0.00263334
0.00489177
0.00441788
0.0014608
0.00203741
0.000570246
0.0056783
0.00432747
0.00138567
0.00440327
0.00393837
0.00423967
0.0041128
0.00423119
0.00120229
0.000935574
0.000722045
0.00129827
0.000743008
0.00127289
0.000931415
0.0046459
0.00114166
0.00196365
0.00278826
0.000737069
9.58162e-05
0.00137056
0.00106067
0.00214046
0.00158369
0.00272857
0.00189939
0.00436531
0.00418346
0.000266174
0.000538978
0.000982501
0.00082848
0.000806536
0.000416772
0.000473457
0.00057119
0.000539266
0.000373177
0.00042784
0.000978022
0.00169444
0.00122437
0.00170017
0.00193386
0.00167255
0.00177631
0.00100783
0.000763276
0.00030401
0.00260232
0.00264422
0.00575888
0.00291961
0.00312665
0.00183644
0.0033726
0.00545874
0.00290091
0.00515884
0.00494963
0.0065605
0.00136155
0.000939065
0.00123553
0.003126
0.00234619
0.0022824
0.00136181
0.00312984
0.0048137
0.00131376
0.00182762
0.00344318
0.000838963
0.00156272
0.00210509
0.00109952
0.00173073
0.000912838
0.00100328
0.000882633
0.000942856
0.000895864
0.000549531
0.000874008
0.000821255
0.00202777
0.00348529
0.00258625
0.000868593
0.000943746
0.000790322
0.00127977
0.00108833
0.00157469
0.00115467
0.00142039
0.000745381
0.00356346
0.00637527
0.00379342
0.00178036
0.00161984
0.0033235
0.00195143
0.00214117
0.00157712
0.00245295
0.00501039
0.00206099
0.00676951
0.00726328
0.00118985
0.00101598
0.00675677
0.00474938
0.00477534
0.00154255
0.00170413
0.00148997
0.000880162
0.00106631
0.0019928
0.00524525
0.0054064
0.00311454
0.00191459
0.000960047
0.000271359
0.000563705
0.000842427
0.0019317
0.00124111
0.00232882
0.000582089
0.00111255
0.00301982
0.00106954
0.00112645
0.000663947
0.000677388
0.00023732
0.000776905
0.000224258
0.000426682
0.00298989
0.00351957
0.0023396
0.000336946
0.000196869
0.00046244
0.000506316
0.000969838
0.00086373
0.000651784
0.00130741
0.00140838
0.000773
0.00073448
0.00308943
0.00116338
0.000857344
0.000392174
0.000748472
0.0010154
0.00068982
0.000278278
0.000510747
0.000452578
0.00054148
0.000902852
0.00122634
0.00052604
0.000844697
0.00105661
0.00128047
0.00193698
0.000258841
0.000591238
0.00704081
0.00365652
0.000717219
0.003218
0.00439495
0.00135407
0.000758568
0.00302342
0.00472761
0.00379357
0.00227099
0.00218575
0.00104454
0.00418916
0.000776234
0.000335357
0.000642563
0.000426682
0.000332196
0.00130531
0.00212464
0.0019703
0.00381502
0.00104162
0.000322303
0.00040892
0.000382881
0.000613422
0.000186708
0.00115875
0.00283547
0.0015475
0.00079407
0.00225111
0.00212023
0.000873194
0.000545714
0.000368783
0.00114982
0.000295505
0.000199954
0.000897573
0.00179637
0.000870093
0.000652786
0.00205314
0.00162684
0.000811749
0.000941197
0.000789344
0.000474823
0.000478617
0.000821841
0.000901848
0.00140423
0.00174422
0.00241494
0.00107442
0.00657304
0.00621428
0.00113837
0.00279346
0.00203985
0.00246261
0.00591703
0.00212923
0.000929107
0.00168495
0.00272857
0.00250698
0.00202502
0.00124386
0.00372729
0.00185863
0.00526757
0.00475077
0.00447474
0.00132935
0.00491493
0.0057513
0.000860458
0.000554183
0.00056301
0.00174758
0.000359576
0.00128932
0.00133677
0.00120263
0.000987975
0.000156456
0.000582306
0.000301914
0.00124733
0.00136231
0.00422066
0.000331743
0.0041801
0.00243508
0.00194868
0.00226052
0.00251688
0.00129107
0.00168271
0.00160313
0.00106667
0.000683274
0.00562018
0.0038878
0.0017775
0.00277719
0.00281825
0.00226022
0.000776837
0.000920298
0.000983771
0.000120468
0.00113762
0.000578852
0.00132567
0.00090901
0.000974983
0.000994737
0.000596633
0.000331609
0.00557423
0.000751578
0.00124847
0.000871141
0.000701281
0.000890735
0.00498228
0.00359575
0.000594118
0.00512096
0.00569066
0.00491214
0.0049082
0.00183608
0.00304634
0.00189256
0.00194648
0.00165424
0.00122438
0.00253254
0.00148289
0.000509057
0.000866905
0.000418748
0.00110718
0.000974375
0.000569612
0.00226253
0.00255111
0.00197578
0.000966306
0.00107987
0.000832955
0.0010501
0.000938712
0.00107481
0.00166612
0.000583714
0.0010334
0.00113234
0.000347307
0.000881957
0.000357182
0.000457044
0.000682458
0.000489942
0.000700124
0.00071549
0.00135682
0.000480082
0.00391738
0.00141394
0.00178309
0.00419797
0.00243291
0.00161957
0.000887129
0.00106068
0.000486939
0.00451341
0.00361736
0.00245863
0.00148449
0.00433705
0.00168081
0.000374605
0.000206591
0.000711896
0.000371307
0.000620486
0.000777174
0.00219951
0.000840647
0.000592519
0.00189476
0.00202708
0.0018143
0.0020334
0.00399689
0.00558702
0.000415899
0.000970838
0.003221
0.00543313
0.00554853
0.00244988
0.00401802
0.00227655
0.00359385
0.00359694
0.00253583
0.00323208
0.00271064
0.00526459
0.0030729
0.00570904
0.00265134
0.00192592
0.00528033
0.00146756
0.00116477
0.00137456
0.00355269
0.0061584
0.000890525
0.000969473
0.00129431
0.0024973
0.000610488
0.0019374
0.000361726
0.0023423
0.00133124
0.00182322
0.00189656
0.00181101
0.0025532
0.000977638
0.00113505
0.00328122
0.00153798
0.00393107
0.00528651
0.00617527
0.00241924
0.00302894
0.00070368
0.00158526
0.00147171
0.00258783
0.0014299
0.00103691
0.000951157
0.000988488
0.000845437
0.00105568
0.00100667
0.00117136
0.00128836
0.00151596
0.00199329
0.00153167
0.00120098
0.000372279
0.00150314
0.0013808
0.0012228
0.00192191
0.00196789
0.00179605
0.000620389
0.00335649
0.00141682
0.00153502
0.00180805
0.000853419
0.00290273
0.000634995
0.000665954
0.000730331
0.000314
0.00164873
0.000991146
0.00165169
0.00134231
0.000967856
0.00325409
0.00143686
0.00231416
0.00193042
0.00313605
0.000370242
0.000376311
0.000132039
0.000577372
7.96461e-05
0.000512684
0.00365075
0.00324257
0.00579492
0.00020313
0.000270769
0.000300289
0.000572684
0.000468638
0.000454397
0.00074185
0.0049407
0.00222886
0.00124431
0.00222295
0.00140323
0.00154158
0.00103783
0.0032587
0.0030778
0.000430651
0.000417513
0.000318102
0.000768391
0.00198361
0.000385068
0.00299882
0.00281131
0.00541273
0.00352141
0.00249895
0.00248238
0.00618173
0.000760108
0.0018606
0.00310307
0.00364046
0.00238527
0.00276437
0.00274021
0.00249807
0.00164043
0.00334118
0.00298729
0.00632515
0.00186219
0.00188221
0.00133017
0.00200793
0.00243704
0.00279796
0.0035851
0.00251954
0.00181077
0.00192695
0.00399256
0.00205395
0.00164164
0.00194513
0.00508021
0.0014641
0.00149004
0.00220326
0.00158994
0.00065706
0.00116353
0.00114849
0.00135453
0.00164517
0.00114081
0.00226107
0.00287948
0.00108258
0.000305191
0.000345194
0.00057871
0.000745055
0.000703503
0.000435125
0.000318087
0.000799605
0.00050533
0.000713467
0.00035476
0.000399015
0.003777
0.000999476
0.00129669
0.0011033
0.000492477
0.00143071
0.00145729
0.00144333
0.00131277
0.000820564
0.00218852
0.00129401
0.00340341
0.00197295
0.000759596
0.00190828
0.00225073
0.00291122
0.00159158
0.00233443
0.00169779
0.00122653
0.00205206
0.00127016
0.0019198
0.000856434
0.0010308
0.00156153
0.00349522
0.0027217
0.00407799
0.00164873
)
;

boundaryField
{
    outlet
    {
        type            calculated;
        value           nonuniform List<scalar> 0();
    }
    walls
    {
        type            nutkWallFunction;
        blending        stepwise;
        value           nonuniform List<scalar> 
33
(
0.000257122
0.000213905
0.000216108
0.000195219
0.000217592
0.000219655
0.000223062
0.000265339
0.000193615
0.00032169
0.00024342
0.000216202
0.000358449
0.000264821
0.000268136
0.000200305
0.0002118
0.000262857
0.000353472
0.000176233
0.000285135
0.000327917
0.00031366
0.000176588
0.000237103
0.000281351
0.000206362
0.000257046
0.000395248
0.000261231
0.000308898
0.000464611
0.00043356
)
;
    }
    inlet
    {
        type            calculated;
        value           nonuniform List<scalar> 0();
    }
    model
    {
        type            nutkWallFunction;
        blending        stepwise;
        value           nonuniform List<scalar> 
189
(
0.00015388
0.000139574
0.000137217
6.58546e-05
6.25849e-05
6.52865e-05
6.61635e-05
4.75143e-05
4.76109e-05
0.000140884
0.000135128
6.75776e-05
6.66062e-05
6.68862e-05
4.82982e-05
0.000138477
0.00014898
0.000149235
0.000185105
0.000185155
0.000212144
0.000106682
0.000105651
9.5887e-05
0.000141468
0.000142866
0.000107977
0.00024188
0.000139111
0.000129276
0.000145193
0.000101112
0.000127402
6.01829e-05
9.88564e-05
5.56795e-05
3.15588e-05
5.32052e-05
3.00223e-05
0.000100405
7.51004e-05
6.267e-05
6.04028e-05
4.45611e-05
3.01424e-05
0.000302869
0.000142107
0.000148265
5.79569e-05
8.48536e-05
9.15667e-05
7.34854e-05
8.60809e-05
5.70845e-05
6.41397e-05
6.14618e-05
7.65602e-05
9.62473e-05
7.39069e-05
6.47715e-05
6.33655e-05
0.000176645
0.000114352
6.3765e-05
6.71151e-05
7.20225e-05
8.45542e-05
5.77684e-05
5.87786e-05
0.000146531
0.000141722
0.000128619
6.72648e-05
8.54912e-05
5.88546e-05
0.000138879
0.000103098
0.000123308
7.40206e-05
6.52964e-05
6.07171e-05
6.86131e-05
6.17879e-05
6.38792e-05
0.000146676
8.20256e-05
6.37025e-05
0.000118939
0.000143111
0.000120958
0.000127849
6.06124e-05
0.00014148
0.000130738
0.00010318
6.52174e-05
6.86302e-05
6.68432e-05
0.000145917
7.01883e-05
7.24142e-05
9.85198e-05
0.000100244
9.81129e-05
9.47445e-05
0.000144214
5.76233e-05
6.44614e-05
5.7646e-05
7.42745e-05
6.09791e-05
7.95986e-05
0.000138426
5.64989e-05
7.76761e-05
0.000138714
5.77062e-05
5.72249e-05
0.000105127
5.80528e-05
5.89877e-05
9.82885e-05
0.000103482
0.000130368
9.77405e-05
0.000101639
7.21902e-05
0.000122061
8.4781e-05
7.01314e-05
0.000134523
0.000136749
0.000108245
0.000140453
0.000123729
0.000123231
7.22453e-05
8.59073e-05
0.000125212
0.000132234
0.00019925
0.000125397
0.000124478
0.000126181
0.000124352
0.00012729
0.00012445
6.23942e-05
7.70383e-05
7.01026e-05
7.1731e-05
6.20793e-05
0.000159555
0.000120264
7.68442e-05
8.63522e-05
6.04187e-05
5.04535e-05
7.67324e-05
8.99518e-05
9.23735e-05
8.60468e-05
5.90504e-05
0.000111685
8.7681e-05
0.000154801
8.90004e-05
5.83433e-05
4.84695e-05
7.27278e-05
0.000112484
9.60249e-05
7.2791e-05
9.31626e-05
9.37293e-05
7.73626e-05
7.82828e-05
9.65408e-05
6.13678e-05
0.00013399
6.03481e-05
6.12485e-05
0.000132906
9.60401e-05
9.71866e-05
9.67465e-05
8.48159e-05
8.33089e-05
0.00011082
)
;
    }
    procBoundary5to1
    {
        type            processor;
        value           nonuniform List<scalar> 
57
(
0.00268494
0.00417996
0.000696297
0.0026019
0.00204127
0.000633928
0.000632769
0.0023168
0.00236723
0.00394968
0.0034797
0.00381292
0.00514698
0.00339393
0.00283852
0.00630948
0.00142089
0.000985824
0.00310809
0.00310809
0.00319528
0.00394968
0.00419962
0.00149364
0.00256307
0.00146304
0.00158957
0.00193789
0.00452401
0.0019087
0.00314757
0.00488458
0.00330247
0.00439135
0.00492317
0.00245184
0.00458461
0.00184225
0.00105705
0.00239275
0.00267925
0.00354302
0.0067538
0.00360944
0.00248655
0.00525091
0.00664981
0.0023187
0.00592722
0.00307839
0.00517513
0.00368521
0.0048278
0.00169455
0.00288535
0.00415947
0.00435503
)
;
    }
    procBoundary5to2
    {
        type            processor;
        value           nonuniform List<scalar> 
94
(
0.00130054
0.00136018
0.00537497
0.00318499
0.00200186
0.00287935
0.00142348
0.00114978
0.00240048
0.00171375
0.00147411
0.00281394
0.0020956
0.0013515
0.00264169
0.00177098
0.00305156
0.000825594
0.00204442
0.00129501
0.0029716
0.00505137
0.00241621
0.00172039
0.00106736
0.00250825
0.00122126
0.00249865
0.00154715
0.00558685
0.00143842
0.00240861
0.00193855
0.00101394
0.00253223
0.0032481
0.00187285
0.00122924
0.00248248
0.00195141
0.00185862
0.000514549
0.00131414
0.00345301
0.00324473
0.00140931
0.00413645
0.00327336
0.000440362
0.00122758
0.00437563
0.0052874
0.00247775
0.00163479
0.00153381
0.00159059
0.00170728
0.00154895
0.00324473
0.00154618
0.0030777
0.00118255
0.00170055
0.00205027
0.00337938
0.00162296
0.00166012
0.00162396
0.00156121
0.00189899
0.00143109
0.00242732
0.00280514
0.0017875
0.00156505
0.0013788
0.00160288
0.00517665
0.00177398
0.00228691
0.00409442
0.00453015
0.00187077
0.00250825
0.00168932
0.00318612
0.00304056
0.00454019
0.000879285
0.000976212
0.0018675
0.00163479
0.00173261
0.0012905
)
;
    }
    procBoundary5to3
    {
        type            processor;
        value           nonuniform List<scalar> 
57
(
0.0028483
0.00240111
0.0010443
0.00156196
0.00645596
0.0013308
0.00234542
0.000884872
0.00238087
0.00398244
0.000916235
0.000810978
0.000781629
0.000845916
0.000845916
0.000766211
0.00118619
0.000884693
0.00255364
0.00122464
0.000929376
0.000516953
0.00441667
0.0010081
0.000680786
0.00458275
0.000462237
0.00239964
0.00200353
0.00199535
0.00173781
0.000987059
0.000904234
0.00219858
0.00188543
0.00116606
0.00146705
0.00252778
0.0041203
0.00161707
0.0018787
0.00171993
0.00345718
0.00104301
0.000498193
0.00144939
0.00365568
0.00346324
0.00124038
0.00100772
0.00334915
0.00123214
0.00123771
0.00104964
0.00141673
0.0012249
0.00181707
)
;
    }
    procBoundary5to4
    {
        type            processor;
        value           nonuniform List<scalar> 
222
(
0.00563016
0.00452643
0.00434612
0.00144185
0.00500117
0.00399782
0.00164332
0.00623911
0.00514755
0.00184507
0.00184507
0.00655183
0.00579494
0.00490466
0.00522558
0.00311936
0.00154524
0.00299403
0.000348478
0.00529871
0.00529871
0.000673398
0.000422548
0.00651668
0.00368019
0.00202989
0.000463282
0.00290064
0.00611649
0.00659811
0.00195619
0.0045809
0.00653804
0.00711301
0.00198361
0.00226168
0.00638007
0.0033423
0.0011096
0.00272675
0.00115399
0.000404397
0.00318059
0.00408061
0.00601377
0.000198226
0.000850707
0.0030754
0.000325939
0.00108684
0.00136223
0.00124547
0.00526437
0.00677279
0.00380422
0.00461361
0.00193407
0.00180054
0.00347088
0.00335672
0.00363615
0.00729606
0.000416066
0.00137424
0.00691216
0.00625044
0.000223378
0.00686763
0.00612517
0.00514978
0.000798212
0.000402087
0.00297557
0.00254254
0.000559849
0.00433586
0.00695988
0.00612669
0.00187814
0.00124103
0.00494921
0.00197152
0.000261567
0.00320984
0.000405758
0.000405758
0.00150745
0.000215204
0.00632507
0.00423101
0.00458831
0.0039659
0.0013442
0.000940159
0.00575587
0.00173163
0.00153262
0.00276282
0.00594055
0.00552509
0.00321534
0.000659488
0.00227829
0.00591183
0.00231582
0.00357443
0.00723532
0.00736236
0.00115024
0.000977382
0.00178162
0.00144721
0.0014383
0.00423087
0.000686565
0.00038722
0.00625541
0.00619321
0.00179502
0.00580767
0.00499333
0.00341467
0.00737584
0.00126957
0.0070409
0.00741599
0.00490266
0.00467661
0.0061078
0.00101508
0.00287926
0.00187214
0.00100116
0.00322795
0.0056741
0.00462099
0.00167972
0.00705321
0.00640813
0.00330397
0.00666371
0.00711289
0.00735536
0.00444212
0.00434051
0.00294297
0.00193686
0.0018892
0.00261766
0.00035581
0.00520043
0.000565119
0.0035133
0.00604604
0.00382309
0.000888852
0.00112086
0.00372235
0.00203145
0.00248032
0.00258444
0.00387663
0.000785214
0.0043442
0.00553987
0.00583799
0.00214329
0.00106453
0.000311125
0.00341742
0.00672559
0.000634078
0.00546489
0.00427301
0.000352752
0.00714439
0.00359824
0.00325576
0.00122852
0.00607729
0.00631449
0.000537542
0.00255297
0.000251296
0.00306224
0.00104418
0.00339673
0.00100116
0.00108388
0.000610125
0.00341177
0.000729103
0.000280434
0.00258181
0.00352903
0.00334025
0.00405825
0.00179118
0.00237752
0.00154317
0.00673878
0.0011338
0.00296827
0.00698892
0.00519914
0.000991561
0.00327825
0.0023224
0.000296242
0.00173562
0.00214437
0.00231233
0.00478902
0.00709003
0.00339139
0.002842
0.000610125
0.00554987
0.00400642
0.00150872
0.000924152
0.00112086
)
;
    }
    procBoundary5to7
    {
        type            processor;
        value           nonuniform List<scalar> 6(0.00315348 0.00335507 0.0041368 0.00544864 0.00255965 0.00571586);
    }
    procBoundary5to8
    {
        type            processor;
        value           nonuniform List<scalar> 4(0.00435797 0.00437546 0.00295247 0.00411027);
    }
}


// ************************************************************************* //
