/*--------------------------------*- C++ -*----------------------------------*\
| =========                 |                                                 |
| \\      /  F ield         | OpenFOAM: The Open Source CFD Toolbox           |
|  \\    /   O peration     | Version:  2506                                  |
|   \\  /    A nd           | Website:  www.openfoam.com                      |
|    \\/     M anipulation  |                                                 |
\*---------------------------------------------------------------------------*/
FoamFile
{
    version     2.0;
    format      ascii;
    arch        "LSB;label=32;scalar=64";
    class       volScalarField;
    location    "0.0380695";
    object      p;
}
// * * * * * * * * * * * * * * * * * * * * * * * * * * * * * * * * * * * * * //

dimensions      [0 2 -2 0 0 0 0];

internalField   nonuniform List<scalar> 
3991
(
-13.0708
46.3718
2.36885
-6.37996
32.3563
-5.47687
-61.5876
37.9025
-12.5343
14.5262
16.2735
2.82511
7.51856
0.501603
-37.2111
2.9549
13.6584
2.35728
-8.5633
-55.5176
-10.1619
-54.9238
-12.6389
-21.7728
23.8068
25.8268
40.879
23.2504
13.5553
8.39438
-34.3169
18.9864
-67.335
13.6794
-17.2761
-9.67178
-66.7537
-21.3258
1.61975
14.8095
-78.268
-6.06302
2.44163
-4.7856
-7.06643
26.5353
28.5359
5.71629
0.723701
42.5282
34.0094
-69.8426
-77.0409
-11.9353
-6.31109
8.3997
-0.627385
-5.95182
5.12788
8.20564
35.8643
42.0618
31.9353
31.8626
-15.7986
-9.36075
6.39992
-14.2917
-61.1076
-6.09072
25.4656
-5.48944
55.4202
4.88265
35.5694
-14.5393
50.4569
24.9529
-4.6456
-42.1655
-4.0619
7.20447
52.6357
13.0461
35.0036
35.6565
0.29949
9.25431
42.1258
-4.53292
-8.85147
19.2283
25.9057
-5.2559
-6.21525
12.3329
22.0637
38.2994
59.4555
1.15396
1.49971
3.3207
-40.2273
3.4719
3.91217
4.61195
-6.71307
-72.8599
34.101
-29.894
-67.5527
-7.21527
53.1963
-2.69842
3.19081
-61.4991
-64.0258
-35.6777
1.91086
23.391
39.6279
-19.8606
-7.65323
12.0071
-36.4006
7.06043
17.6123
-3.25935
-20.9679
-35.007
-2.66239
13.6141
17.735
-3.62852
-7.83041
0.729962
-2.04611
-2.25889
1.76848
29.6385
6.24908
44.9234
36.3746
44.4705
10.6856
29.9334
-10.6795
38.0369
58.5601
26.3884
1.2306
12.7818
38.3038
30.0226
-45.9953
-21.8149
42.993
20.8957
27.3503
40.7219
13.8985
23.2541
-3.5494
52.573
21.7232
-15.4538
25.528
-25.6528
-36.9343
-4.55864
-5.83634
-9.53316
-35.4443
41.1292
42.0004
41.9238
-32.7189
-0.966854
1.16395
-28.3379
-4.58629
20.5675
22.2966
-37.8491
2.02378
6.23678
-1.53055
6.87636
-3.93799
-69.4672
-43.5785
-4.93569
-168.326
-77.2345
-0.683929
-57.7908
-12.0522
-1.23485
-68.8071
-6.90922
2.40896
-16.9513
29.5556
15.9456
-0.677784
41.2588
36.1311
1.88562
17.2498
31.2559
34.3637
13.5018
19.8222
53.1278
18.9147
-12.9265
-2.13589
45.7656
-21.0462
-78.851
16.6695
53.9475
29.0372
57.5119
9.69534
-15.7594
-30.6412
-3.80922
17.4195
34.3121
12.3126
-9.4673
43.1658
52.3039
11.8373
-22.3729
-6.3341
-0.265907
-1.74745
38.4978
-33.9546
-6.15539
-70.1019
-12.5017
-74.5857
-3.2841
-2.53359
-6.25368
-13.2643
-19.2715
8.54679
-5.41679
-10.3761
-2.84855
10.2544
-4.47612
-18.3322
29.9133
18.5605
-24.7045
-23.6772
42.3561
-76.6062
56.7204
2.89543
-60.4989
-51.0219
-5.65311
-35.174
-22.2947
-62.4553
-13.0272
-8.28517
-22.8906
17.2301
-12.9984
9.97777
-12.258
-2.05984
10.9622
30.4763
-11.8744
-3.73318
-70.8166
-6.53841
-31.2568
-6.33878
51.6996
-55.7708
17.7692
52.2566
-41.0107
-4.61758
-7.32432
5.99006
-1.71898
16.0166
16.4787
22.3281
19.9033
11.0561
9.32955
-8.65103
17.9759
-26.0077
-26.2499
-0.866865
19.3641
-10.6237
38.0986
2.6994
10.3636
10.47
11.0044
33.2862
2.68824
-29.0271
2.89741
36.3647
5.33894
21.6307
14.2963
-1.79108
-7.12964
-16.3805
-0.131095
0.853329
-11.219
-24.2674
-43.6841
-72.0704
50.9306
-8.84459
10.1316
-43.546
-1.01943
18.9301
-3.94908
-16.3646
23.4728
-32.9252
14.9651
-18.3469
-13.1863
6.83516
4.4554
-5.75998
27.016
-9.02633
-2.0377
-7.82979
-1.00305
14.9853
40.8458
-7.42793
44.0355
-10.6025
-0.737495
-58.2447
-35.1148
-25.0568
-12.6231
16.8759
55.7509
6.71326
11.5198
31.2161
28.182
-2.31407
-29.0888
29.0497
19.8611
28.0222
-52.5762
-4.28416
35.6197
-21.2038
-10.6799
-10.2134
-4.39431
-74.6841
-76.477
20.9691
0.493728
12.4645
17.9403
-27.8044
-47.3961
-76.636
-25.6447
-26.448
-62.9041
-27.5444
-9.69517
-0.434287
-75.804
-7.47046
1.44512
-76.3733
-75.8196
4.10274
-31.046
-70.239
-18.6257
-76.647
-4.68293
24.9114
31.8944
-59.7096
21.8899
11.0394
-58.5018
-40.2512
-41.296
4.98796
-0.873222
-1.71525
-46.9565
-6.62758
2.84861
0.472841
-63.832
3.22632
1.83555
4.50797
-21.18
-22.5539
-63.748
-64.2981
-3.66867
-66.2947
-22.2661
-32.711
-5.07603
-3.08718
-1.93815
0.85914
-3.0251
-23.4625
-31.0758
-31.1752
-26.8662
-23.9069
-30.2809
-5.86135
-7.798
-6.76666
-11.6533
-26.354
-2.56441
-20.1921
-19.0981
51.5594
-11.7848
-12.6085
-15.6849
-17.8812
-7.99981
-13.2258
-9.97956
-9.11407
-9.76768
-13.348
-19.4484
-17.6568
-16.629
-25.7498
-9.16348
-12.9981
-21.6052
-25.6038
13.8281
-8.3679
-3.8899
-8.33534
-3.65016
-6.83017
-5.82993
-7.90726
18.441
21.291
-50.3005
-55.2453
-34.8266
-40.2663
-41.8429
23.6396
23.7948
10.4632
3.54565
21.4302
-3.30769
12.0865
6.7686
-36.091
-16.0001
3.73214
-2.10142
-4.43289
-5.42585
13.5615
19.9878
0.964676
18.1833
3.36596
7.67628
2.6923
8.01305
4.74464
5.80526
4.92743
5.90923
6.15324
3.75758
4.83732
4.74489
5.77786
6.7511
3.06392
8.953
11.4246
22.0491
17.4774
12.4807
13.6528
8.62082
-1.54163
15.3421
9.20724
5.55533
-8.40068
13.4767
-5.35978
-6.27053
45.4206
42.2678
53.4436
48.5326
49.0581
47.8015
-6.51773
-69.2671
-1.15306
-35.9204
-29.0424
-7.60439
-1.15632
-35.3486
-30.0777
-17.4238
-17.9396
1.79509
1.03767
-2.18567
-1.75772
-1.57119
-1.35492
0.458938
0.435713
0.760608
0.452379
-11.6631
-25.7912
-17.0168
-29.769
-11.7874
-29.7697
-14.4074
-3.71561
-49.7157
0.895357
-62.9522
-36.9318
25.3879
29.1469
-54.1245
-15.0653
-18.3888
0.306583
-7.20136
-30.8846
-75.8297
-46.8016
-42.8429
-72.2304
-22.1276
-6.64161
-15.1091
41.7175
-76.0576
1.63147
-31.0489
-24.7115
32.1985
44.3348
41.5354
1.1489
-6.79252
42.891
-4.50184
-64.7985
-42.249
-3.99732
57.7862
-10.0724
6.71502
2.34566
47.3404
38.8717
47.2695
48.4459
9.46816
11.2023
10.3441
-28.71
-74.851
-54.7098
-70.215
21.3091
22.6148
-2.89789
1.88866
2.96582
-5.45339
0.844321
44.1722
11.3302
4.60007
-6.47853
-6.78573
-5.43518
2.66645
-10.0294
16.0519
2.84135
-22.2621
60.6622
-46.5304
-13.9761
3.12724
-6.6115
3.87687
33.4918
21.1138
38.6546
-75.6381
-20.34
9.55921
-0.17826
35.3769
-62.0959
60.1891
-13.5603
-27.4852
-12.7156
47.1532
11.7197
3.53937
13.0281
-5.15075
26.0578
30.7901
27.398
-17.8879
10.2705
-53.2307
12.1247
12.8047
50.6446
28.4339
-21.8163
31.2317
2.51616
-0.636051
24.3917
5.0598
-6.57173
-2.81024
-72.3958
-18.1681
-35.2206
-53.2618
-71.5598
-11.567
6.87238
-73.8279
-36.1685
-60.3751
-110.341
-33.1673
-58.8743
-2.17487
-45.4414
14.4145
0.541092
-15.6289
15.4147
9.92153
9.16279
-5.98886
-16.0629
7.28153
-6.76972
-2.00852
-62.5877
-36.8128
48.3274
-53.8232
-10.5417
-3.3311
-52.1123
-2.68825
-58.5711
-4.68764
-1.80694
-13.3461
2.79968
-31.0789
-7.2965
24.0019
-23.7566
11.4388
-69.0338
-17.7499
-19.0004
-24.8093
-22.0919
37.3653
-77.2287
-26.0323
-76.5602
-73.0737
-63.0594
-53.9176
-64.3068
-56.5702
-48.2744
27.6597
-72.4307
-72.3414
-31.9084
24.7653
-35.236
39.1727
38.2094
53.6836
25.2128
30.862
43.1988
35.498
21.5925
58.9615
16.1672
16.0263
18.3056
14.4466
-21.0365
13.8724
21.5657
23.4972
22.7671
27.3401
38.6701
-7.26002
30.7575
42.6753
5.275
48.2681
-79.193
-38.0235
-54.5004
-12.5483
-12.1841
-21.6596
-69.0837
3.34166
3.73382
2.36216
3.8299
-9.69071
7.78559
9.78964
5.44008
7.57368
10.8399
3.92109
5.57822
6.03093
6.0336
6.79553
5.30249
5.55272
6.59463
12.2319
14.0399
28.4675
10.8562
10.7007
-1.30008
-27.6276
-75.8272
-53.9609
49.0832
52.2333
51.3462
50.3876
50.2648
53.3256
54.555
55.7564
32.5855
21.1532
26.7352
25.076
22.7798
23.6117
17.2528
15.7836
14.699
21.9953
45.5069
47.8638
44.8938
45.9299
51.0363
38.9288
5.95493
5.90819
3.65313
5.51518
4.39969
-3.96221
-8.10807
46.001
46.5875
10.5209
7.55876
10.5232
13.4409
18.8452
11.5108
2.38677
-28.7314
-29.3335
-13.6098
12.1593
-17.173
-3.64298
-3.73377
-33.82
-4.34896
-49.1512
-10.6592
-19.8789
-58.9902
-1.12339
53.5588
-74.7358
-69.4547
-5.11867
-70.6635
-27.7009
-38.0291
-11.9354
-19.6277
-6.27645
-35.663
-1.59181
-5.73006
27.836
36.8179
31.4061
20.8073
-31.5356
-9.48553
3.01557
-35.7628
45.9002
12.819
9.96088
-74.1169
-73.9759
-22.9344
-25.3645
-31.5913
-34.911
-42.2876
-1.94952
-13.8419
-71.343
-112.727
29.1483
-22.8342
-19.0926
-24.7495
-28.5855
-39.6405
-49.3119
-75.0714
-73.716
-11.8406
-6.97276
-22.9987
-1.34494
44.3342
-59.4307
-73.3805
-8.85515
-40.0732
11.4128
-10.2825
13.0539
3.95564
-69.4887
-10.8664
-2.67725
-19.6771
-49.2902
4.64832
-33.3535
-8.51407
20.9482
-15.5179
4.25582
-5.28104
-5.47685
-13.7798
-6.96173
-42.698
1.06488
9.36544
-5.93863
3.15419
-5.21563
-55.6983
0.471524
-76.9819
-45.4414
-29.4312
11.6898
16.919
-2.24332
-1.257
-56.8075
50.1761
2.35649
20.4026
-21.47
9.78492
-71.455
-51.7151
-25.8564
-23.9626
-38.5735
-30.3166
13.2968
-0.406321
-59.02
6.56645
-6.24203
-69.1768
-13.3969
-10.786
24.0617
30.835
-5.68222
3.45108
14.9625
-6.52838
-19.3319
-72.6942
-66.1454
18.3462
23.4805
4.89516
-19.6717
25.1556
-74.9299
-37.3277
6.92894
-50.4556
-26.8504
-19.9601
18.7941
9.72807
-0.0745132
9.1795
5.9866
6.97375
-13.3582
4.28268
7.03902
16.0817
4.50821
26.2737
22.7373
39.8447
16.6228
16.9891
13.4354
6.90957
-13.7307
27.4666
6.41664
10.0139
39.1737
31.961
-17.0152
-5.50459
4.77448
4.91358
-0.0503815
-4.90419
-20.6435
-9.98428
3.33916
-18.5733
32.6708
0.990873
8.92598
5.50951
2.03878
-0.194697
-0.45937
1.30175
1.51532
5.61812
-8.64117
-114.707
42.8498
49.7092
51.5472
30.3238
-4.82341
0.524161
-12.7037
13.19
-7.46928
-30.3112
-16.5719
0.402473
-27.5337
1.61024
-137.41
18.7405
24.0734
4.78447
-26.7225
22.2816
-3.58304
30.5309
25.3977
17.6641
16.9794
34.522
6.76355
-36.2553
8.96889
34.2775
37.8231
26.9104
-20.6122
34.8825
-18.393
29.4338
-6.86638
1.40687
4.02194
4.58165
16.1809
13.8174
15.8602
12.9619
14.71
16.6684
11.2995
-5.77557
-29.7348
-11.7656
-36.9384
32.1302
-90.5464
-144.357
-61.011
-149.456
-146.181
-34.8539
-20.1844
-77.9176
-34.4001
-74.3689
-11.8463
-51.0327
-77.1832
-19.907
-20.1278
-16.8577
-24.5435
-51.8549
7.1544
6.12668
-1.8677
-8.14474
-36.7608
-15.5993
-77.1226
-77.474
-6.07427
-57.203
-6.6527
-34.1873
-12.5539
-15.9761
-80.8832
-26.9739
-5.00861
-127.324
-11.3262
-94.2513
-40.6607
-91.5201
-73.8257
-72.9919
-61.6503
-76.0226
-62.1789
-72.9405
0.440601
11.6508
1.37468
-5.44142
-3.43679
32.6746
2.70117
-2.59822
-22.2603
1.39704
-11.6636
-3.56212
2.26206
2.87382
-76.2833
24.886
60.4246
13.472
-64.6664
-68.4037
-53.683
-25.8587
-31.9948
-38.2598
-48.5359
-64.1033
-62.6071
-47.2315
-46.1156
-23.1597
-25.6875
53.533
28.3315
60.7598
-34.9578
-7.69145
-40.7386
-25.6359
-1.42745
-1.04645
-1.86333
-0.322233
0.561866
-2.79362
-2.78275
-3.76337
-74.4244
-73.3929
-77.8128
-71.9443
-71.9412
-74.1702
-45.5676
-52.4604
-43.7904
-38.898
-31.6908
-26.8429
-23.4796
-32.0771
-28.2674
28.0266
6.0022
7.42221
14.4374
-51.9006
49.1616
15.3756
-31.3482
47.1702
45.309
54.0317
15.1002
-78.2287
43.2203
-4.54612
-0.196848
-13.5686
-13.8624
-7.98403
-67.3646
-11.8584
26.083
-7.56583
-28.4621
-0.579879
16.2436
14.6783
23.314
14.9633
17.918
-3.74145
18.9187
17.0504
4.8219
-10.5769
-16.2935
11.3173
8.38205
-68.7161
11.3715
-12.5925
-15.747
-19.4296
-15.9038
14.135
36.3584
15.093
49.7725
19.8682
44.6349
-2.18574
-18.3023
-15.5524
-8.41484
0.731641
12.6098
8.88318
0.161371
-6.09137
-1.447
-1.2654
-5.76053
-3.40733
-2.57838
-41.5878
-32.5999
-22.9424
-20.4786
-38.6433
-43.7829
35.0372
47.3162
9.96814
9.95827
8.47283
53.8999
9.48415
8.09145
29.0558
23.4612
22.9735
2.55753
-1.31944
-0.309176
8.26356
23.7267
-2.12657
7.48638
9.93277
30.4818
-18.0341
-11.7169
-2.2086
3.7748
6.20284
44.5636
47.5732
47.891
18.0098
32.2612
22.0488
2.4755
2.16527
2.12703
31.117
-0.170261
0.302368
23.2052
19.1738
-0.7725
29.3122
1.52917
1.75328
-64.7377
-10.3464
-10.2776
-111.89
-2.33692
0.211448
-1.49301
3.36607
-21.2482
4.22212
3.21477
3.25679
16.8765
13.5389
19.1119
4.74229
-4.87752
-11.242
15.1758
19.8762
45.7339
6.68571
6.74641
3.11218
-7.09667
-2.19677
-4.12099
-14.9218
13.0362
11.7085
11.5307
29.1639
-48.5783
16.6882
30.8144
17.619
0.486818
32.7005
-4.83962
46.4753
0.883131
3.2308
-3.005
53.9556
12.8206
55.5933
5.1213
0.932044
6.72531
-5.8089
-2.36712
-1.73496
-12.8461
-0.775717
4.7923
8.57596
24.7702
-9.60719
28.0693
34.7617
37.3398
43.8716
24.0602
-86.4052
15.0745
5.05267
28.3896
35.2937
19.2519
-120.679
32.8887
58.4889
-2.99456
0.0492528
-31.6506
-75.3672
-7.60417
-4.39867
7.6698
0.943288
-1.87904
15.2976
-5.89151
33.944
15.903
-77.6703
-70.3041
10.798
22.1069
12.4235
4.15447
-4.39276
14.16
0.678084
42.5829
25.3594
6.12597
7.26642
4.29358
3.16768
-6.29249
31.9132
40.8913
36.1569
-3.05432
30.6381
16.2192
-10.9254
-7.67556
4.70917
2.02146
-9.70912
-4.96228
-6.19799
4.28417
-10.9697
8.48025
-32.793
-80.04
-21.7201
5.49172
-8.23093
-6.71435
-7.86855
8.34214
-2.43702
4.31349
3.98116
16.4594
18.3469
18.3949
-20.0558
54.8636
51.0185
36.1903
43.8191
50.3422
55.1641
44.5946
41.2386
-3.25171
-68.4625
-3.16786
-16.9863
36.0131
-6.13513
23.4987
6.7378
-4.09012
-6.05945
4.13866
6.93087
8.27093
-6.54642
19.8991
-1.17552
-2.52769
22.8447
6.4328
5.07194
7.40815
6.40269
2.98236
-27.6397
-17.4829
-12.7518
-8.41812
34.0473
44.7597
41.3921
0.689646
-13.1605
-71.8581
-65.4722
-70.1179
-71.9519
2.88876
-20.1403
-11.6162
-10.1995
-4.94907
-2.36309
3.97071
-56.3707
-43.3698
-60.9085
-5.96709
-21.8615
12.9333
-54.9616
-52.9909
20.2816
34.027
-17.6469
-11.9804
-9.47766
-8.19998
-13.8753
-45.4511
-78.095
0.330388
-19.6794
-64.5484
-7.08723
-15.8456
-15.9187
7.72951
-22.4406
-45.3809
-10.7587
38.1004
-75.4544
-5.64984
2.26522
-6.89608
4.358
17.5538
17.6889
34.3516
4.44134
5.49083
6.78934
12.696
2.76493
-18.7048
-51.5919
-1.05767
-30.5934
-45.1507
-77.8249
29.9145
23.3827
32.2523
19.2347
24.9252
20.3744
38.3806
30.1231
56.3252
31.1383
14.1487
-66.4992
-68.7432
-69.806
-63.4606
-64.6752
-10.3503
-16.1377
-14.9668
-7.375
-18.6583
-19.7978
-14.2299
-18.7836
-69.9575
-67.4272
-66.6527
-76.023
-76.0432
-72.0235
-52.7468
-41.3027
-73.6358
-66.5233
-44.5113
-61.9791
-57.073
-58.0174
-65.8387
-76.8685
-74.4668
-76.9276
-70.1527
-76.4939
48.4047
-30.4407
-46.7104
-3.60856
-10.0429
-28.7039
-71.1129
-44.7884
-14.941
-55.3881
-9.96063
-15.2216
-5.45424
0.389165
-6.25269
-1.0873
-10.9042
-15.9417
-15.7286
-20.6875
-3.02251
-4.86985
-3.53806
-28.4079
-6.66396
-46.9693
-60.9457
-70.2774
-13.0911
-31.0528
-36.2616
-66.1649
-8.25587
-25.4826
-55.7275
-16.84
-52.8059
-7.86766
-41.3029
-7.44362
-15.0847
-20.2955
20.2238
-7.74468
14.6475
19.3167
-28.6841
8.28467
-36.2222
-27.242
0.409129
-13.6521
-4.84942
-21.2343
-24.8642
-9.53306
-3.52704
29.7072
-7.23513
5.45174
-22.7686
-48.0647
-18.78
-17.0721
-58.331
-7.91922
-75.6559
4.45957
-45.0396
-7.19
-20.4341
-77.2277
29.8636
-2.67919
23.5298
33.0131
25.2161
5.86712
0.754403
8.25362
-2.51654
2.3281
4.51103
11.3644
18.937
3.86826
-45.263
14.4699
5.096
-56.4582
16.9095
11.9941
21.542
48.3876
37.5139
-10.0933
-5.4344
-20.1884
12.9643
-11.961
-57.5252
20.6883
44.0924
5.26194
3.8494
-2.15324
-23.1924
-43.0802
-10.2864
7.06239
-0.918956
0.565773
17.3874
33.1809
45.4636
44.0241
-3.3196
-43.2775
-16.9076
-16.6438
20.0896
-69.6446
-14.6735
-40.092
-145.887
-1.21279
5.9682
1.69279
2.13598
1.35811
-64.2812
-84.3098
-80.3417
-11.3683
-2.36805
-2.47704
7.72019
-15.2157
-11.3438
-2.62301
-24.7996
-9.21929
-18.6134
18.3845
16.5887
37.3825
28.5156
26.5432
8.72671
32.4513
-11.3783
-76.4613
-69.3489
34.1528
31.3856
-65.48
-15.13
-17.7777
-36.2532
-73.8262
-53.4232
-43.6822
-52.6047
-49.6931
-77.9861
-32.8045
-28.2458
-16.0557
-12.3452
-7.39609
-66.1428
-2.3576
-50.9278
-64.9319
-6.749
-38.6183
-68.982
1.56772
7.74504
-13.5502
-48.4783
-9.19633
-21.2061
-61.8865
-41.9578
0.74136
-5.44304
-4.17948
-71.1343
-53.6412
-21.2677
-55.5448
-104.887
-66.4169
-70.3099
-57.834
-37.1503
-26.4838
-25.6321
-47.7439
-30.6164
16.8533
-11.9692
-35.2411
18.0628
-65.1496
2.32055
-2.7993
-0.504207
3.19308
2.66006
-37.9304
-0.245923
-7.03778
-28.1743
-39.2468
-38.2137
-24.981
-27.4715
-61.2309
-25.6583
-15.1286
-14.3206
7.26764
-40.6
-2.93441
-13.667
-7.98743
-48.8532
-13.5159
-23.3536
-46.6756
-35.875
-47.527
-21.1036
-39.8441
-103.352
-8.20678
-79.6728
-26.6685
-29.7669
-5.53039
-18.1578
-5.04239
-43.274
-45.8572
-7.27131
-32.8409
-21.2338
-5.02576
-17.0498
-50.9545
-48.2172
-31.4432
-0.523248
2.07877
5.45094
2.4235
6.13461
36.677
33.663
47.3031
45.9228
47.4704
43.4506
4.11157
13.4898
28.1038
21.6753
22.2399
8.50286
-76.2106
-27.8938
1.12989
-60.3001
-7.50548
-7.5391
-29.502
-44.2916
-6.77012
6.57604
-37.2407
19.3302
-9.44522
-4.15259
-4.93217
-3.61381
14.7399
-1.29635
-8.82201
-7.63284
2.16883
26.5633
21.2957
9.11719
-18.7005
-21.239
38.2289
33.2633
-13.4258
35.9916
15.3737
31.8575
40.8153
43.519
9.10944
14.2144
-11.4851
2.70495
41.1084
18.4394
14.238
17.2145
16.8056
21.2194
-0.0870901
-7.15628
8.83027
3.15858
5.51247
4.89094
8.19909
-7.14486
4.62747
5.24429
-2.89367
-5.09656
31.2973
41.274
-4.01105
33.851
-31.5489
39.1811
47.0466
42.7543
17.6207
18.3611
33.3278
18.78
13.5683
13.3024
12.105
6.02336
5.39548
5.63493
27.1104
19.8526
21.497
-15.2857
-15.8215
3.82333
2.45957
-1.4624
2.99833
17.1742
22.1648
-75.7938
16.9652
14.5648
13.7238
-6.43326
26.3924
34.5497
-6.86113
-5.46745
-18.0365
-13.6761
-16.1003
-26.0745
-11.8115
-9.75548
-21.852
12.449
14.2955
19.4689
12.457
-11.1486
14.6156
15.959
5.65933
3.2141
2.06303
13.7141
13.5471
20.685
13.1669
10.717
9.41947
6.70142
17.2041
-8.27989
7.02274
-10.6523
11.3016
8.41839
-1.61851
2.04081
2.02321
2.58881
1.78222
6.11557
-33.8687
-70.0734
-46.0825
-59.9865
-47.7748
-23.4288
-22.7755
-2.46758
-0.980551
-7.1284
-1.80696
-29.6431
-50.1137
-18.3233
-7.04428
-27.2099
-15.8746
39.9984
-23.0961
-74.6671
-76.9589
-73.5339
-43.4477
-39.7054
-42.3358
-31.78
-26.6415
-68.0358
-71.1511
-69.4241
-75.0737
-76.9705
28.0085
33.0218
7.76388
-76.6652
-69.7112
34.6697
17.1108
-42.5679
-52.4381
27.3884
-112.391
-75.1949
31.415
47.1848
17.56
37.5156
26.1607
32.6458
50.1145
53.7672
34.8634
-74.5439
-74.1991
-73.0331
-63.2022
-17.5407
47.9273
-27.7473
-76.9719
-77.5632
-77.3186
35.5814
11.9776
31.1741
11.7214
38.6614
25.9903
2.98168
-27.6323
-93.3243
-78.0214
-4.3074
-26.1522
52.5998
50.572
51.9808
27.0397
9.01512
9.69117
-26.3734
56.0107
19.6657
21.4261
13.7447
9.27492
58.5734
59.9115
-58.926
8.85083
59.4266
-14.3591
-71.6831
58.1441
18.9318
-36.6675
15.4695
-74.0721
30.6709
31.2214
-1.1369
41.1394
20.8818
-10.1225
-2.32484
-28.4065
8.62174
-18.3111
42.663
-57.8643
51.9867
4.66545
5.71531
-23.2239
-72.5432
-67.1384
28.9351
-0.135321
-17.1355
-2.06518
-7.84835
9.50765
-25.1383
-21.9376
-38.8487
52.9204
60.6722
15.3395
35.1848
-45.986
13.781
28.2758
53.7914
18.303
43.4019
49.8425
24.4795
24.2301
18.1978
35.6065
32.4074
35.1621
30.6868
22.7874
24.6377
28.2165
14.5401
23.5059
15.2113
19.7995
16.1093
44.5164
46.4899
-12.6282
-2.7732
-5.67546
-5.09474
-10.4666
-9.94202
-7.84412
-13.5365
-15.0736
-20.4414
12.3404
10.4748
-4.04327
-7.70629
2.30657
7.65031
7.30905
-10.7873
-1.52058
-0.110333
11.7361
-75.7079
8.25316
-4.26772
-20.9165
-92.7402
-70.3382
-30.4509
-36.9719
-1.451
18.9259
-14.4933
0.285916
3.93778
48.0084
-41.2958
47.1109
16.2139
10.9279
11.8717
-22.465
18.9946
24.1217
39.3737
16.4331
37.1619
47.3948
36.0089
-19.0779
-27.3922
13.3559
-1.41341
41.1479
3.88449
4.58835
43.0381
43.0267
43.1633
47.7528
41.1949
38.9555
7.43619
0.310952
-0.190504
-2.62481
-3.89543
48.4227
-6.46542
-1.52294
26.0279
-15.2521
-73.2958
-75.5773
-2.98743
29.4676
26.8632
19.2278
16.9422
11.7194
-11.7459
15.7801
20.7897
21.7461
-27.3745
8.57746
10.6127
-5.01766
17.5491
17.676
22.5917
8.61592
-74.9814
-74.8151
-30.8874
-23.5104
28.8741
4.61561
-16.2886
24.8795
17.8378
-6.17645
-3.73995
-10.9742
-5.67632
-24.0753
-13.4588
0.321477
-73.2833
0.930018
0.103509
-0.501805
-14.919
0.51868
-20.4656
7.6559
-3.0971
-3.83021
-5.28138
-1.53478
4.85528
-74.3594
21.4161
18.6725
19.0323
-2.70733
7.53574
21.5105
9.34699
5.18015
2.49393
-7.70531
-9.0188
-13.099
-8.20777
0.22629
-71.7073
-49.1778
-39.3281
-8.69815
15.073
-52.4876
14.2145
-44.9845
-52.8787
-8.38605
-64.8295
-70.2168
37.3596
30.7509
-73.7924
-64.5331
-82.2815
1.2606
16.835
-21.785
5.58322
35.3427
22.0217
2.18621
-7.93301
-5.03875
-13.9127
-16.2655
-2.13808
-16.9395
1.36646
-24.7678
-6.76504
-0.631049
-8.32971
-19.275
-8.10079
17.1853
-56.9325
3.73867
14.9584
-43.5633
-2.98136
-29.43
4.83934
23.06
15.5109
-9.47004
-13.7639
20.0342
14.7985
-3.97545
31.4607
13.815
-57.0076
-8.20326
15.1904
24.002
0.677726
2.67147
4.70023
5.28897
4.93111
-31.346
-73.858
5.00919
0.635802
6.92905
13.2851
-10.2108
-90.8625
-18.9097
42.3785
-14.7155
-11.9735
-14.7822
-5.12072
-5.75242
-68.032
-26.3255
-47.8157
-12.1989
-5.75237
27.7346
-48.6324
-34.9937
-15.6478
52.6774
-19.7575
26.967
-16.2154
-10.9707
-51.1502
27.5459
-7.79775
-39.1063
-30.7386
-54.9265
-14.4205
-44.005
-73.9464
-32.2498
-16.2694
-34.6106
-76.583
-74.3084
-78.5675
-14.5435
-8.53137
-39.7629
1.68771
-6.96996
-5.46166
-24.721
-4.89361
-16.4727
1.28576
-2.36344
-7.56825
-1.62369
-14.9559
-7.14941
-4.22581
-2.65061
-13.3653
8.68538
9.42904
-0.952843
-4.30693
5.71179
-53.7248
-19.0557
-32.2485
-26.6702
-14.0057
-0.0947415
19.7179
36.5547
0.482892
-0.294086
3.42451
-6.19488
1.85042
-25.3139
-15.0217
-40.0934
10.7356
-21.8736
-13.4531
-2.92768
-13.1032
-11.0166
-39.6587
-67.1607
-71.8299
-104.045
23.2892
-74.576
27.4724
59.7578
26.7239
31.0865
18.375
28.0274
22.9521
-23.4277
25.4745
-0.0441116
-25.1595
-24.9191
-5.317
-31.8094
-3.81962
-4.96545
-60.6251
25.0482
10.5862
-35.7177
-49.6991
-71.661
12.8446
3.42886
3.79789
3.25231
3.02254
13.5734
18.5703
-0.244383
1.9579
1.48483
19.7738
29.3968
11.8881
-14.2341
19.2266
1.71888
9.12645
-6.84929
46.9761
-8.28972
0.827345
4.98583
-1.23591
1.92171
-2.29039
11.9137
-5.45377
29.9496
32.0741
20.787
8.28223
10.2556
9.40861
-1.71258
-68.0946
-66.7057
-21.7628
-14.0473
0.989502
-21.4615
-4.06103
13.6973
4.13502
6.23358
8.25052
-1.11145
-12.9892
-1.56622
8.64032
6.95167
-6.52304
-4.29471
-3.34187
11.6443
-5.76747
-0.911758
-1.94911
0.243634
16.1163
13.8609
33.8419
29.0086
35.5229
29.0443
19.11
-108.815
33.2518
22.7742
33.2474
27.0604
16.1837
21.0862
-58.2589
4.521
23.6703
35.6073
-38.5658
-6.29891
-75.0424
4.00815
-3.46638
-5.84305
-7.36669
-34.8467
-17.9836
-73.2
-69.2945
-74.3685
-48.1151
-50.7543
-11.547
-12.1237
-76.4666
-3.09939
-58.2726
-22.1792
-11.9471
-41.2365
-73.2496
-75.2813
-18.3397
-76.0835
-11.4965
-12.9036
-10.3512
-74.3856
-6.52761
-23.8137
28.0643
-75.5002
-12.7023
-14.7832
-4.64608
-74.3963
-16.8425
17.4814
-75.447
-33.1459
-5.87688
-7.75434
-49.3439
-59.312
-12.2058
-6.29134
-13.184
-11.3812
-3.52382
-2.33547
45.8116
-3.93182
-7.40969
-2.80622
-1.10732
2.12643
4.96969
5.9105
-1.63274
2.64778
3.78792
8.52313
4.49567
4.50183
-17.931
-14.8257
3.71802
-1.91269
-1.27792
-3.05317
0.624848
0.365512
12.5402
7.07031
1.37879
3.09481
4.4135
1.74687
3.58275
-2.29262
11.121
16.4458
-76.0706
-31.3174
-78.8387
-0.680661
48.9062
51.249
63.4506
59.3948
61.2175
-40.3008
22.0464
-2.99478
-48.5515
-75.8412
49.9276
-93.5992
-13.9706
-107.068
36.7736
30.4238
16.4656
5.63532
-5.76884
8.32349
10.334
8.5
-30.3124
-141.774
-24.4867
-7.52038
-24.5915
32.3653
17.7564
-34.6547
-33.4313
25.3489
14.2355
-44.8235
-50.2287
-53.3118
-0.830746
2.1519
3.20056
4.43053
-54.0666
19.3606
33.041
6.18757
-36.78
-73.4433
-79.5442
-97.8801
-77.4875
26.6087
27.6809
52.109
2.21547
-3.87373
-12.7503
2.75466
8.05789
7.82055
8.73748
58.8724
-45.882
-7.92686
7.01699
-0.717977
9.63064
0.583335
6.48767
-1.33859
50.388
53.0137
-8.60452
-7.92552
1.92412
12.7494
-72.0845
-12.792
-3.91012
-75.3082
-4.19858
-4.27807
-4.00585
-4.238
-20.8263
-49.045
-4.56125
5.66863
30.5295
7.21196
13.7471
1.86209
-33.284
33.9269
4.50785
7.45311
16.6795
29.6441
24.0883
39.3792
37.5895
26.6564
-37.313
19.1243
11.1591
12.8289
8.74198
14.2934
16.8663
-4.79496
-5.9851
2.46594
-11.7566
-23.7723
10.3741
21.1999
29.6223
-74.6662
37.9922
37.1924
27.5708
30.3911
52.4436
30.9994
35.6067
-26.5829
-84.4035
-7.58306
-4.09031
-34.9961
-45.0743
0.386308
-9.26074
-5.92424
-1.28395
31.9335
21.518
19.0031
22.2678
22.171
31.6391
36.9368
21.3836
15.6622
8.40145
10.7273
3.78605
-0.0629815
10.0223
13.3705
20.4112
27.1859
24.3997
31.0618
-28.0851
-20.3211
-67.2549
-15.0751
-5.83307
-37.8087
-17.747
-1.19453
-96.6996
-6.85254
-26.7196
-35.9107
-5.47788
-61.4835
-7.79696
-7.83207
-69.4554
-33.3499
-15.0154
-26.712
-76.7113
-74.4314
7.70034
8.91199
-46.0022
12.8124
9.32195
20.8117
-75.3278
34.6589
22.6159
17.6882
29.1877
56.9713
-7.88075
33.6961
20.357
3.92316
-30.7541
-7.90769
30.2731
0.12707
13.9068
22.465
30.9206
33.0925
47.2055
17.2653
16.8463
-8.16695
-12.1659
0.819188
-0.292195
19.631
22.3111
15.808
-22.6208
19.7275
22.6679
20.8906
16.4739
-72.1324
-2.09348
-2.39925
1.91624
2.68306
-4.75993
-4.00339
-6.45703
-8.9214
5.78985
-1.98134
-8.38127
-3.80164
-2.97126
-11.4063
-16.376
-14.9893
-19.5457
1.916
2.32917
1.05206
21.59
18.0653
22.2305
10.4149
2.84005
2.53397
8.33314
10.8079
9.53992
4.93943
7.59159
7.13404
7.64651
8.82788
16.8906
16.5004
13.4015
14.454
26.5148
27.7552
31.9172
33.12
31.7043
28.8755
28.3355
-28.0711
-24.7589
3.06346
-36.6506
-23.5142
-7.06499
4.21748
-18.7816
-2.23903
-2.90912
5.34726
-11.9931
-21.1061
-5.39222
-9.98722
-6.62681
-10.0349
-11.3301
40.1773
51.5949
36.8999
57.4049
35.6417
45.9215
37.141
51.4464
32.1226
40.2462
-3.8011
31.4911
44.7103
39.7303
29.3655
28.3103
31.6264
27.9452
-53.2906
-26.4344
7.16857
-0.992655
-66.1262
-0.369796
-8.85687
1.3752
-8.05412
-6.12101
-1.68823
22.0206
18.0767
18.4716
-2.65516
-6.91595
-0.263509
-1.79959
-17.4152
-26.7668
5.39305
29.106
18.0924
19.1121
0.00891622
-5.40519
0.948864
6.98492
-36.3293
19.1948
13.5235
31.2179
-76.166
-52.4176
16.5098
43.1274
43.5094
44.3133
11.4131
13.2995
26.4136
15.2231
13.5905
3.5585
-63.1869
-66.7025
-76.0632
-57.4591
-66.2044
-77.1085
-72.6966
-77.4295
-4.76681
-7.31153
-6.24524
-4.57812
-0.739536
-7.36278
-9.89036
-22.0376
-0.406165
-10.1117
-9.22058
-4.47791
3.00313
1.06769
10.4117
-1.33281
-1.39942
-3.7025
-25.0275
-4.53785
1.90095
-4.55807
-2.99646
15.5697
-25.1377
-4.24426
16.8728
19.5279
7.67009
10.3513
-16.7239
-60.1493
5.35539
20.6676
7.13641
1.68154
-5.66105
-12.0037
39.8388
11.3947
3.64774
10.9721
-0.258469
23.1846
11.4662
25.2542
26.42
12.5778
-29.5829
-28.5435
3.3585
-41.453
-119.265
-86.7933
41.0958
18.9944
-21.8748
-108.525
6.20485
13.3685
-0.317943
43.6461
7.17496
18.1604
11.047
18.2464
-0.650683
23.9163
23.3476
10.5815
10.7672
14.441
-0.597623
20.9919
6.0791
9.74688
8.19284
5.70704
3.61616
8.81059
2.28264
1.73699
4.00367
8.82944
-8.79191
0.546097
0.677964
0.0463046
57.8448
-132.03
29.8721
1.37915
13.8348
-7.67893
-27.1487
11.0379
-13.3126
-27.0763
4.47394
-6.38866
12.8643
-20.9726
-67.2654
5.01028
31.8144
21.9014
25.1674
-2.93337
1.9971
-2.99763
-1.18009
-10.9019
-2.48786
-4.52185
5.55972
7.76655
-18.9723
-10.1731
-64.5861
-8.37629
-27.5153
-10.114
-5.9134
-18.5673
-6.61182
7.10731
13.3597
1.42549
17.5949
26.4037
9.24112
21.5634
7.67062
31.6706
-46.084
-43.0247
-8.5031
-15.032
-20.9386
-50.8564
-5.31329
1.63432
-15.9109
-13.2171
1.8735
-8.72419
-11.0616
-29.8972
-154.593
-55.0047
-75.9436
-37.6345
-69.5656
-73.2451
-20.0403
-12.1574
-1.57884
-7.33328
-3.82649
-5.04788
-14.3073
-56.0097
-68.2975
-41.1864
-17.2843
-77.7753
-67.113
-76.5571
-107.114
-65.383
-69.4351
-71.3938
35.5706
25.3978
-42.9796
-78.2866
-75.2817
-67.0035
10.7452
9.11073
8.8595
22.134
25.6375
22.4775
5.44812
-12.8541
-18.4463
-22.1477
-27.0265
-6.72522
-4.01892
-4.2964
-1.09428
-9.52041
-9.59392
-5.74223
-8.79684
-5.20884
-1.43869
-1.65867
1.40873
0.537023
3.53114
-36.4603
-33.6594
-35.873
-34.4296
33.0447
30.7366
27.1179
15.5991
7.71283
22.3445
23.5018
51.3924
39.9153
39.1699
47.4617
56.1001
53.4235
49.5075
52.1507
-16.4083
-25.3373
-12.8704
-1.2192
2.27963
7.69188
6.93168
33.4416
35.8005
36.9474
27.7536
44.007
-25.6097
-19.0657
-20.4028
31.5725
29.8761
30.3024
10.2278
9.17742
-74.7941
9.46057
10.0416
9.01611
-77.8127
-158.781
32.108
-77.9779
6.32474
5.70686
3.71051
-10.8157
9.14761
5.23139
35.988
-54.9317
26.9097
23.0861
18.7727
-91.8662
5.38886
11.4549
4.4668
-18.6829
47.8206
52.6042
2.94715
3.54284
31.885
15.7484
9.7285
19.3773
20.5443
41.0879
-1.11767
-40.2162
-0.0695122
-39.1098
-34.6769
5.4494
30.5919
-76.3766
48.6027
-12.2452
9.17781
-5.5708
-13.8354
-14.2079
-12.4884
-7.63086
-21.8631
-3.5397
-3.33622
-3.97603
-4.69047
-74.2685
-70.6739
-74.0294
44.9398
15.065
15.0915
13.816
16.5417
9.14198
53.763
47.4325
48.9382
34.948
52.7537
56.3236
39.6726
45.5857
50.5018
35.2141
45.9221
45.5293
-38.264
4.01288
-23.8434
-22.4877
-19.5802
-9.16688
-18.5752
2.27607
-54.2956
-30.5551
-19.3251
1.6238
7.06073
11.3607
-17.8225
-13.9145
5.0726
3.38079
-46.2775
-42.0493
45.3743
-39.6735
-21.6361
52.2381
-7.22486
-11.4067
-6.03609
-6.53526
-5.02458
9.8325
45.5535
53.3909
40.2435
57.3067
39.069
-2.51518
-1.65329
-4.0411
-5.06366
-83.4524
-7.03457
-1.53278
11.956
8.87048
-3.22642
6.70366
45.5909
6.24837
46.7962
22.6549
28.9153
23.4219
26.5858
25.825
10.1432
-0.610547
30.6425
31.6818
50.1685
29.162
-59.3669
5.6972
0.320163
-4.07108
-2.96722
-4.85052
-3.89558
-13.2076
-110.391
17.7091
-7.84019
8.07028
-0.473408
8.88998
-3.59654
4.85187
-3.58325
4.69208
-0.454435
8.97083
2.6669
11.5927
7.05343
-8.52015
-2.4578
2.66288
-61.7126
30.6584
-116.564
-111.743
-22.4608
-27.0791
-69.1718
-71.2516
-4.34981
-12.3587
-9.82511
-18.393
-34.015
-23.5325
40.458
15.1187
18.5631
17.8339
24.0624
33.358
40.5256
42.3552
-12.9738
-9.44397
47.5488
52.1683
11.4993
23.6981
27.7294
23.9496
62.282
-6.0539
30.776
22.5057
12.963
-73.803
18.6037
19.6433
34.5743
30.7813
42.7854
39.7233
-45.6227
26.6846
35.6901
31.0411
31.6761
27.8374
-14.0073
-15.3133
-12.0928
-16.9921
6.08362
6.20717
8.0736
-6.14274
-0.652143
-15.1435
-1.36493
-22.4493
-20.0051
13.0328
13.3493
-6.71047
10.6317
-106.555
-53.5567
-20.2877
-52.7716
24.3417
61.608
50.6505
48.4127
41.4772
-74.4655
-25.0977
-47.517
-52.251
-29.6395
-57.7968
-33.5368
-30.2709
0.151858
-9.3329
-4.51981
-7.0188
-26.7681
-13.8437
-8.69391
-3.20489
-11.4178
7.07376
0.715089
-25.0962
-12.6195
12.732
-18.7268
-3.68338
-29.7593
-18.8121
-32.5997
-24.4383
-93.9073
-29.6582
-45.3336
-38.9988
-28.942
-70.7583
-32.1309
-70.174
-67.8144
-76.2458
-44.3754
-26.7131
-2.24577
-7.38346
11.3742
2.09387
-48.8404
-0.434531
-9.74256
-7.2242
0.946925
-10.447
-4.66779
-4.88054
-13.5207
-66.6297
-48.3674
-34.0586
27.5202
-56.8048
38.3449
-38.588
-69.0538
-29.5378
-68.1521
-10.099
-2.74307
-19.9785
-33.1823
12.6935
4.91897
37.1574
-21.2424
28.1784
0.422689
7.06754
-18.6392
-17.0732
13.6003
-63.8455
-18.5597
-58.1395
8.62688
-8.29606
15.391
1.01325
7.22982
32.5333
14.645
-13.5258
17.328
10.8281
12.9512
2.5773
-4.89703
2.04281
6.0806
13.0341
20.9265
1.48853
3.122
25.9408
24.2792
18.8159
57.8591
5.51572
42.1316
2.62003
-4.17202
16.3363
3.40163
6.0083
4.2174
20.6384
8.365
15.1587
-7.93283
12.1121
-5.4625
-0.108116
-0.689732
14.8714
10.5967
-23.1873
-11.3903
-11.0566
40.9406
23.6145
31.4723
8.8685
17.3663
30.7171
-2.50271
0.221003
-0.00543915
2.07271
3.65629
-8.52844
-50.4307
-24.2796
-16.7707
15.5718
29.4387
20.9242
0.411211
-44.45
-27.542
28.2056
12.2241
-5.43012
5.87145
22.1529
28.618
-87.1724
23.4754
-25.3962
19.0728
13.4639
1.08487
-120.871
11.9899
18.5223
16.4622
19.9656
42.527
30.9914
14.4393
6.10404
6.89275
-14.7415
-48.9586
25.9912
10.3129
9.55451
8.85199
10.5504
-14.9563
-7.76345
-18.9923
-3.76227
-41.0413
-12.4798
-8.92162
-46.4593
-21.9751
-0.301974
-45.7361
-117.903
-14.5784
-27.1431
-14.6825
-25.3338
-10.8349
-74.7496
-73.7245
-74.231
-74.7759
-70.1968
-62.7164
-68.9185
-2.33069
-14.0302
0.939309
-1.46437
-5.15453
-15.3929
2.57057
-18.9661
-18.8339
-19.0346
0.102169
-53.7579
-10.1476
-9.70248
-59.5172
-29.6602
-41.8244
-44.5567
-43.3265
13.5381
2.06659
3.30306
1.10849
-59.7216
-66.1684
-73.0217
-24.8509
-35.8701
-76.0292
-15.4618
-55.5697
-53.2217
-15.8337
-5.89258
-13.1169
-11.8195
-11.613
-23.0377
-51.1604
-69.2463
-41.679
-74.5658
-46.4628
-10.0519
-11.2579
1.8911
3.07154
0.0429041
-4.1837
9.41325
-8.16577
-0.710873
-0.428461
6.46719
-0.691021
32.3782
40.8642
51.5811
-64.3504
-62.031
-50.6616
-39.0185
-41.223
-76.606
-76.5065
-75.7963
-76.7605
-4.23219
-97.8079
-16.2616
-13.461
-13.7716
-12.2957
-8.10861
-10.7998
-63.8588
-45.7691
-7.41356
-12.0453
-54.4879
-63.0596
17.6119
-53.5078
52.9186
56.2449
53.4926
-23.1397
-61.3943
-33.8837
35.9241
61.8318
34.7699
21.4884
-71.3321
-74.4299
-68.3203
32.7044
21.2826
19.2386
20.1118
16.9316
15.4869
29.1605
22.7842
-3.12581
5.7244
4.69578
12.2519
13.9031
14.0827
-16.3982
-5.24512
-32.8689
-48.682
5.10869
-1.60606
-5.28896
-4.01085
3.96454
-0.834779
-3.06594
-42.7025
-49.1947
-11.207
-24.5369
-33.0578
11.5093
10.897
9.75972
28.7818
2.39332
-2.00529
37.483
36.4988
30.5031
42.6399
-4.86991
5.57675
-3.33587
3.2519
-3.89432
-2.87058
30.9453
6.24285
6.19991
3.43242
14.9926
1.25439
2.81773
4.26999
3.79039
-2.11466
6.88906
3.02849
5.21073
-2.60973
-2.56359
-0.304265
4.85355
10.9881
6.15787
5.75777
4.21099
11.2106
21.817
-2.0291
19.2031
4.69121
8.51385
8.94132
1.05429
8.13051
29.7255
-4.09462
-10.2682
-9.53772
15.0788
12.6442
21.455
16.8441
47.4141
44.2478
9.87221
-34.7321
-131.744
17.2348
4.24689
-22.3264
8.41615
-2.56319
-19.9019
-49.5566
-84.0574
-55.7546
-54.7569
27.0831
30.9971
28.1309
21.9342
-6.84777
-6.59868
-7.6903
-10.6343
-6.26706
14.1273
-4.55707
-20.8233
-8.25695
-39.9143
13.6026
19.3612
-18.5428
-2.36106
6.8324
-5.13925
-41.5122
-35.986
-37.6369
13.4622
-64.0776
-58.8849
-53.0129
-14.2993
-6.45752
-10.5418
-23.1665
-5.46197
-6.16562
1.5838
-4.77187
-7.66995
-7.57828
-22.5311
-11.9447
-14.9119
-67.0634
-11.0497
-42.3754
-0.965657
8.78309
-2.50447
14.083
-15.9137
-10.3609
-17.5793
-35.5552
-32.6185
-25.109
-12.4788
-9.83178
-11.3909
-8.10219
-8.1057
-6.22873
-7.95166
-6.6753
-8.62926
-14.4381
-62.2005
15.0891
-48.1845
-40.6596
12.6742
9.03064
-54.4389
-45.8529
-63.6596
-31.3896
-65.1134
36.0779
36.8406
38.0395
54.6408
55.287
-50.923
-28.0212
-47.8193
-15.9636
-3.43497
5.55622
-20.7199
-58.9375
-47.7731
-24.4915
-9.58281
-3.77056
16.2219
44.8128
34.7493
31.8065
40.654
14.7668
24.9165
23.6809
22.3765
31.9458
37.3077
-9.43786
5.88294
-15.1516
-4.30215
10.7874
41.4494
34.3989
41.0046
20.0895
49.7149
45.1636
42.7277
52.892
25.6794
34.8246
32.1887
36.1581
-2.4387
-9.26221
-62.8815
-2.30687
-11.7554
-14.2348
-7.72786
-24.8328
-6.00919
50.9202
-8.89045
7.82576
12.1352
9.72233
2.10712
7.48248
0.618921
1.78715
2.8522
3.21189
5.77116
48.0816
39.1579
54.4827
45.1278
52.3779
4.12019
0.879719
-2.82141
-9.65759
9.50183
2.14143
1.14704
-7.1623
-15.4681
1.56664
-3.66239
3.39294
-10.7425
44.7649
-23.942
-36.3839
51.0169
21.735
40.163
)
;

boundaryField
{
    outlet
    {
        type            fixedValue;
        value           nonuniform List<scalar> 0();
    }
    walls
    {
        type            zeroGradient;
    }
    inlet
    {
        type            zeroGradient;
    }
    model
    {
        type            zeroGradient;
    }
    procBoundary9to6
    {
        type            processor;
        value           nonuniform List<scalar> 
131
(
34.0464
12.2655
20.1519
18.0605
9.48714
22.888
28.3775
5.5432
10.5441
13.7765
11.5983
11.3565
32.1659
17.7577
13.7632
10.8412
16.6768
19.0641
11.848
9.3472
6.04103
20.5219
15.3243
8.31471
11.4361
10.9145
8.6238
8.30325
6.1272
43.56
7.66946
12.6264
9.27054
10.9581
26.9975
27.0223
8.98517
8.15441
37.2779
20.0206
24.9048
14.2397
40.4821
23.1587
-65.4389
6.38659
7.79966
11.8709
13.9014
55.4631
15.2289
14.7813
16.877
20.0534
22.3463
18.8339
6.83355
13.2272
24.9048
46.6466
8.56169
7.88501
15.0302
16.7185
31.331
49.5773
20.5051
4.62164
28.0676
14.8957
7.62924
9.98823
13.2544
42.5366
14.82
5.37537
51.9008
12.6916
21.8288
32.3623
4.72208
9.46298
28.9346
5.96865
57.4779
17.1323
8.28973
12.0968
9.45561
15.2028
19.7374
17.7414
-25.4051
24.1961
60.8041
31.5123
26.8803
13.7757
10.6803
13.6278
8.20804
17.0459
13.143
7.41321
59.6259
7.04168
54.4933
13.5543
23.6308
23.2738
21.1546
25.6237
26.3249
20.5051
24.371
20.6776
18.7254
13.7358
11.3829
21.5888
20.951
34.1373
25.9702
12.2173
10.7866
6.61184
9.07902
12.4645
6.8175
12.995
5.95273
)
;
    }
    procBoundary9to8
    {
        type            processor;
        value           nonuniform List<scalar> 
43
(
3.55918
-7.08978
-7.08978
6.51961
43.4123
-36.8812
-16.46
34.6446
-3.98547
5.71798
59.1324
-69.0289
19.8551
24.3564
-26.3762
60.5028
-10.5988
46.2077
-15.0266
29.7308
48.2333
37.6673
8.67667
-7.40123
-5.37669
10.4353
22.6526
-13.0147
1.66356
-27.2488
16.8833
-45.7345
58.102
57.5022
-53.39
45.6328
-15.4674
16.4053
-0.986706
-21.3248
13.9397
-7.0751
35.3845
)
;
    }
    procBoundary9to10
    {
        type            processor;
        value           nonuniform List<scalar> 
120
(
-4.332
-78.9475
-78.7575
-79.1106
-77.0811
-5.36506
-78.5306
-2.11827
-76.0494
-76.0494
-30.9122
-42.2286
-54.341
-58.4347
-71.0905
-79.4994
-66.1707
-79.6931
-75.2629
-70.6874
-76.7736
-76.2767
-21.0904
-76.8906
-3.65951
-40.8101
-32.6922
-4.5283
-10.6006
-76.1628
-74.8813
-77.5931
-76.5595
-49.7884
-61.5801
-61.5297
-58.2114
-37.6367
-73.3643
-26.7496
-77.9846
-77.9846
-76.5435
-6.77698
-80.3282
-23.6046
-30.0738
-59.0798
-71.9204
-67.1594
-22.3797
-23.3411
-76.3551
-73.2852
-57.8394
-18.9322
-64.8036
-64.8036
-13.1
-61.3053
-6.92663
-37.7719
-24.1532
-9.49819
-56.4155
-8.03917
-71.8861
-77.8669
-67.6725
-13.3333
-56.2675
-41.4053
-77.4189
-43.4471
-2.11827
-65.6324
-68.1426
-76.1378
-10.7568
-79.2724
-6.51153
-42.064
-63.7987
-26.982
-13.2711
-18.0311
-45.4533
-76.5595
-77.7304
-24.5143
-59.0798
-72.8954
-27.5804
-33.0622
-73.7062
-74.505
-9.52201
-9.52201
-12.91
-12.91
-73.7062
-66.8976
-80.3282
-79.6699
-4.11573
-76.8369
-60.6897
-4.02501
-27.496
-70.5393
-6.77698
-76.8835
-84.1132
-75.2629
-23.4444
-59.7078
-59.7078
-53.4537
-77.9323
-53.6465
)
;
    }
    procBoundary9to11
    {
        type            processor;
        value           nonuniform List<scalar> 
138
(
-2.70977
-0.971933
-60.5557
-5.03825
2.16335
-2.48782
3.60572
-0.883396
8.20214
9.85795
4.17941
-126.83
-61.409
-61.409
-11.5032
-2.57352
4.28465
4.38261
0.0357876
1.87913
-11.9651
3.93397
0.211333
1.55292
-9.7271
-3.4295
-21.6131
10.7695
1.23338
-6.69241
2.20539
1.99411
3.39423
-29.71
-29.71
-2.52117
-1.36039
0.86822
-0.883396
-3.06722
12.4595
-55.6538
11.4296
10.8888
-15.7719
-12.5099
-3.23354
-3.20835
1.78099
-6.80361
-4.00936
1.71181
-35.9716
-14.9211
3.70233
8.09581
8.45708
-5.20279
2.77708
1.25991
10.6269
-26.2776
-39.4846
-31.19
2.03006
-23.7146
-1.154
4.23611
-5.11135
10.8014
2.91638
4.49845
22.847
-30.1355
0.288893
-8.90943
-14.4212
-49.6708
-4.78786
-0.729964
-12.7558
-6.0559
-5.6486
-4.84314
-4.33535
-5.89053
5.91814
-149.622
-1.04936
3.80691
-0.221521
12.376
-16.4213
-9.53818
-2.26542
-16.9321
3.39531
-3.98867
-6.34468
0.0279411
1.57336
-3.85556
-7.03524
-8.52239
0.315044
-1.64274
9.40355
3.99619
12.6092
7.57491
-4.33535
-17.3249
-6.69241
-10.9122
5.54558
1.34473
-1.31893
-0.476976
-7.54289
-151.353
-8.9697
10.9557
-4.76439
-18.4638
-2.23646
0.832997
4.54456
1.57336
-56.0683
-62.0457
10.3007
10.0556
-11.0706
-1.54861
5.72476
-9.84323
-16.5416
-6.16081
)
;
    }
}


// ************************************************************************* //
