/*--------------------------------*- C++ -*----------------------------------*\
| =========                 |                                                 |
| \\      /  F ield         | OpenFOAM: The Open Source CFD Toolbox           |
|  \\    /   O peration     | Version:  2506                                  |
|   \\  /    A nd           | Website:  www.openfoam.com                      |
|    \\/     M anipulation  |                                                 |
\*---------------------------------------------------------------------------*/
FoamFile
{
    version     2.0;
    format      ascii;
    arch        "LSB;label=32;scalar=64";
    class       surfaceScalarField;
    location    "0.0882685";
    object      phi;
}
// * * * * * * * * * * * * * * * * * * * * * * * * * * * * * * * * * * * * * //

dimensions      [0 3 -1 0 0 0 0];

oriented        oriented;

internalField   nonuniform List<scalar> 
7606
(
0.000342349
-0.000568186
0.000237106
-1.12692e-05
-0.0020164
-0.00361164
1.98723e-05
0.00560817
-0.035328
-0.00275571
0.0345066
-0.000257856
-0.000277753
8.2583e-05
0.000453026
0.000590386
-0.000229836
0.000190633
-0.000551184
-0.00259246
-0.00640961
-0.00224211
0.0112442
0.000254856
7.76749e-05
0.00120978
-0.00127672
0.020316
0.00837449
-0.0194011
-0.00928941
0.00140384
-0.00372134
-0.00995237
0.0122699
0.00165125
0.00535966
0.0127652
0.00129114
-0.00443285
-0.000513554
0.00365526
-0.00165903
0.00105659
0.00145216
-0.000849722
-0.00181747
-0.00043698
0.000595422
2.86651e-05
-0.000663882
-5.78324e-05
0.000693049
0.000579725
0.000212347
-0.000358472
-0.0004336
0.000269392
0.00040017
-0.000664138
-5.42392e-06
-0.0179132
0.0108408
-0.00249207
0.00956445
0.000650158
0.000597671
-0.000438819
-0.00080901
0.00126176
-0.00165553
0.00875607
-0.00836231
-0.0084037
0.00983933
-0.000173873
-0.00169897
0.000830118
0.00128509
-0.000583125
0.00383045
-0.0444889
0.00308793
0.0038961
0.000280186
-0.00726422
0.00691359
-0.00120752
-0.005117
-0.000589066
9.08533e-06
0.000107952
-0.000174478
5.74413e-05
-0.00635441
0.00807455
0.0013678
-0.00290061
0.00748852
-0.000389723
-0.00419819
0.0230046
0.00926227
-0.000604756
-0.00221249
0.00257475
0.000242497
-0.00358483
0.00251683
0.00259361
-0.00152561
-0.000642289
-0.00129066
0.00189452
3.84214e-05
0.00113933
-0.00046794
-0.000974916
0.000303525
-0.000588196
0.00208555
0.0023955
-0.00389285
0.00128814
-0.000316853
-0.000430758
-0.000540532
-0.0104046
0.0045052
0.00219415
0.00370529
0.000175544
0.000111157
-0.000286701
0.000558866
0.000140905
0.000653379
-0.00135315
1.12889e-05
-4.33869e-05
0.000351749
-0.000319651
0.000547546
5.74611e-05
0.000185951
-0.000790959
0.000508061
-0.000506663
7.90126e-05
-8.04112e-05
0.00242558
0.000876079
-0.000847271
-0.00245439
-0.00075598
0.000169847
0.00122216
-0.000636029
-0.000225119
-0.0011505
0.000619639
0.00242726
0.00262553
-6.75835e-05
-0.0049852
-8.33718e-06
-0.000716723
0.000894907
0.000191454
9.23273e-05
0.00097688
-0.00126066
0.000675385
0.000738231
-9.80052e-05
-2.8717e-05
6.08378e-05
6.58844e-05
-0.000111384
0.000115743
0.00018355
-0.000187909
-0.0040314
0.000707669
0.000156706
0.00316703
-0.000158474
-5.09149e-05
-0.000159205
-0.00044772
0.0004752
0.000131726
6.88698e-06
0.000119715
2.63944e-05
-0.000152996
0.000400071
0.000157202
-0.000550386
-0.000150823
0.00049102
7.86938e-06
-0.000348066
0.0051177
0.00867391
-0.0088907
-0.00490092
-0.001121
-0.00278737
0.00251068
0.00139768
0.000351294
-0.000321324
-0.00010225
7.22799e-05
0.0133847
-0.00233115
-0.00725846
0.000814997
0.00469836
0.0015784
-0.00709175
0.00204766
0.00287534
0.00171851
-0.0277905
0.0271414
0.000649022
-0.00277866
-0.000700099
0.00264307
0.000835689
-0.000314325
-0.00301933
0.000555001
0.000266483
0.0012051
-0.00127989
-0.000191692
0.00294608
-0.00415273
0.0100261
-0.00881943
0.00148804
0.00625686
0.00254625
-0.0102911
-0.00356524
-0.00146833
0.00231657
0.002717
-0.000222437
6.07164e-06
-0.000121734
0.000338099
0.00352081
-0.00366037
0.000217311
-7.77497e-05
-0.000648789
0.000305969
-0.000401067
0.000743887
0.000417776
-0.000142116
-0.00030718
3.15204e-05
-0.00250496
0.00292296
-0.0123609
0.0119429
-0.017626
0.012697
0.00650633
-0.00157734
-0.00387997
-0.00718649
0.00205175
0.0090147
0.0125511
0.0146881
-0.00782715
-0.0194121
0.00132767
-0.003849
0.00250446
1.68641e-05
0.000159597
-6.00096e-05
-0.000130356
3.07683e-05
0.00245672
-0.000422591
-0.00263888
0.00055011
-5.80032e-05
0.000376019
-0.000868126
0.000478042
0.000225536
-0.000153468
-0.00505343
0.000229896
0.00674845
-0.00192492
-0.00694525
-0.00496358
0.0136316
-0.00172275
-0.000433242
-0.000238494
0.000121779
0.000549958
-2.58696e-05
7.06693e-05
-0.000638283
0.000186114
0.000479733
-2.75635e-05
0.000582904
-0.000332758
-2.46097e-05
-0.000127026
0.0026551
-0.000307035
-0.00222104
0.0288725
-0.00629976
-0.0126046
-0.00996814
0.00271462
-0.00432907
0.00276546
-0.00115101
0.00393149
-0.00574537
0.00243896
-0.00062508
0.00132865
0.00219319
-0.00119396
-0.00232788
0.000542098
0.00603853
-0.00612625
-0.000454382
-0.00306849
-7.40433e-05
-0.00963413
0.0127767
-0.00137742
-0.00321216
0.00394726
0.000642321
-0.00408336
1.82522e-05
0.00229817
0.00176694
0.000480622
-3.65022e-05
-0.000124554
-0.000319566
-0.0104764
0.000304055
0.00993903
0.000233317
-0.000227024
0.00129283
0.00476083
-0.00582663
-0.000565636
0.0088838
0.000221779
-0.00853994
0.00737563
0.00044813
-0.00889077
0.00106701
0.00236583
-0.00157467
0.00304204
0.00233667
-0.00522594
-0.0025332
0.00542248
0.00237334
3.69119e-05
-0.00323358
0.000823326
-0.000505115
0.00275566
0.000630171
-0.00288071
-0.000599263
0.00179908
0.002134
-0.00333381
0.0146866
-0.00680462
-0.00426032
-0.00362166
-3.47495e-05
-0.00017628
0.000237041
-2.60112e-05
0.00544209
-0.00510956
-0.00195016
0.00161763
0.00214795
0.00108623
-0.00502834
0.00179416
-0.000639199
0.00206567
-0.000837815
-0.000588659
0.0662645
-0.0363705
-0.0255937
-0.00430026
0.000387252
0.00280638
0.000572892
-0.00376653
0.000692859
8.77854e-05
0.00016121
-0.0115213
0.01351
-0.000264397
-0.00172436
-0.00364664
-0.000545216
-0.000167956
0.00435981
0.00235111
-0.00105039
-0.000691071
-0.000609653
-0.00215247
-0.00115215
0.000278315
-7.17413e-06
-0.000271141
-0.0038807
0.000643761
-0.00183924
0.00776048
0.00359601
-0.00634835
-0.00500814
0.00319346
0.00182109
-0.00328282
-0.00173173
-0.0008709
0.00158796
0.00232362
-0.0022784
-0.00215701
0.00211179
0.00606251
0.00199064
0.00121424
-0.000875169
-0.000606225
0.00383251
0.00126606
0.00105083
0.000319869
-0.00263675
3.12493e-05
-0.000703254
0.000374491
0.000297513
-0.00334627
-0.00303674
0.00229966
0.00314297
-0.00125123
-0.000718765
-0.00117297
0.0337408
-0.00744554
-0.00915795
-0.0171373
-0.000634789
0.00146968
-0.000169144
-0.000665746
-0.000797926
-4.71113e-07
1.54791e-05
0.000782918
-0.00842438
0.00838438
-0.00284476
0.00288475
9.96534e-05
-0.000863811
-0.000112525
0.000876683
-0.00366247
0.00202479
0.00246996
-0.000832279
0.00214175
-0.000570454
-2.05854e-07
-0.00157109
-0.000178221
-0.00192789
-0.000362569
0.00246868
0.00429181
-0.00517252
0.0110842
-0.0102035
-0.000817274
-0.000160279
2.45647e-05
0.000952989
0.00108663
-0.00548385
-0.00190915
0.00630637
-0.00962356
0.0155097
-0.0109444
0.00151179
0.00252046
0.000586288
-0.00461854
-0.0010197
0.000618073
0.000619973
-0.000218351
0.00449688
-0.00459114
-0.00318922
0.00328348
0.0149032
0.00300112
-0.0164511
0.000821156
-0.00084486
-0.00198027
0.00200397
0.00199328
0.000779497
-0.002393
-0.000379774
-0.0144788
0.00139268
0.0152646
-0.00217843
0.00365113
0.0009182
0.00673685
-0.0113062
0.0275457
-0.0291834
0.00163768
-0.00272059
0.00231295
0.00294587
-0.00253823
-0.00141983
-0.000865262
0.00154251
0.000742584
0.00252007
0.00887177
0.00753195
-0.00137635
-0.00191755
0.00469659
0.0068424
-0.0106107
-0.000928301
-0.00160359
-0.00342652
0.00329167
0.00173844
0.00292028
0.0014958
-0.00315003
0.000868942
0.00267099
-0.00487337
0.00133343
0.00431502
-0.0019395
-0.00439677
0.00202125
-0.00193452
0.0034219
-0.00113347
-0.000353911
0.00973719
-0.00854661
0.00311264
-0.00430322
0.0021212
-0.0106727
0.0117677
-0.00321619
-0.00014264
-0.00573407
0.0109944
-0.0107445
0.00932983
-0.00553055
0.000831182
-0.00181051
0.000970876
8.45684e-06
-0.000390659
0.000143432
0.000702003
-0.000454777
0.00172858
0.00588643
-0.00466893
0.000263201
0.000602322
-0.00417259
-0.000786502
0.00441822
0.000540864
0.0196478
-0.00843352
-0.0241528
0.0129385
-0.0238545
-0.029611
0.00735758
0.000494007
0.000236808
-0.000296267
-0.000434548
-3.38981e-05
6.96562e-05
7.80051e-05
-0.000113763
0.00183571
-0.00528152
-0.00614286
0.00958867
-0.00645259
-0.00165514
0.00248092
0.00562681
0.00302315
-0.000431004
-0.00486661
0.00227446
0.0129497
-0.0252502
0.0319483
0.00166605
-0.0037742
0.00361994
0.00173982
0.000441325
-0.00253524
0.000354098
0.000257498
8.32926e-05
1.05044e-05
0.00314608
-0.00279556
-0.00143046
0.0025502
-0.00301514
0.00192751
-0.00146256
-0.00715583
-0.00183609
0.00595562
0.00303629
-2.05238e-05
0.00240821
0.00080578
0.00147617
-0.00294938
0.00183631
-0.000363097
0.0360761
-0.0266792
-0.00410004
-0.00529692
0.000492399
0.0030025
-0.000528699
-0.0029662
-0.0427756
-0.00727796
-0.0031464
0.00505974
-0.00312448
0.00121114
0.00393143
0.000284427
-0.00385698
-0.000358873
0.00144774
-1.22749e-05
-0.00991814
0.00848267
-0.013366
0.00931188
0.00387782
0.000176306
0.00169397
0.00288302
-0.0125492
0.00797223
-0.000848634
0.00199615
-0.00451802
0.0033705
-0.00164777
0.011867
-0.00214823
-0.0021509
0.00326551
0.00103362
0.00422559
-0.000668302
-0.00457446
0.00101717
0.000748446
0.00266571
-0.000668834
-0.000606452
0.00322171
0.00161033
0.00126269
-0.00311307
0.00961086
0.000252782
-0.000415696
-0.000304229
0.000467143
0.00709337
-0.00115602
-0.00519579
-0.000741558
-0.00153997
-0.0028429
0.00266977
0.00171309
0.008276
-0.00961579
0.00240191
-0.00106212
-0.000239913
0.00132257
-0.00246008
1.40751e-05
0.000255969
3.53371e-05
-0.000305381
-5.69553e-05
-0.00120092
0.000238182
0.00180591
0.00230196
4.46821e-05
-0.0045324
0.00273107
0.00340219
-0.00160086
4.52079e-05
-0.000109888
7.37655e-05
0.00127982
0.00240271
-0.00408338
0.000400844
0.00196853
-0.00285383
-0.00132719
0.0121546
0.00380572
-0.031246
0.0152856
-1.9436e-05
0.000177896
-0.000361192
0.000202732
-0.00192653
0.00287069
-0.0134428
0.00092624
0.000510625
-0.00175683
0.000319967
0.00022986
-0.000121631
0.000284478
-0.000392707
-0.0128572
0.00877824
0.00836121
-0.0042823
0.000176658
-0.000155674
-0.000411643
1.62158e-05
0.00351419
-0.00196001
-0.00157039
-0.00378805
0.00466069
0.000261486
-0.00113413
-0.0126023
0.012616
0.0041274
-0.00414108
-0.000357775
-0.00196602
-0.0041288
-0.0113895
0.015958
0.0149071
-0.0194756
0.0167659
0.00072326
-0.0094524
-0.00277667
-0.00836491
0.00964691
0.00149467
3.37596e-05
-0.0137039
0.00199006
-0.00133293
-0.000440776
-0.000216351
-0.000369321
0.000715016
0.000511774
-0.000857469
-0.000475425
0.000751086
9.01787e-05
-0.00036584
-0.0043935
-0.00222026
0.00156033
0.00207667
-0.00398917
0.00278144
0.00111261
-0.000920628
-3.54227e-05
0.000327156
-0.000398549
0.000106816
-0.00147799
-0.00266387
-0.00426184
0.000642942
-0.00485083
0.0069992
-0.00279131
0.0097865
0.00289756
-0.0109901
-0.000229043
-0.000167639
0.000396681
0.00377265
7.50965e-05
-0.00554831
0.00170056
-0.00514115
-0.000282694
0.00508945
0.00033439
-0.00902547
-0.00621868
0.0203496
-0.00510541
0.00459394
0.000674169
-0.00552782
0.000259706
0.000249081
-0.00185092
0.00270719
-0.00110534
-0.0118554
0.000445956
-0.0155756
0.000524507
0.000572294
0.00281501
-0.00245873
0.00106205
-0.00141834
0.00115026
0.00519651
0.00703793
0.00515184
0.00195952
-0.00897431
0.00186295
-0.000847567
-0.00268726
0.0048674
-0.00133257
-0.00441188
-0.0031681
0.00291668
0.0046633
0.0128904
0.00539767
-0.00199783
-0.0162902
-0.00290933
0.00523214
-0.00458608
0.00226327
0.00125372
0.000247606
-0.00059701
-0.000904316
-0.00151139
0.00271382
0.00127384
-0.00247627
0.00228994
-0.00206363
-0.00152404
0.00129773
8.44528e-06
-4.0734e-05
-1.60935e-06
-0.00293033
-0.000264935
-0.000467207
0.00639055
0.00208111
0.00223299
-0.0107046
-0.00199996
-0.0012059
0.00139167
0.00181419
-0.00246145
0.000202089
0.00237834
-0.000118981
0.00565547
-0.000710223
-0.00148415
-0.00346109
-0.000107114
-0.00031505
0.000422164
0.000655546
-2.64684e-05
-0.000210853
-0.000418225
-0.00116405
6.30279e-05
-0.001894
0.00299503
0.00126862
2.66806e-05
0.000814952
-0.00211026
8.94775e-05
-0.00396553
0.00029122
0.00156938
-0.000716801
-0.000244284
-0.000608299
0.000423346
0.000337079
-0.000534004
-0.000226421
0.000289798
-0.00260872
-0.00124633
0.00179224
0.00254057
-0.00170939
-0.00262342
-0.0282976
0.000164575
0.000894645
-0.000914519
-0.000144701
-0.00156175
0.000403959
0.00188856
-0.000730764
0.00583087
0.00048285
-0.00355189
-0.00276182
-0.00164786
0.000865362
0.00103081
-0.000248312
-0.00219
0.00129968
0.00111828
-0.000227964
-0.00249342
0.00430587
-0.0018467
3.42518e-05
0.000130952
0.000485211
-0.000130633
-0.000485531
0.00267098
-0.000392736
-0.0024558
0.00286315
-0.00250589
0.00209854
0.000309818
0.000167582
-0.000330623
-0.000146778
-0.000460546
-0.000376836
0.000737376
0.000100006
-0.00206022
0.00656431
-0.00427419
-0.00210847
0.00194513
0.00265389
-0.00249056
-0.00295329
-0.00124607
0.00384158
-0.00197992
0.00239655
0.000864992
-0.00128163
0.000565578
-0.00090273
0.00200499
-0.00166784
-0.0055671
0.0023594
-0.00462622
0.00783393
-0.00183888
-0.00184521
0.00122265
0.000974834
-0.00100952
0.00415377
-0.000556708
-0.00123442
0.000742192
0.00104893
0.000592953
-0.000606834
-0.00124376
0.00125765
0.00152497
-0.000789631
-0.000110551
-0.000624787
1.96212e-05
0.0025566
-0.00297397
0.000397747
-0.0010031
0.00017614
0.00215561
0.000898034
-0.000835767
-6.22671e-05
0.00268548
-0.000853503
0.000309766
0.000237331
0.000226334
-0.000432416
-0.000124835
-7.33415e-05
-0.000126902
-0.00041872
0.000189678
-0.00679994
-0.0129061
0.00710373
0.00308955
0.00153509
-0.00335602
-0.00607725
-0.00262843
-0.0084927
0.00830901
0.000361532
-0.000177844
-0.0110411
0.00286047
0.00608823
0.00209243
0.00353576
0.000300515
-0.00334388
-2.98845e-05
0.000850006
0.00245334
0.00562875
-0.00748179
-0.000600298
0.0132084
-0.000293524
-0.00635737
-0.0065575
-0.00183511
0.00440885
-0.00269042
0.000116682
-0.00141541
-0.00127388
0.000233495
0.00101898
-0.00104144
0.000948695
0.00112644
-0.0052052
0.00134497
0.00273379
0.00454598
-0.0196397
-4.64183e-05
0.0151401
-5.39187e-05
0.000935382
-0.000231305
-0.000293587
0.000248107
0.000214605
-0.000169125
0.00125297
-0.000275346
-0.000330097
-0.000647528
0.000661476
0.000750729
-0.000120337
-0.00129187
-0.000659903
-0.000465686
0.00103956
-0.000578026
-0.0010838
0.000601196
0.00106064
-0.00157821
0.00101823
0.00277857
-0.00221859
0.00015677
-0.000157738
-0.000248425
0.000249393
-0.00584908
0.0104475
0.00391118
-0.00850961
-0.00530879
0.00719013
-0.000794712
0.0147221
0.000384821
-0.00532038
0.00511411
0.00981538
0.00343621
0.00153566
-0.00788121
0.00402375
-0.00330848
-0.00156284
-0.000257369
0.000242178
0.000503448
-0.000488257
0.000578158
-0.00058987
0.000281103
3.67284e-06
-4.24319e-05
0.00259574
-0.00274748
0.00195765
5.87827e-05
-0.000200844
0.000142062
-0.000276621
0.00639967
-1.13735e-05
0.000330274
-0.000318901
0.00147199
0.00225735
-0.00240167
0.000357349
-0.000171401
-0.000131619
-5.43295e-05
-7.20404e-05
0.000505064
-0.00046765
3.46261e-05
-0.000115303
0.000306047
9.72364e-05
-0.00028798
-0.00182385
0.0013499
-0.00244206
0.00291601
0.00015439
0.000541076
-0.000725822
3.0357e-05
0.000744936
-0.00262807
0.00221862
-0.000335488
0.00112396
0.00396403
-0.000280723
-0.00480727
-0.000718738
-0.00334081
0.000713272
0.000587062
-0.000709356
-0.000831794
0.000954089
-0.000126009
4.37229e-05
-0.000187367
0.000269653
0.000771507
-9.59649e-05
-0.00167864
-0.00106201
-0.00066042
0.00283182
-0.00110939
-0.00573172
0.00295924
0.0128672
-0.0100947
-0.00044775
0.000557621
0.00169045
-0.00180032
-0.000751463
0.00208872
0.00047176
-0.00180901
-0.000617254
0.000196518
0.000734091
-0.000313355
-0.00197115
0.00329703
-0.00041724
-0.000908644
-0.00353359
0.00727165
-0.00958715
-0.00457379
-0.0146034
-0.00195814
0.0211353
-0.0013411
-0.0224153
0.0201396
0.00361677
-0.0090711
-0.0141543
0.020633
0.00395391
-0.000820756
-0.00166116
-0.000535761
-0.000240144
-4.13688e-05
0.00461138
-0.0018999
0.00106138
-0.00377286
-0.000353329
0.000311292
-0.000210847
0.000252884
0.0015967
-0.00152999
-2.81999e-05
-3.85104e-05
0.00339734
-0.00172767
0.0130169
0.00143786
0.000267307
0.00196145
-0.00612498
0.00799421
0.00452132
-0.00367111
0.0044536
0.0047069
-0.0054894
0.00504861
0.00150532
0.00202587
-0.0085798
0.00259502
-0.00770941
0.00836387
-0.00324948
0.00426393
-0.0140586
0.0036697
-0.00135985
0.00136657
0.00398795
-0.00399467
0.00490592
-0.0074795
0.00121372
-9.54062e-05
0.000702904
0.00364942
-0.00425692
0.000564254
-0.00401754
0.00335788
0.00354979
-0.003303
0.00045611
-0.00239412
0.00131125
0.0017044
-0.000621533
0.000503066
-0.00218446
0.00224565
0.00135154
-0.0010276
-0.00486124
0.0045373
0.0269856
0.0208484
-0.0356794
-1.89312e-05
-0.00248141
-0.000192371
0.00269271
-0.00148493
-0.00117208
-0.000590471
0.00324748
-0.00277985
0.00290206
0.00130754
-0.00142975
0.0044672
7.40842e-05
-0.00456021
0.000228161
-0.000285666
-0.000591284
-0.000111538
0.000807997
-0.000468298
0.000422437
0.000376573
-0.00051469
-0.00028432
-0.000106475
0.00020814
0.000368343
-0.000470008
-0.00112201
0.000997865
-0.000161519
0.00146416
-0.000523739
0.00160912
-0.00254954
0.00310376
0.000451465
-0.00209106
0.00209726
-0.00552796
0.00426859
-0.000837893
0.00260499
-0.00172196
-0.00236796
0.00154009
-0.00298329
0.000919462
0.0090566
-0.00357369
-0.00544075
-4.21601e-05
0.00405346
0.00511536
-0.000112215
0.0045869
0.00236352
-0.00464265
-0.00230777
0.00743537
-0.00482951
0.00198104
-0.00229059
0.00615227
-0.00010742
2.90706e-06
2.22069e-05
8.23065e-05
-0.00264005
-0.000437185
0.00561205
-0.00344905
-0.00220516
-0.00119977
0.00613942
0.000672398
0.00120743
-0.00231159
0.0022306
-0.00201683
-0.00126476
-0.00192361
0.00206768
0.000973025
-0.00469154
0.00165083
-0.000899419
0.00120365
-0.00105957
0.000755334
-0.00101377
-0.00210039
-0.000704143
0.00381831
-0.000203509
7.86748e-05
0.0033908
-0.00826975
0.00038092
0.0102255
0.00622454
-0.00493924
-0.00955505
0.00292526
0.00225594
0.000232326
-0.00541352
0.00166102
-0.00423152
0.00146478
0.00110572
0.00335418
-0.00374085
0.00331192
0.00488515
0.00167941
0.00382304
0.0559226
-0.0543268
0.0174957
0.003783
-0.0167328
-0.046895
0.0507181
-0.0125687
0.00190857
0.0275842
-0.0169241
-0.0169159
-0.0295953
0.0165109
-0.0168126
0.00884772
-0.00854602
4.93128e-05
0.000443648
-0.00025563
6.56207e-05
0.000470531
0.000208303
-0.000354877
0.000708692
-0.000562118
0.000788839
0.00155205
-0.00581162
0.000487036
0.00661572
0.000497891
-0.000540748
0.000129129
-8.62714e-05
-0.00536685
-0.00673785
0.00629309
0.0022603
0.00101737
0.00137244
-0.00465012
0.00261054
0.004647
0.00225818
0.00167323
-0.0040986
0.000167194
0.00463248
-0.00299857
-0.000509945
0.00284947
-0.00156643
0.00097726
0.00020973
-0.000401842
-3.0325e-05
0.00187131
-0.00042881
-0.000553682
-0.000888815
-0.000170631
0.000118155
0.000160428
-0.000549618
0.000326696
-8.56568e-06
0.000231487
0.000388226
-0.000240471
9.45079e-05
-0.000242263
0.00503092
-0.00617381
-0.00732418
0.00846706
-0.00226656
0.00290537
-0.00192192
0.00128311
-0.00323825
0.00254543
-0.00295382
0.000105015
0.0001733
0.00129888
-0.00265979
-0.0160307
-0.00396712
0.000748496
-0.00061087
4.63442e-05
0.000555554
8.97221e-06
-0.0129751
-0.00105123
0.00906271
-0.000444958
0.000116177
0.000455737
-0.000126957
-0.00470769
-0.0120215
0.00375415
0.000252006
-0.000227696
-5.90592e-05
0.0013072
0.0133209
-0.0112308
0.00839954
-0.015304
0.0144008
-0.0121238
0.00119661
-0.00347363
-0.000319769
-6.6247e-05
0.000320101
6.59146e-05
0.000134835
-0.00396119
-0.0010863
0.00491265
0.00261812
-0.000514757
-0.0011164
-0.00346014
0.000615349
0.00316515
0.00261523
-0.00268581
-0.00309457
-0.0026851
0.0062276
-0.000377349
0.0113042
0.00438113
-0.0012685
-0.00196446
-0.000298674
0.00175802
0.0132904
-0.00650615
0.00296765
-0.00975191
7.4756e-06
-0.00113105
0.00166603
-0.000542455
-0.0537593
-0.00442542
0.0581847
0.00476914
-0.000908632
0.000658231
0.00339618
0.000714729
-0.00184234
0.00187674
-0.00298769
-0.000199365
-0.00090561
-0.000874943
6.63481e-05
9.3106e-05
-1.39309e-05
-0.000145523
1.01826e-05
-0.000337125
0.0018416
0.000355285
-0.000131216
-0.00011324
-0.000806589
0.00091983
9.70367e-06
-0.00103136
0.000340728
0.000680932
-0.00216708
-0.00319467
0.00330179
0.00205996
-0.00261617
0.000468596
-1.95016e-05
0.000527519
-0.00393593
0.00156607
0.00138362
0.00254424
-0.00174757
-0.00218029
0.00356442
-0.00166044
-0.00052036
0.00282811
0.000836263
-0.00123879
0.00225295
-0.000554747
-0.00030368
-0.00139452
0.00137956
0.00138116
6.73809e-05
0.0194138
-0.0252392
0.0177357
-0.0119103
0.00736571
-0.00361135
-0.0055327
0.00177835
-0.000829925
0.0042067
0.00461322
-0.00799
0.00345734
0.000259941
0.00482756
-0.00171797
-0.00335181
0.00107669
0.00399309
-0.00137788
0.00023085
-0.000604617
0.00175165
0.00065972
-0.00180554
-0.000232062
0.00217034
-0.00180042
0.0002898
0.000535641
-0.000731404
-0.000672845
0.000868608
-0.00114404
0.00273627
-0.00144787
-0.000625123
0.00230384
-0.00139103
-0.00120088
-0.0264567
0.0163256
-0.0210262
0.000749895
-0.00082639
0.000131995
-5.55002e-05
0.000651564
2.64392e-05
7.18918e-05
0.00136541
0.00175756
-0.00125166
-0.00116107
0.00337969
-0.00320514
0.00098651
-0.000558088
-0.000938983
0.00211138
-0.000614313
-0.000762569
-0.000377078
0.000581559
-0.00214267
-0.000148134
0.00490603
0.000318605
0.00282852
-0.00464161
0.00149449
7.7346e-05
0.00070846
-0.00113851
0.000352707
0.000125014
-8.23669e-05
0.00284528
-0.00288793
0.00126056
0.00439513
-0.00437587
9.3693e-05
-0.00377644
0.000740551
0.0029422
0.000766408
-0.00129667
0.000556946
-0.00072488
0.00133517
0.000312465
0.00131643
-0.00326649
0.00485148
0.000817724
-0.00133637
-0.00398692
0.00246026
0.00286303
0.00133808
-0.00172316
-0.00230003
0.000210174
-0.000977038
0.000502731
0.000264133
0.000785247
-0.000665176
-0.000953462
0.000833392
-0.000772502
0.000537718
-0.000149215
-0.000381292
0.00289633
0.01035
0.00993567
-0.00888085
9.41518e-05
0.000213438
-0.000327026
-0.000486523
0.00113195
-0.000437121
0.000967385
1.2887e-05
-0.00107651
9.62329e-05
0.000109269
1.66007e-05
-0.000241173
0.000196354
-5.39101e-06
-3.13654e-05
-0.00128189
-0.000323399
0.00335419
-0.0017489
0.000173847
-5.14392e-06
-0.000294712
9.76272e-05
0.000124325
-7.25039e-05
-0.000149448
0.0005108
0.000807282
-0.00181229
0.000494208
0.00180303
-0.00140463
-0.000131919
0.000461209
0.00301468
0.000482395
-0.00395828
0.000358368
0.00242442
-0.00232158
-0.000284817
0.000596015
0.00208535
0.000494662
-0.000687212
0.00012707
6.54796e-05
0.0029171
-0.00338737
-0.00993436
-0.00559523
-0.00470895
0.00890646
0.00139772
0.00107229
-0.00296373
-0.0026911
0.00458254
-0.000943532
0.0115328
0.00467184
-0.00425622
0.00427316
-0.00468878
0.00116797
-0.000180038
-0.00116461
0.000176676
0.00836108
0.0129477
-0.0170449
0.00687028
0.00320346
-0.00873953
-0.00133421
0.000254418
-0.00327273
-0.00303819
0.0060565
-0.00169887
0.00829832
-0.00952107
0.00292163
-0.00258722
0.00189388
-0.00127781
-0.00119276
-0.00058349
-0.000833495
0.00260975
-0.000151098
0.000543038
0.000439539
-0.00083148
2.97497e-05
-0.000408778
0.00120518
0.00208093
0.00233132
-0.000552281
-0.00385996
-0.00543226
0.00952133
0.000202747
0.00703807
0.00355138
-0.0136076
0.00301816
-0.00656425
0.0100747
0.00160366
0.00378055
0.00721594
-0.00395842
-0.00536824
0.0072335
-0.0257648
0.0158138
-0.00299089
0.00812504
0.00691781
-0.000642054
-0.00583868
-0.00578247
0.00613612
0.00431819
0.0113954
-0.00840161
-0.00651153
0.00351771
-0.00386729
0.00312431
-0.00239209
0.00313508
0.00157211
-0.0038579
0.00172271
-0.0072195
0.00935469
-0.00182479
-0.0104575
-0.00332366
-0.0019296
-0.00184257
0.00709583
0.0021614
-0.00392315
0.00458695
-0.0028252
-0.00929788
-0.00240468
0.00597084
0.00472639
-0.000484061
-0.0102795
0.0230866
-0.00379126
-0.00247196
0.000531723
-0.00198292
0.00126256
-0.00118211
-0.000229663
-0.000700154
0.000982467
-0.00275427
-0.00403319
0.0046316
0.00103351
-0.00163193
0.00333587
-0.00300445
-0.00103157
-0.00429444
-0.00669846
0.00599373
0.00499917
0.000725099
0.00174704
-0.00676658
0.00462235
-0.00451742
-0.00226991
0.00216498
0.0436414
0.00126936
0.00462045
0.000417217
-0.000415319
-0.000926994
-0.00978515
0.00401368
0.00155447
-0.00213057
-0.00385674
-0.00118498
0.0123145
-0.00513583
0.00465754
-0.00775062
-0.00111425
0.00420733
-0.00376321
0.0101371
-0.00171631
6.59181e-05
-0.00385534
0.00534388
-0.00231073
-0.00578974
0.000349852
0.000519501
0.00246624
-0.00125716
0.000407918
-0.00760929
0.0123014
-0.00509999
-0.00520003
-0.00473507
0.010343
0.00299472
-0.000173713
0.00181147
-0.00494633
0.00274103
-0.0115942
0.0028822
0.00427434
0.00443766
-0.000973156
-0.0103691
0.0119085
-0.00056629
-0.00253937
-0.00668531
0.00373199
0.00387295
-0.000919638
-0.013753
0.0176025
-0.00481801
0.000968511
0.00121654
-0.00135053
0.00250733
0.00358513
-0.00911173
-0.00822645
-0.00525755
-0.00703728
0.00267904
-0.00339101
-0.0066016
0.00652833
0.0123671
-0.00871515
-0.0101803
0.000568735
-0.00256106
0.000576916
5.36508e-05
0.00121706
-0.000486114
-0.000784594
-0.000730216
7.45331e-05
-0.000142243
0.00106091
-0.000761753
-0.000834923
-0.000627484
-8.10282e-06
0.00277438
-0.00213879
0.00232737
-0.000622381
-0.00193123
0.00022624
-0.00378211
0.0088946
-0.000515306
-0.00743274
0.00345617
0.00979033
0.0279125
0.0114233
-0.0104633
-0.0174944
0.021465
-0.00596233
0.00198271
0.00193425
-0.000968247
0.00100794
0.000726713
6.01021e-05
0.00079076
-0.000140048
0.00101108
-0.00037313
-0.000572323
-6.5628e-05
0.000697379
0.000162777
-0.000312609
0.00345219
-0.00908049
0.00211654
0.007264
-0.00592835
-0.00297227
0.00229747
0.000358688
0.00031612
-0.00687338
-0.00901743
0.0324017
0.00381563
-0.0045879
-0.00853809
0.00931036
0.00355773
-0.00215839
0.0011964
0.00140282
0.00610084
-0.00347991
0.00494204
0.000394846
-0.00290693
-0.00117935
0.00034543
-0.00105477
-0.00479331
0.00294115
-0.007082
0.0125649
0.00033858
-0.00294967
0.00172439
0.000886701
-0.000319417
0.00324703
-0.00080206
0.00109129
0.00191827
-0.00283413
0.00252091
-0.000850836
-0.00330738
0.000634091
0.00201953
0.000653767
-0.00274919
-0.00235317
-0.00384818
0.00895053
-0.00240989
0.00214668
-0.00304417
0.00267559
0.00528644
-0.00364701
-0.0321877
-0.00858982
-0.0135493
-0.00212341
-0.000536414
0.0020347
-0.0102494
0.00776431
-0.00769428
-0.00281922
0.00136606
0.00207137
-0.00537693
-0.00507779
0.0022978
0.00301231
-0.0113544
0.0202603
0.00316229
-0.00263271
0.00318977
-0.000678373
0.000341608
0.00224921
-0.000552585
0.000969088
0.0512738
0.0103795
0.00334552
-0.000168677
-0.00355813
0.000294679
-0.00316165
0.00705945
-0.00901827
0.00528462
0.00318955
0.000680505
-0.000479259
0.00208087
0.0021319
-0.00102321
-0.000726457
0.00255961
-0.00202283
0.000189673
0.00302156
0.0116876
-0.0164369
-0.00528548
-0.00320205
0.0104941
-0.00200653
0.00534606
-0.00284378
-0.00451869
-0.00355463
0.00209608
-0.000123809
-0.00800545
-0.00894906
-0.0121662
0.00587238
0.025674
-0.0164592
-0.00539917
0.000796741
-0.0215449
0.00462341
-0.00210833
0.0102273
-0.00176102
0.00129074
0.000475829
-0.000202247
-0.00306598
0.00354377
0.0011989
-0.00167669
-0.000963962
-0.0017978
0.000683782
0.00207798
0.00105007
0.00222759
-0.00289041
-0.0022494
-0.000902602
0.000658585
1.60622e-05
-4.42122e-05
4.82362e-05
-2.00862e-05
0.00274369
0.00111507
-9.84218e-05
-0.00376034
0.00327205
0.00326373
-0.000272236
0.00199533
-0.00301084
0.00128775
-0.00695803
-0.001915
0.0101357
0.0181748
-0.0179842
0.00111215
-0.00130279
-0.0207934
0.018639
0.0111291
-0.00115378
-0.00331529
-0.00666001
-0.00144161
-0.00313936
0.00487077
-0.0025128
0.00254357
0.000956615
-0.000987388
0.00160632
0.00182172
-0.00245501
0.000387021
0.000332454
-0.000870573
0.00077937
-0.0017771
-5.57915e-05
0.00105352
0.00551385
-0.00750831
0.00382904
-0.00183458
0.00108519
-0.000457224
0.00134311
-0.00197107
8.27931e-05
0.00354408
-0.000298332
-0.000490089
0.011296
-0.00782232
-0.0050523
0.00157857
-9.85111e-05
-0.000358455
0.000421512
9.95192e-05
-0.000162576
-0.000252462
0.000525816
-0.0014551
0.00118175
-0.00331284
-0.00140773
0.000547987
0.0044145
0.000732908
-0.00111927
-0.00146124
0.000677624
0.000655892
0.00012772
0.00194356
-0.000956854
0.00342779
-0.00178873
0.00137636
0.000614459
0.002648
-0.000626563
-0.00289661
-0.000769333
-0.00286171
0.000621755
0.00300929
0.000315178
0.00329024
-5.02747e-05
-0.000767443
0.00260117
0.00101575
-0.000935126
-0.00105425
-0.00017568
0.00355229
-0.000287062
0.000234386
-0.000201111
1.00283e-05
-4.33029e-05
-0.00105457
0.00063981
0.000744399
-0.000329638
0.00964906
-0.0126619
0.00252541
0.0120101
0.000173167
0.000553525
-0.000148482
-0.0015696
0.00218535
-0.000781623
-0.00350002
0.0102399
0.00486052
-0.0116004
0.00132211
-0.00218231
-0.000332567
0.0104299
-0.00639755
0.00657086
-0.0106032
0.00678623
-0.0160866
-0.0135793
0.0228797
0.000184944
-0.00374785
0.00283645
0.00150775
-0.00269196
-0.00188177
0.00344556
-0.0111638
0.00759441
-0.0038393
0.0023794
0.0059271
-0.00619735
0.00541884
0.000867982
6.47929e-05
-0.000156716
5.07864e-05
4.11369e-05
-0.00122412
0.00153052
0.00449806
0.0611833
-0.00346636
0.00558115
-0.0317258
0.0382006
-0.000398403
0.000616429
-0.000168713
0.00249965
0.002748
-0.000338804
-0.00301497
0.00713432
0.0336483
0.000948069
-0.0218136
0.0016397
0.00267952
-0.00101706
4.88101e-05
-0.00394164
0.0057876
-0.00229259
0.000446622
-0.00365318
-0.000519444
-2.49708e-05
-0.000198865
0.000532717
-0.000308881
0.000408864
-0.000278947
0.000151513
-0.00028143
0.000327142
-6.29374e-05
0.000347394
-0.000611598
0.000831105
0.00527798
-0.00475754
-0.000764164
-0.000147209
0.000761208
0.000150165
0.00107882
-0.000876101
-0.000816044
0.000613322
-1.21935e-05
0.000151059
-0.00421665
-0.00259913
0.00278438
0.00183529
0.00048856
-0.000786647
-0.000577478
0.000539299
0.000824826
-0.00190306
0.000456069
0.00103089
0.000416101
-0.00137111
7.43924e-06
-0.000497967
0.000233159
-0.000635107
-7.52674e-06
0.000642162
-0.00954322
0.0014853
-0.00123997
0.000565994
-0.000585209
0.000703333
-0.000258392
0.000415604
-0.00014034
-1.68713e-05
2.75905e-07
1.62074e-05
-8.038e-06
0.000273589
0.000290181
-0.000325251
-0.000119159
0.0044711
-0.0070739
0.00154083
0.00106197
0.000380094
0.00227295
0.000882713
0.00100215
-0.000441242
-0.00158245
0.00102155
0.000130738
-0.00184245
-0.00221789
-0.000997783
-0.00323444
-0.000707381
0.00025071
0.00101429
-0.00160695
-0.000455426
0.00143489
-2.48031e-06
0.00101839
-0.00150492
-0.00184933
0.00233586
-0.00285556
-0.0134935
0.0366651
-0.00142682
0.00329888
-0.00251333
0.000641269
0.00461093
0.00930202
-0.00886434
0.0378178
-0.0149677
-0.0114268
-0.000340093
-0.000334173
0.000937467
0.00896385
-0.00169966
0.00257515
0.000852973
-0.0211916
0.00320359
-0.00202193
-0.000662155
-0.000195501
0.000593013
-6.54358e-05
-0.000332076
0.0163003
-0.0209128
-0.00677461
-0.00505703
0.0287345
-0.014239
-0.00943846
0.00250857
-0.000173054
0.000581812
0.00990586
0.000808373
-0.00191505
0.00737158
-0.00768433
0.00222781
0.000593342
-0.010933
-0.00431743
0.0106766
-0.00064458
0.00144476
6.56702e-05
-0.000865854
0.00545394
0.000208342
-0.000721326
0.000167621
0.000286405
-9.6677e-05
-0.01072
0.00133845
0.016956
-0.00757447
-0.0171031
-0.00115111
-0.00548605
-0.00596847
0.025719
-0.0142645
-0.000536198
0.0149029
0.000391738
-0.0147584
-0.0169318
-0.00513267
0.0129934
-0.00150734
-0.00342043
0.0114561
0.00495889
0.00985451
-0.00959318
-0.00522023
-0.000487552
-0.000539916
0.00251091
-0.00148344
0.00122868
-9.20173e-05
-0.000625868
-0.00348969
0.000702418
-0.00252152
0.000306563
-0.00037915
-0.000658817
-0.00283621
-0.00450597
0.00654235
0.000419743
0.00153428
-0.00752238
0.0329737
-0.000530992
-0.00109487
-0.000162874
-0.000471459
-0.000180209
0.000653796
-2.12808e-06
6.50654e-05
0.00549782
-0.0019253
-0.00363759
-0.000926405
4.05362e-05
-0.00080377
0.00168964
-7.22841e-05
0.000509706
-0.00109635
0.000590727
0.00128741
-0.000998511
-0.000879622
-0.0013439
-0.00143686
0.000950415
0.00183035
-0.000817045
0.000408093
0.00103488
-0.00062593
0.00259359
0.00932917
-0.0143349
0.00241217
-0.00325822
0.00137796
-0.0143492
-0.0062552
0.00848058
-0.024427
0.000468256
-0.000210758
-9.92758e-05
-4.4339e-05
0.000300385
-0.017016
-0.00587675
-0.0115513
0.000591977
0.000379953
0.000570582
-2.6388e-06
-0.000947895
-0.00189278
-0.000918544
0.000876804
-0.00934106
0.0210397
-0.0094195
-0.00227919
-0.0126002
0.0138116
0.00312215
-0.00381946
0.00129874
0.00641661
0.000754779
0.00022671
-0.000487482
0.0040237
-0.00610482
-0.0154338
-0.00172303
0.00012333
0.00553112
0.000155673
-2.26937e-05
0.000308718
-0.000441698
-3.91824e-05
-0.000307084
0.000412615
-0.000799818
-9.96018e-05
0.00618804
0.00414398
-0.00467655
0.00120511
-6.01834e-05
-0.000483448
-5.18853e-05
-1.15765e-05
-1.11564e-05
7.46182e-05
-0.00188441
0.000783185
-0.00362381
0.00244169
0.00118212
0.00110846
-0.00137171
-0.00213087
-0.00107323
0.00486424
-0.00128787
-0.00250314
0.000663596
-0.000937665
0.000274069
9.4038e-05
-0.00385516
0.000724383
0.00566791
-0.000791144
0.000954103
-0.000455321
0.000477787
0.00037169
0.00123353
-0.00934748
0.00528789
0.00282606
-9.8254e-05
1.46226e-05
-0.00148781
0.00400347
0.00114106
0.00342684
-0.000880818
-4.63762e-05
-0.000355494
3.05523e-05
0.00058091
-0.013221
0.0104141
0.00731604
-0.0045091
0.00130012
-0.000457727
-0.00848595
0.00367007
0.00604941
0.00226453
-0.00302622
-0.00280345
-0.000154754
0.00118111
-0.000512235
8.59677e-05
2.60402e-05
0.000400227
-0.000581764
3.20051e-05
0.000556429
-6.66991e-06
-0.000191012
-0.000543234
0.000222011
-0.000769881
0.00177607
-0.00149271
0.00441224
-0.00540484
0.000945588
0.00239491
0.000894701
0.0162085
-0.0134965
-0.00484993
0.00213801
-0.00509343
0.00902878
0.0122731
0.00523248
0.0114798
-0.00653958
-0.0101727
-0.004168
-0.00409606
0.0074468
-0.0076127
0.00150484
-0.00133894
0.0153407
-0.00559528
-0.00751377
-0.000507131
0.0134842
-0.00546329
0.000160247
0.00183114
-0.00036391
0.0141372
0.00586195
-0.00344319
0.00476333
-0.00239237
0.0178662
-0.00715514
-0.00712588
0.00790397
0.00766748
-0.000230697
-0.000246863
-0.0202674
-0.000158919
-0.000544556
0.000703475
-0.0171361
-0.00139843
0.00125807
-0.0257439
-0.00352938
0.0280152
-0.000907462
0.000258044
-0.000114746
0.000941667
-0.00190492
0.000269244
-0.000331637
-0.000487225
0.000299802
0.000365738
-0.000977698
-0.0184121
-0.00648439
-0.00353706
0.0024887
0.00076355
0.000558891
-0.00043645
0.000177361
0.000699863
-0.000517957
-0.000161812
0.000623239
5.65299e-05
-0.0111184
-0.00440416
0.00388464
0.0116379
0.0136769
-0.0173389
0.00232092
-0.000545836
0.00185576
-0.000201024
-0.00106767
-0.00139731
-0.00543788
0.00393458
-0.000360374
0.00366013
-0.00198851
0.000477048
0.000215386
-0.00156796
0.00166465
-0.0009224
0.00237914
-0.000891159
0.00016496
0.00045886
-0.000588483
-0.00870153
0.0054647
0.00472944
-0.00149261
-0.00140757
6.54098e-06
0.00199175
-0.000234005
-0.000131201
0.000124735
0.00231029
0.0024362
-0.00269884
0.00182609
0.00126628
-0.00167139
-0.00142099
0.00380524
-0.00562077
0.000262468
-0.0035822
9.29198e-05
0.00322681
0.000651768
-0.003083
-0.000479968
0.000689005
0.00178424
-0.000261124
0.000224379
-6.25304e-05
0.000226249
-0.000245302
-0.000242072
-5.97579e-06
-0.00227095
0.00530459
0.00172969
0.00211737
-0.000694613
-0.00568799
0.00426524
0.00100061
0.00353452
-0.00133945
-0.00319567
3.21635e-05
-5.82609e-05
7.34527e-05
-4.73553e-05
8.17081e-06
8.26958e-05
-7.99704e-05
-1.08963e-05
0.000700255
-0.000159968
0.00267576
-0.000769514
0.00172521
0.00240368
-0.00164821
-0.00248068
0.000140903
0.000567699
-5.70379e-05
0.000676539
-0.00204091
-0.0028185
0.00418287
0.000499588
0.000459668
0.000172691
-0.0156792
-0.0230101
0.000642193
0.00232115
-0.000100192
-0.00954147
0.0058877
0.0023771
0.00127666
0.00532693
-0.00116951
-0.000191153
-0.00642184
0.013197
-0.0062721
0.0022976
0.00291973
-0.00792913
0.000262919
-0.0040469
0.0100085
-0.00012202
-0.000265731
0.000948237
-0.000560486
-0.000721399
0.00294012
-0.000258977
0.000557458
-0.000182304
0.000171354
-0.00012107
-0.000469005
0.0010628
1.00706e-05
0.000239229
-0.0013121
-0.000895532
0.00210749
0.00341423
0.00494935
0.00161423
1.74708e-05
-0.00658106
0.0012962
-0.00179563
-0.00344222
-0.00176227
0.003005
0.000233443
-0.00923993
0.00601311
-0.00345849
0.00752139
0.00440617
-0.0225788
0.0106512
0.000435805
0.00118504
0.000205246
-5.2717e-05
0.00025896
0.000568747
-0.00077499
-0.00393322
0.00229397
0.00195172
0.00201408
0.00331296
-0.00625403
0.00351253
0.00287383
-2.4262e-05
-2.73341e-05
0.000343707
-0.000292111
-1.35099e-05
0.00012567
-0.00015282
4.06598e-05
2.31704e-05
1.14788e-05
6.10049e-05
-9.56541e-05
-0.00166605
0.00279739
4.14675e-05
2.2788e-05
0.000102464
-0.000133365
-0.000762154
0.00176532
-0.00895992
0.00111589
-0.00294877
-0.00277791
0.0020228
0.000734587
0.00018759
0.000561558
-0.00571564
0.000916229
0.013231
-0.00420212
0.00141863
0.00342528
-0.00525695
-0.00686985
0.00044282
-2.78787e-05
-0.000424609
0.00037856
-0.00030728
-5.69813e-05
0.00117469
0.00420923
-0.000301544
0.000294675
-0.00442867
0.00443554
0.00237576
-0.00186438
-0.000136729
-0.0038335
0.00230761
0.00788527
-0.0003541
0.000466586
0.000419639
-0.000532126
-2.49978e-05
0.000567913
0.000961444
-0.00125605
-0.000273306
0.000406088
0.00218045
-0.000492351
-0.000961042
-0.00101573
-0.000926884
-0.000377031
0.000919414
0.000384502
-0.000437293
0.000206238
-0.000126271
-0.000562312
0.000688583
-0.00260794
0.000274991
0.00117188
-0.00605631
0.0101907
-0.00678046
0.0026461
0.00436998
0.00200758
-0.00176618
0.00186663
-0.00259179
0.000423182
0.000976036
0.00119257
0.00171834
0.000548451
-0.00327631
0.000280897
-0.000676252
-5.57702e-05
0.000451125
5.36543e-05
0.000199564
-0.000351043
9.78249e-05
0.00574901
-0.00488355
-0.0183293
0.0174638
0.000149499
-0.0038308
0.00337976
-0.0124113
0.00810129
-0.00560214
-0.0130648
-0.000781079
0.00200794
-0.00555011
-0.00797912
-0.00360238
0.00542046
-0.00289131
-0.0181797
-0.00289841
0.000165328
-0.00332085
-0.00707744
0.0115147
-0.00111637
-0.040581
-0.0495488
-0.00149534
0.00859673
-0.00248093
-0.00273169
-0.0317945
0.00821909
-0.00973494
0.00541196
0.00107078
-0.00745505
0.0149676
0.00810892
-0.00956644
0.00682187
0.00163631
0.019896
-0.0100733
-0.0153087
0.00337062
-0.0024177
-0.00147622
0.000523294
-0.00521486
0.00901896
0.00303829
-0.000488518
-0.000227394
3.11789e-06
0.000712794
0.000508285
-0.000652514
-0.000528616
0.00102053
-0.000728229
0.000275613
0.000577292
0.000873335
-0.00240897
0.000958344
-0.000240716
1.20294e-05
-9.26375e-05
-0.000580002
0.000586804
0.00032034
-0.00134896
-9.13929e-05
9.64526e-05
-0.000441166
-0.00120008
0.00296383
0.0091744
-0.00177315
-0.000409511
0.00129575
-0.000272569
-0.000613674
0.000125615
0.00573287
-0.00340515
0.00245776
-0.00155899
0.00117791
6.88341e-05
-8.51322e-05
2.10605e-05
-4.76238e-06
0.000103767
0.000242877
-0.000168748
-0.00636886
-0.00306081
0.0055497
-0.00776233
0.0175255
-0.0116298
0.00239762
-0.00123112
0.00135188
0.000965225
0.0162037
-0.00705834
0.00639855
-0.00319092
0.00320282
-0.00534173
0.00350497
0.0182093
-0.00667031
0.00223684
0.00407364
-0.00333923
-0.00297125
-0.00193827
0.00169461
0.000598945
-0.000676921
0.000557305
1.17121e-05
0.000107903
0.04258
-0.0260217
0.000905561
-0.00503013
-0.000390814
-0.000144727
-0.00158787
0.0015997
-0.00141902
-0.000543752
0.00036307
-0.00152667
-0.0093054
-0.000100908
0.0106035
-0.00259726
0.000857181
0.000154084
0.0021317
0.000820716
-0.00266116
0.00458108
-0.00274064
0.00119572
0.000533412
-0.00218377
0.000454639
-0.00262774
-0.000550144
0.00103521
-0.00146313
0.000942999
-0.000344789
0.000359975
-3.94478e-05
-0.00245744
-0.00134658
0.00208605
0.011299
-0.0152887
0.00333467
0.000655017
-0.00525809
0.00151283
0.00387865
0.002573
-0.00382221
0.0020746
-0.00604147
-0.0085167
0.0124836
-0.0039983
-0.00206752
0.00123631
-0.000580421
-0.000498597
0.00138499
-0.00394542
0.000772137
0.00398828
0.0130588
-0.00329336
0.000490236
0.000418933
0.00566273
0.00379692
-0.00703239
-0.000154476
0.00022834
2.37631e-05
-0.0326261
0.00506505
0.0401122
0.00608491
-0.0175199
0.0189563
0.00566089
-0.00390137
0.00194463
-0.00180846
-0.00392422
-0.0101519
0.00777247
-0.00688385
-0.00246448
0.00081467
0.000706991
-0.000865498
0.00296489
9.53862e-05
0.00075546
-0.000428409
-0.000803823
0.00209027
0.000313258
0.000581525
-0.000661452
1.96713e-05
-7.15566e-05
-0.000234018
-0.000336284
0.000665688
0.000193298
-0.000372481
-0.00142776
-0.00155695
0.00356385
-0.00199069
-0.00041777
4.79415e-05
0.000317036
-0.000160075
9.9527e-05
-0.000256487
3.69184e-05
-2.28978e-06
3.01644e-05
-2.32954e-05
6.39369e-05
-4.06415e-05
-7.9836e-05
-0.000348949
0.000241418
0.000148472
-0.002255
-0.00197667
0.00408319
0.00289787
-0.00258047
-0.000448716
0.000131307
9.8546e-05
0.000371547
0.000938767
0.000632383
-0.000510235
0.00135535
-0.00507979
0.00655549
-0.000644599
-0.00161297
0.00095318
-0.00124933
0.000351811
-0.00155055
0.000873601
-0.00253521
-0.00114505
0.00015847
0.000102204
-3.41269e-05
-6.80772e-05
-0.000361306
-4.99219e-05
-0.000275984
-0.000447737
0.00145736
-0.00110171
0.00251586
-0.00314231
0.00172816
0.00134462
0.00282618
-0.00391079
-0.000260005
0.00249749
-0.0159773
0.00429203
0.00918782
-0.00092062
0.000249437
-0.000462016
0.0010173
-0.000705228
0.000411522
0.000230769
0.000946861
0.000577925
-0.00114102
-0.00011808
0.000681172
-5.57225e-05
0.000308635
-0.00060779
0.000663062
0.000245393
0.00745089
-0.00557561
0.00644599
0.00333447
-0.0080217
-0.00348429
0.0107847
0.000986864
-0.000280393
0.00644021
-0.00496853
-0.000373346
0.000129756
0.000496501
-0.000252911
-0.000521356
0.000206367
0.000259267
-0.0201705
0.00357514
0.000846262
8.62408e-06
0.000693352
0.000180592
-0.000882568
-0.000470742
0.000269275
-0.000325723
-0.00109512
-0.0110558
0.00592358
0.00155907
-0.00862523
0.00206571
0.000869072
0.00216733
0.000833649
0.00115293
0.00085154
-0.000481809
0.0017275
-0.00188908
0.001102
0.000142499
5.45165e-05
0.000621039
0.000120422
-0.000795978
0.00397739
-0.00134392
-0.000777035
-0.00185644
-0.000544902
-0.00025301
0.000904158
-0.000106246
-0.000169017
0.000542258
0.0142242
0.00581813
-0.011658
-4.48149e-05
6.08772e-05
-0.00185969
0.0126112
0.00507781
-0.0176552
-0.00529409
0.00587319
-0.00666469
-0.00349082
0.0121634
-0.0122144
0.00583828
-0.00297766
-0.00566329
-0.0172696
0.0148004
0.0100447
0.00222906
-0.000767607
-0.00115286
-0.000308595
0.000926007
-0.00114171
0.000194608
2.10938e-05
0.00121879
4.63082e-05
-0.000965354
-0.000247233
-5.201e-05
-6.77076e-05
0.000223485
0.000700823
0.000221411
-9.38683e-06
-0.000389887
-7.14676e-05
-0.00350137
0.00775389
-0.00573051
0.000571139
0.00115445
0.00138108
-0.00310667
0.00209833
0.00164614
-0.00434373
-0.00128466
0.00306833
0.00627105
-0.000551223
-0.00306661
-0.00265322
-0.0036268
0.00234644
-0.005407
0.00668735
-4.93121e-06
0.000733223
-0.000409898
-0.000318394
0.00416738
-0.00253535
0.00195746
-0.00358949
0.00135948
-0.00324947
-0.000811028
0.000341098
9.65845e-05
0.000373403
0.000549986
-0.00110069
0.000177301
-0.00563818
-0.00269395
0.0020713
0.00269402
0.0131985
0.000763052
0.000741501
-0.000753825
0.000758778
0.00360362
-0.00268916
-0.00107102
-0.00847934
0.00623463
0.00331573
-0.000175872
0.00113107
-0.00131497
0.000359771
0.0366182
-0.00156056
-0.00108311
-0.000277405
0.00122782
0.0001327
1.49195e-05
0.000371951
3.46408e-05
0.000130208
0.000242668
-0.000245806
-0.00010402
0.000125179
-1.50867e-05
0.00798432
-0.00135176
-0.000865621
0.00040635
0.00100575
-0.00054648
0.00956317
-0.00354761
-0.00580377
0.001662
-0.00145347
0.00313395
-0.0046426
-0.00251579
0.00402445
-0.000331672
0.00282648
8.17308e-05
-0.000658998
-0.000911517
0.000598028
0.000413302
-9.98133e-05
4.96439e-05
0.000347018
-0.000314932
0.00170985
-0.00125979
0.000242909
-0.00144205
-0.000475596
0.00071935
-0.00182342
-0.00230747
-0.000100637
0.000837896
-0.00117631
0.000897305
-0.000831863
0.00146918
0.00020058
-0.000525499
-0.00129668
0.00195998
-0.000137797
0.00229071
-0.000717451
-0.000295712
-0.00127755
0.0146937
-0.00542266
-0.00424015
-0.00193936
0.000960487
-0.00175226
-0.00127914
0.00224442
0.000786981
0.00925738
-0.00256696
-0.00120747
-0.00106895
-0.00353135
0.00289159
0.00170871
0.00634572
0.000295397
-0.00515582
2.63825e-05
-0.000107603
8.12209e-05
0.000300239
-0.00125056
0.000950324
0.000840836
0.00108187
0.00022097
-0.000724914
7.52209e-05
0.000153508
0.000180134
-0.001986
0.0024131
0.000168915
-0.00019964
7.98222e-05
0.000343845
-0.000224027
0.00277426
0.00168071
0.00198524
0.000666847
-5.49035e-05
-0.000772223
0.000278866
0.00128969
-0.00102748
-0.00131273
0.000110005
6.99538e-05
0.0017068
-0.00188676
0.000441367
-0.000182191
-0.000103983
0.000123353
-3.82614e-05
-0.000212257
0.000333887
-8.33693e-05
-0.0107187
0.00614896
0.000205205
0.00391826
-0.00339658
0.00561954
-0.0112423
-0.0122093
0.0102306
-5.39504e-05
-0.000288121
-0.00121505
-0.00323476
0.00574602
-0.00386425
0.00792707
0.00376879
-0.00783161
-0.0114832
0.00125762
0.00636138
0.0104266
0.00298945
-0.00548899
0.00021075
0.0117749
0.0103974
-0.00849266
-0.00055559
0.00026497
0.000344274
-0.000361552
0.000164653
-0.000358691
-0.00042348
0.000113806
0.00029577
1.39038e-05
0.00413181
0.00264357
-0.000117794
-0.000232021
0.000144901
-0.000326308
8.78546e-05
6.43198e-06
0.00034873
-0.00228355
0.00105872
-0.00179681
-0.00142479
0.00233044
0.00263727
-0.000461264
0.000743448
-0.000432527
0.00107365
0.000611846
0.00255761
-0.00259045
0.00295512
0.00188079
-0.00191278
-0.00292313
3.89509e-05
0.00341327
0.00344378
0.00226052
-0.00295631
0.00317244
-4.67835e-05
0.000301186
0.00288642
-0.000935037
-0.000890413
-0.00916818
0.00366649
0.0130916
-0.00758993
0.000817949
-0.000318391
-0.00123647
0.000479968
0.000346466
-0.000125126
0.00356206
0.000492562
-0.00381761
0.00281149
-0.000773873
0.00122332
-3.28512e-06
0.000799459
0.00157908
-0.00226363
0.00107711
-0.000392549
-0.000205092
-0.00342551
-0.00043472
0.000377833
-0.000183257
0.00815728
-0.00581344
0.00558787
-0.0079317
0.0142836
-0.00955929
0.00343293
-0.00167532
0.00388515
-0.011378
0.00132482
0.00755547
-1.58508e-05
-0.00366745
0.000578756
0.000659217
-0.00846794
-0.0139778
0.00145444
-0.00288259
-0.000368664
-0.000231256
0.00195344
-0.00248963
0.000636757
0.00122301
-9.94273e-05
-0.00192741
-0.000803727
0.000829436
0.00119731
0.000908536
0.00394099
-0.00170002
-0.00314951
-0.00072151
0.000188467
0.000587559
0.000604222
-0.000867397
2.0986e-05
-0.00117628
-0.00286313
0.00401842
-0.000227119
0.00010075
0.000999058
2.29568e-05
0.000943505
-0.00196552
-0.0139414
-0.023269
0.0135947
0.000409806
0.00233703
-0.00200281
-0.000744023
-0.00116302
-0.000328973
0.0019018
0.00167866
-0.000935953
-0.00209167
-0.000921227
0.00202382
0.000981496
-0.000668285
-0.000350643
0.00179101
-0.00344318
-0.000985764
0.0024516
-6.04929e-05
-0.00140534
0.000966353
0.00451623
-0.00118755
-0.000162258
0.000241999
-0.000176794
9.70533e-05
-0.000111383
-0.000766109
-0.000746546
-0.000430593
0.000243004
0.00147499
-0.000401935
-0.000388462
-0.000664707
-0.000847566
-0.00282881
0.00770341
0.000609328
-0.00065304
0.00085632
0.00387739
-2.12764e-05
-0.00102959
-0.000210425
-0.000149492
-0.000676162
-1.31152e-05
0.000109874
0.00268777
-0.00119522
-0.0014628
0.000832242
-0.00265522
0.00209002
-0.000267039
8.40868e-05
1.12895e-05
-9.53763e-05
-0.000120234
0.000119191
1.04252e-06
-0.00123813
0.000552079
0.000244809
0.000175939
-0.00041946
-0.000826242
0.00228214
-0.00103644
-0.000269935
9.0739e-05
-7.83215e-05
-0.000257304
6.05229e-05
0.000211582
-0.00105958
0.000252989
0.00152053
-0.00423342
0.0014438
0.00126908
-0.00213476
-0.00328629
0.00337351
0.00204754
-0.000121045
0.000136878
-0.000167316
0.000151483
0.0109134
0.00645942
0.00366692
-0.00147766
0.00475582
-0.00177041
0.00498702
-0.00437951
0.000737098
-0.00329003
0.0017446
0.000640738
0.000904695
0.00149538
-2.60431e-05
0.00113566
0.0034271
0.000622345
0.000288073
-0.0005637
0.000277965
-0.0023857
-0.000739137
0.00284688
-0.000920764
-0.00155585
-0.000151458
0.00153906
0.0027403
-0.00558373
0.00130437
1.25193e-05
4.62635e-05
0.000108109
0.000301628
-0.000668129
-0.00153165
0.00109945
5.51728e-05
0.000264027
-0.000456178
0.000450039
0.00989988
-0.00693726
0.00666889
-0.00495265
-0.0225752
0.0239679
-0.00474596
0.00649881
0.00740353
-0.00915639
-0.00285934
0.0048226
0.00170681
-8.49108e-05
-0.00592737
0.0090337
-0.00564639
0.00131701
-0.00470433
0.00525599
0.0104492
-0.00179878
0.00546932
-0.00618776
0.00251722
0.011026
0.000810033
-0.00871125
-0.00312478
-0.000665581
0.000659888
0.00302885
-0.0088993
0.00356694
-0.0258174
-0.000204274
-0.00146161
-0.0167811
-0.0124686
0.00504022
0.00229573
-9.94158e-05
-2.80247e-05
0.00012744
-0.00894348
-0.00270767
0.00188471
-0.0134179
-0.000252151
2.11676e-05
-0.0412197
0.0539183
0.00295975
-0.0010713
0.0043826
3.82074e-05
9.92447e-06
-2.92394e-06
0.00124834
0.00120963
-0.0003905
0.00113504
-0.000226202
-0.000518337
-0.00075512
7.31493e-05
-4.36529e-05
0.000290605
0.000178448
0.00041835
-0.000465792
0.000770125
-0.000460084
0.000155752
-9.06132e-05
0.000386117
-4.27217e-05
0.00468629
0.00414956
-0.00751102
-0.000723814
0.000422552
-0.000125862
0.000427124
-0.000650699
0.000687209
-0.00149756
0.00180708
-0.00164245
-0.000486106
0.000480452
-0.000161985
0.000895005
0.00269093
-0.000413499
0.000343073
-7.16275e-05
0.000373213
-0.000468358
-7.62552e-05
-0.000330608
0.00715742
0.00769363
0.00245496
0.00437805
-0.00188335
-0.00494965
0.00532004
-0.00166617
0.000432217
0.00329881
-0.0012743
3.05923e-05
-6.41756e-05
0.000229937
0.00068951
0.000402569
-0.000428483
0.00350771
-0.00157376
-2.53537e-05
6.20994e-05
-3.30729e-05
0.00155557
-5.02619e-05
-0.00197814
-0.00186015
0.00129817
0.00254011
5.00901e-05
-1.31718e-05
0.00497188
-0.00628687
-0.000663145
0.0028059
-0.00194578
0.0010612
-0.00192132
-0.00779057
0.0112009
0.00219966
-0.00836204
0.000110783
0.000969115
0.000208245
-0.000304915
-0.000861901
0.000641317
0.000182068
-0.000554071
-0.000573062
0.000167537
-0.00107695
0.000458587
0.000618368
-0.000327436
0.000390033
0.00684351
-0.00106001
0.00110271
-0.00688621
-0.000302558
-0.000430652
-0.00017273
0.000283513
-2.96564e-05
0.000194025
-0.010548
-0.00153826
0.00491833
0.00716794
0.001056
-0.00478434
0.0142036
-0.0120268
-0.0205889
-0.00123682
-0.00428548
0.00170284
0.00450835
0.00673699
-0.00586739
0.00256149
-0.000712248
-0.00571653
-0.00324474
-0.00498271
0.00124132
-0.00376048
0.00454395
-0.000175869
0.00217095
0.00480351
0.00465104
0.00311269
0.00998929
-0.00318109
-0.00992089
0.00900554
0.00315795
-0.0069075
-0.00239572
-0.0059272
0.000201913
0.00260498
0.00428648
-0.00705108
0.000223084
0.000235739
-0.000458823
0.0109374
-0.00787259
0.00110522
-0.00417003
-0.000344637
-0.00455675
0.00679243
-0.000414596
-0.01121
-0.000414484
0.00130736
-0.00213698
0.000137188
0.000692432
-0.0032729
0.000300768
-0.00133136
0.000206636
-0.000208581
3.25364e-05
-0.000374349
0.000985837
-0.00122631
0.000614825
-0.00346124
0.00336217
0.00163813
0.000102467
-0.000203758
-1.97544e-05
0.000383946
-0.00268852
-0.00565894
-0.00478328
0.00489211
-0.000151936
0.0102193
-0.00876748
-0.00487225
0.000491857
-0.000707265
0.00193859
-0.00494034
-0.000166352
0.000113146
8.34464e-05
0.00100403
-0.000203032
-0.000266483
-0.000249594
0.000549959
-3.3882e-05
0.015221
0.00574181
-0.0644561
0.00386148
-0.00103655
-0.00477862
0.00195369
-0.000357634
0.00619228
-0.000336822
0.00204714
-0.00249105
0.0010861
-0.0106573
0.00893803
0.000691711
0.000803127
0.000316691
-0.00115189
-0.000710485
0.000781327
-0.000443972
0.00231068
-2.19614e-06
7.57784e-06
9.82162e-05
0.0117061
0.000723242
0.00176435
-0.0088009
-0.00438296
-0.00187875
-0.00304125
0.00143427
0.00120417
0.000402814
0.00518772
0.00181943
0.00660126
-0.0012266
-0.00224071
-0.00595373
0.00128633
0.00228645
0.0001748
0.000493874
0.000342638
9.30332e-05
2.00665e-05
-1.86166e-05
0.00480346
-0.00229496
0.000274464
-0.000280993
-2.08057e-05
0.00185514
0.00115112
0.00317089
-0.00176209
0.00377892
-0.00202248
-0.000925093
0.00295412
-2.92506e-05
0.00226864
-0.00290497
0.000443028
-0.000339661
-0.000760262
-0.000816413
0.00769571
-0.0140286
-0.0415167
-0.00153521
0.00191637
-0.0189734
0.00281558
-0.00146809
0.0056778
-0.0235307
-0.0073863
0.000581963
-8.84361e-05
-0.00131153
0.000817999
-0.00305177
0.00199038
-0.000683285
0.00174468
-0.00280776
0.0142639
-0.00245057
0.009702
-0.00294321
0.000778679
0.000196231
-0.00127983
-0.00193476
0.0047251
-0.00278191
0.0117193
-0.0140825
0.0104478
-0.00808456
0.0023069
-0.00798103
0.00359638
0.00899787
-0.00267427
0.0209621
0.0346679
-0.00649713
-0.000206739
-0.00613287
-0.0107965
-0.00287739
0.006761
-0.0093655
0.00548189
-0.0017719
0.00135152
0.00108027
0.00405898
0.00185111
0.00236938
0.000973467
-0.0023002
-0.00454656
0.0275373
8.77222e-05
0.000124439
0.00428401
0.0161872
0.00129721
0.000997847
-6.77652e-05
-0.0099464
0.00112347
0.00041118
0.00129697
-0.00140791
-0.00641955
0.0117334
-0.0117611
0.00258393
0.0220676
0.000213707
0.0233933
0.00021587
-0.00213301
0.00344592
-0.00297951
-0.00016589
0.00792035
0.00983885
-0.0261927
-0.014541
0.011219
0.000371765
0.0242991
-0.00208813
0.00533473
0.00477574
-0.0117033
0.00188375
0.000109303
7.32941e-05
-0.000143672
-0.000281043
-0.000368434
-0.000182385
0.00927372
0.000817289
0.00353264
-0.00038561
0.00361052
-0.000727505
-0.0024974
-0.00679484
-0.000544628
0.00041186
-0.000276743
-0.0102644
-0.00282714
0.0143987
0.00195452
-0.0232022
-0.00274049
0.0239882
0.00798828
0.00513333
0.000936179
0.00310489
0.0100185
-0.00771986
0.00854994
0.000433568
-6.01656e-05
-0.0108992
-0.00131144
8.78744e-06
0.0175881
0.000315562
0.00263212
0.0172725
-0.0141557
-0.00716145
0.00365426
-0.00617481
0.00968201
0.0317443
-0.0297897
-0.00216257
-0.00156719
0.00532842
-0.00159866
0.000498796
0.00476819
-0.00316866
-0.000751778
9.4382e-05
0.000600441
0.00736151
0.00117905
-0.00855283
0.000611
-0.00782453
-0.00218553
-0.000265156
-0.00469479
0.00714548
0.00285863
-0.000119196
0.00341227
-0.00618876
-0.00201682
-0.00101002
0.00101243
-0.000542328
0.000142314
-0.00225033
0.00608625
0.00146998
-0.00240118
-0.00515504
-0.00353002
0.0066703
6.25397e-05
-0.000320667
0.000426686
0.00553796
0.0018863
-0.014605
-0.00476896
-0.0132522
-0.00176813
0.00151983
0.010297
-0.000721211
-0.00825603
0.00324996
0.0146181
0.00306335
-0.000751729
-0.000520606
-0.00114457
0.0023501
0.000242833
0.00755773
-0.00390919
0.0218864
-0.025535
-0.000375533
0.00482209
0.000170962
0.0196017
0.006869
-0.0170013
0.0107093
-0.0101672
0.00368659
-0.00643018
-0.00452063
0.00475169
0.000943611
-0.00498763
-0.0146217
-0.00318129
0.00517421
-0.0183133
0.00609318
0.00704594
-0.00055756
0.00469435
0.00608252
-0.00268216
-0.00716439
0.0110528
-0.00120626
-0.000985632
-0.00162853
0.00303589
0.00146436
-0.00287171
-0.000483616
-0.000214029
0.00028195
7.96639e-05
6.16612e-05
3.44162e-05
-0.000223283
0.000578515
-0.000480587
-9.79282e-05
-0.00018013
-0.000341391
0.000155001
-0.000183414
-0.000206253
0.000234666
5.5557e-05
0.000236389
-0.000462428
0.000538293
0.0022862
-0.000384971
-0.000792769
-0.00497282
0.000569171
0.00352596
0.000877696
0.000865107
-0.00253761
9.00481e-05
0.00238413
-0.00603091
-0.00181598
0.00546276
-0.00585538
-0.00196358
0.00922279
-0.000921809
0.00122234
-0.00308638
0.00130566
-0.000219234
-0.0139747
0.0153643
-0.00165398
-0.0226654
-0.00789879
0.0149465
-0.00236234
-0.00533553
0.00586644
0.00351222
-0.00936044
0.00618966
-0.00248816
0.00272701
-0.0057016
-6.36071e-05
-0.017463
0.0202001
-0.00147901
-0.00317534
0.00414845
0.00371318
0.00153418
-0.00277278
0.000807594
-0.000171045
-5.88274e-05
0.00476002
-0.000259068
-0.00442687
0.00337961
0.00138864
-0.00692959
0.00197383
-0.00317073
0.00116771
-5.78284e-05
-0.00112299
-0.000476443
0.000315542
0.000827748
-0.00283354
0.00732855
-0.000399773
-0.00144205
0.00106396
0.000108297
0.000415707
-6.57258e-05
-0.000458278
0.00121499
0.000417803
-0.000763831
0.000266134
0.00010608
0.000213283
-0.000698514
-0.00185708
-0.000795189
0.0016665
0.00170385
-0.00684876
0.00392138
-0.0239537
0.00646381
0.0153169
0.00217294
0.0128634
0.00263845
0.00183632
-0.00173238
-0.000111077
0.000557406
-2.0304e-05
-0.000426024
-0.000385716
-0.000175088
0.000279761
-9.86138e-05
-0.000319451
0.000517584
-0.000592989
0.000300355
0.000800695
0.00107637
-0.000164835
-0.000833022
-0.00174007
0.000589559
0.000733537
0.00235764
-0.00508059
-0.000695365
0.000500392
0.00072251
0.00020887
0.00118001
0.000137257
-0.000324239
0.000281991
-3.26743e-05
-0.000396094
0.000750435
-0.000325105
-0.000588232
-0.000328816
0.000161414
-2.62753e-05
-0.000244324
-0.000250757
-0.000198605
-0.000391814
-0.000230186
0.000500144
-0.000465459
0.00133344
-0.00450447
0.000183337
0.00195024
-0.00430301
0.00391929
-0.0250255
-0.000718421
0.000756006
0.00182413
-0.000724377
0.0047062
-0.00240832
0.00127781
-0.00537639
-0.00611017
-0.00410331
-0.0147533
0.000188596
0.000206698
-0.000395294
0.00398627
-6.56241e-05
-0.00278712
-0.00113353
-2.10191e-05
4.50289e-05
0.00035833
0.000880047
-0.000620304
0.00020029
0.000378225
-9.67861e-06
-0.000837097
0.00307003
-0.00995815
-0.000187331
0.00191278
-0.00209553
6.37656e-05
0.0041933
0.00156516
-0.0105765
-0.00252463
0.00584922
0.0102344
-0.013559
-0.000337603
0.000111536
-4.50729e-05
0.00061286
0.000111186
-0.000609413
-0.000114633
-0.00145912
0.000742368
0.00126674
0.000150707
0.0011109
-0.00018524
0.000639847
0.00122546
-0.00118247
-0.000682838
0.00175923
0.00188306
0.00129976
0.00399792
-0.00516012
0.00490886
0.00365011
-0.00339885
-0.000139186
-0.000217991
0.000105026
-0.000176629
3.39202e-05
4.0458e-05
-0.000710831
-5.75512e-05
0.000783862
0.00424402
-0.000932057
8.99564e-05
-0.000134227
0.00474708
0.00806226
-0.000494801
-0.000775695
0.00136961
-0.000736048
0.000142131
-0.000884645
0.0044188
-0.00450403
-0.000339317
0.00188143
-0.00103548
-0.000506626
0.000205793
0.00129714
-0.00619172
-0.000390595
-0.000139327
0.000100551
0.000429371
0.00265903
-0.000349369
-0.0010471
0.00310828
-0.002357
0.00155068
0.000261978
5.03856e-05
-0.000239215
0.000365407
-2.84274e-05
0.000138607
-0.000475587
0.000848587
-0.00035007
-2.68665e-05
9.35537e-05
4.10767e-05
0.000469156
-0.000113204
0.000201506
0.000159637
-0.000187783
-0.000148134
-0.00239937
0.00139734
-0.000193285
-0.000333079
0.000197549
0.000389773
0.00072411
-0.000169067
-0.00103149
0.000731319
0.000648988
-0.000160972
9.91964e-05
0.000579965
7.27353e-05
0.00123033
0.000230876
0.0141097
-0.00136475
0.000528904
-7.04294e-05
-0.000392854
0.000168827
-0.000127405
-0.00186697
0.0105076
-0.0137438
0.00112054
0.0164812
-0.0224853
-0.00205964
-0.00288496
-0.00626538
0.00900501
-0.0021243
0.00293467
0.00044786
-0.00377658
0.00285353
0.00268065
-0.00564199
0.000911142
-0.000533136
-0.00123991
-0.00373162
0.00266594
0.00208306
0.00113272
-0.000538427
0.00186349
0.00221522
-0.00101659
-0.00306212
-3.0406e-05
-0.000203161
-7.06616e-05
0.00742377
-0.000766065
-0.000356484
0.000255936
-0.000353762
0.000454309
-0.00120114
0.000124188
0.00102552
5.14241e-05
-0.00852446
-0.000453324
-0.000502674
0.00114136
-0.00103709
0.00651758
-0.01104
0.00242995
0.0116811
-0.0106654
-0.000178368
-0.000213022
0.000676792
-0.000285403
-0.000777661
0.000572501
0.000446404
-0.000822163
-0.00888835
0.0204994
0.00155299
-0.00181085
-0.000207234
-0.000375428
-0.000558354
0.000402767
0.00045726
0.000396037
0.000442457
0.00339238
-0.000424885
0.00571706
0.00273066
-0.000743406
-0.000583735
-0.00911851
-0.00842675
0.00858331
0.00568444
0.0123148
-0.00928425
-0.00871502
-0.00127161
-0.00236599
-0.00179265
-0.00240691
0.00250507
-0.0242197
0.00463617
0.00709632
0.00133172
-0.000799137
-0.000536574
0.00357881
0.00138392
-0.00442616
0.00257722
0.000670361
-0.00431653
0.00326723
0.000934932
-0.00302748
2.27465e-05
-0.000260471
0.00429961
-0.00311458
-0.00916606
-0.000114672
-0.000813984
0.000127375
-0.000189678
-0.000167047
-0.00130085
0.00105717
5.39968e-05
-0.00281337
0.00115025
-0.000900743
-0.00131629
0.000550989
0.00302564
0.000239533
-0.00325953
0.00568622
0.00932497
0.00625006
0.000667375
-0.000402303
0.000175678
-0.00044075
-0.00443728
0.00464296
4.75306e-05
0.000358596
-0.0024083
-0.0031158
0.00155852
0.00396558
-0.00231211
0.000800952
-0.000897146
3.7055e-05
-0.000529215
-0.00114794
-0.00281469
0.00132429
0.00263834
0.00153078
-0.00138513
0.00178898
-0.00273407
-0.00166284
-0.00041426
-0.000140858
0.000395043
-0.0014594
-0.00168203
0.000819428
0.00244168
-6.78622e-05
-0.00012469
0.00358996
-0.00100119
-0.00178782
0.00412546
-0.000893135
-0.00219449
0.0039819
-0.00918653
0.00873574
0.00035865
0.00141538
0.000235472
-5.04041e-06
0.00127391
-0.000933033
0.000628241
-2.87194e-05
0.00105129
0.000634263
-0.00252593
-0.00195782
0.00186554
0.0026182
-2.65495e-05
-0.000393106
5.94682e-05
0.000119188
-0.000105909
-3.53467e-05
-0.00062675
-0.000963423
0.000230953
-0.00127824
-0.00076981
2.06097e-05
0.00162528
-0.00139289
-0.00290339
2.41461e-05
-0.00242655
0.00401081
-0.00199856
0.000389798
0.00577271
0.0130246
0.00407881
0.00163517
-0.00124288
0.00153214
0.00105674
-0.00197426
0.00020465
-3.19168e-05
0.000457761
-6.78412e-05
0.00217231
-0.000256887
-0.00252004
0.00013995
0.00155593
0.00319514
-0.00257876
-0.000157451
0.00273768
-0.00320261
-0.000469473
-1.84256e-05
0.000143109
-0.00060056
-0.000833586
-0.000322799
4.01005e-06
-0.000150684
-0.00239346
0.00203328
0.000565791
0.000238799
-0.000449096
-0.000355494
0.00412896
-0.00579721
0.00108737
0.00122015
-9.61437e-06
7.92705e-05
-0.000720349
-0.000370232
0.000149143
-0.000171618
0.000644472
-0.00161722
-0.00490692
0.00105262
-0.00199949
9.33674e-05
-4.27362e-05
-7.42007e-05
0.000172494
-4.54729e-05
-7.53994e-05
0.000108997
1.71893e-05
0.00104631
0.000569396
-6.13009e-05
-9.34802e-06
-0.000254602
-0.000159326
0.000151127
0.000340653
0.000144003
-6.0554e-05
0.000407048
-0.000482888
-5.57785e-05
4.66308e-05
0.000359834
0.000777905
-0.000616267
0.0042673
-0.0038526
-0.00101605
-0.000457135
0.00049075
0.000579245
-0.00783553
-0.00793206
-0.00392712
-0.000662825
-0.000366073
6.36497e-05
0.000621774
-0.000487256
0.000139071
-0.000242973
-2.25118e-05
-0.00166819
0.00189146
0.0024645
-0.000121727
-0.000546648
0.000323161
0.000345213
-0.000945542
0.00193438
-0.000967849
0.0158442
-0.0106918
0.00481607
0.00277079
0.000504663
0.000152117
-0.000338567
-0.000318213
0.000778957
-0.000461518
0.000253143
-0.000491143
-0.000421249
-5.60396e-05
0.000468938
-0.000803398
0.00665673
0.0144101
0.000452144
-0.00190327
0.00689822
-0.00245666
0.00219571
0.00650699
-0.00624604
0.00197954
-6.81862e-05
-0.0027848
0.002296
0.000930129
0.000624828
-0.00421045
-0.00170847
-0.000772087
-0.00719521
0.00166347
-0.00060099
0.00163075
-0.000688156
0.00135879
-0.000654122
-0.00263761
-0.00291837
0.00389553
-0.000141053
0.000528181
-0.000485742
-0.000953216
0.000253508
6.46012e-05
0.000243887
0.00164177
-0.00802004
0.00256817
0.00552696
-0.00329524
0.00510628
0.00131327
-0.00339416
0.00191326
-0.00378851
0.000881341
-0.00264113
0.00697487
-0.00209329
-0.00867009
-0.0045852
0.00354003
-0.00537021
0.00633546
0.00160292
0.000679318
-0.000420605
4.97471e-05
0.00067561
0.00410608
-0.000725932
0.000703639
-0.000280127
-9.9492e-05
-0.00020763
0.000236998
-0.000278962
0.000234368
-6.01965e-05
0.000129887
7.97447e-05
3.23671e-05
-1.19748e-05
-0.00029743
2.36233e-05
8.53732e-05
-5.98592e-06
2.66963e-05
-0.00342278
-0.00378756
0.0037502
-0.000521163
0.000199005
5.00986e-05
0.000272059
-0.00457675
0.000485676
7.18946e-05
-5.58339e-06
4.68351e-05
-0.00392805
0.000192031
-0.000155696
-3.63346e-05
-0.000670295
0.00125334
-0.000725456
0.000175783
-0.000915325
0.00267168
-0.00364219
0.000492566
0.00185909
0.00119211
-0.000722305
-0.00161719
0.000136415
-0.000698727
0.00528415
0.000537152
0.024961
-0.0102435
0.00586047
-0.000683416
0.000628819
-0.0022335
-0.000138049
0.0065714
0.00285151
9.46092e-05
1.47791e-05
-0.000109388
-0.000633852
0.000402401
-9.13475e-05
-0.00060704
-0.000322981
0.000204089
0.000196905
8.39914e-05
0.00145749
0.000165927
-0.000239798
0.000220637
0.00189278
-0.000895336
-0.0005646
-0.00183242
0.00329236
-0.00454558
0.00329486
-0.00110245
9.91228e-05
-0.000153367
0.00208738
0.000740473
0.00369828
-0.00277573
0.00172545
0.000528392
6.09896e-05
-0.000109898
-0.00476926
-0.00137733
-0.00606069
0.00679541
0.00378679
0.00519537
0.00177665
0.00208185
-0.0106463
0.0025038
-0.00152144
0.000680704
-0.00245065
0.00263032
-0.00145662
0.00127695
0.00278701
0.000665102
0.00333828
-0.000961011
0.000409747
9.75331e-05
-0.00631897
0.0013602
-0.000166643
5.79919e-05
-0.000701924
-0.00231556
-0.00478477
0.00429371
0.0042644
-0.00243144
0.000369087
-0.00220205
-0.00355328
-1.84817e-05
-0.00548921
-0.00032994
-0.00150924
0.0056374
4.74404e-05
0.000669845
-0.000160856
-0.024652
-0.00615963
9.19736e-06
-0.00291377
-0.0058384
-0.000434367
-0.00166174
0.00720595
-0.00319414
-0.0124797
0.000328498
-0.00212528
-0.00308003
0.00108583
-0.00464072
-0.0128771
0.0450862
-0.0315328
0.0463556
0.00345492
-0.00472601
0.00277641
-0.000816307
0.000921577
0.00327442
0.00246051
0.0150531
0.00135289
-0.00885031
0.0227619
0.0108863
-0.00601924
0.00239717
0.00693502
-0.00153528
-0.000835865
0.000474212
0.00122431
-0.00354528
-0.000525687
-0.000829528
7.70905e-05
0.000577275
0.000603289
-0.000313852
0.00154096
-0.000756189
0.0010576
-0.000301414
0.000170563
0.000432726
0.000305148
-0.000376775
5.41044e-05
0.000366114
0.000313004
0.000337363
0.000203249
-8.7039e-06
-0.00572817
-0.000253847
-9.88115e-07
0.00194427
-0.00197782
-8.68181e-05
0.00116667
-0.000677284
-0.000281984
-0.000407241
0.00029126
0.00011598
-0.00173888
0.00201166
-0.000473085
-0.000226862
-0.000528537
-0.00292564
0.00228209
-0.00101975
0.00106679
0.00333302
-0.00204971
-0.00249524
0.00119983
0.00231695
5.52595e-05
0.00148051
-5.24598e-05
0.00014546
0.000725081
-0.000943154
-0.000538117
0.00256338
-0.0020317
-0.000539791
0.00042334
0.000254412
0.000128101
0.00124775
-0.00700384
0.0102645
0.000709842
-0.00261458
-0.00326066
-0.00598616
0.00641328
-0.00436789
0.00209622
-0.0021251
-0.000353043
-0.00994755
0.00639922
-0.00175494
0.0013349
0.0159906
-0.0189475
0.00162206
0.00524694
-0.000632137
-0.00205194
-0.000485242
-0.00029211
0.000665815
0.000115321
-0.00413196
0.00156599
0.0170497
-0.000172815
0.00014791
-0.00091324
-0.00317036
-0.00246156
0.00368794
0.00229443
0.000363086
-0.000284308
0.00021269
-0.000291468
0.000106669
0.00178869
-0.000870016
0.00352711
-0.00338691
-0.00102101
-0.00270087
0.0032434
-0.000158976
0.00187353
-0.00228774
0.00752961
-0.0172176
-0.0206289
0.0303169
0.00124947
0.000377127
0.00102496
-0.00423211
0.013361
0.00192537
0.0027392
0.00120645
-0.0127472
0.00560359
0.0023154
0.000277869
-0.00819686
-0.0143148
-0.000775588
0.00311484
-0.0255606
0.0229825
0.0294004
0.00570408
-0.00121782
-0.000842892
0.000276852
-0.000517927
0.000961761
0.000482173
0.0010404
-0.000702677
-0.000367315
2.95901e-05
0.0111205
-0.0120796
0.00545674
0.000293168
3.35244e-05
-0.000530798
0.00548378
0.000422531
-0.000247861
0.000113
-5.84233e-05
-0.0042618
0.00461405
-0.00946398
-0.00117851
-0.0080445
0.0079336
0.00527161
-0.00560106
-0.000563685
-0.00450502
0.0146413
-0.00492008
0.00134524
-0.00222237
-0.00368042
0.0103058
-0.0109212
0.00215026
-0.00153489
0.00061004
0.0019475
0.000603396
0.00129957
-0.00642235
-0.00499311
-0.00150373
-0.00239882
-0.000124371
-0.000414206
-0.00233725
-0.000330298
0.00338033
0.000241636
0.000179868
0.000133018
0.000301954
8.52274e-05
-0.000617367
0.000349876
-9.75934e-05
0.000196664
0.00036786
-0.00469291
-0.000129189
0.00616763
-0.00134554
4.45811e-05
0.00232729
0.00254078
0.00451573
0.00603131
-0.00220402
0.000959566
0.00469938
-0.00457643
-0.00885536
0.00434445
0.000533722
-2.87864e-05
0.000148861
1.52119e-05
0.00173737
-0.000824787
-0.000912578
-0.00102374
-0.000852822
0.000676907
-0.000142942
0.00217285
2.88437e-05
-0.000469432
-0.000607523
-0.0013455
0.000305256
0.00256846
-0.00241404
-0.00331722
-0.00116728
0.00290511
-0.00263316
0.000350841
-0.000849646
-0.000731833
0.00100568
0.00201686
-0.00107746
-0.000624338
0.00131941
0.000731084
0.000473204
-0.000162497
-0.00089894
-0.000528442
0.00134316
0.000499439
-0.00131416
0.00094545
-0.00023697
-0.000235276
0.0015433
9.9467e-05
-0.000104469
0.000565988
-0.00115688
-0.00215864
-0.00412826
-0.000323248
0.000491036
0.00030758
-0.000754696
0.00106354
0.00167868
-0.00084778
-0.000840168
9.27202e-06
-0.00134959
0.00148515
-3.33365e-05
0.000662784
-0.000228484
-0.00506347
0.0049974
-0.0196708
-0.00767011
-0.000682028
0.000208549
0.000426385
9.82321e-05
-0.000271775
-0.00124484
-0.00496026
0.00638802
6.2823e-06
0.000689231
-0.000582371
-0.000113142
0.000566652
-0.000220169
1.34923e-05
6.37699e-06
0.00016968
-0.01836
-0.00425318
-9.27629e-05
-0.000436399
-0.00307482
0.000963953
0.00114121
0.000969657
0.00034091
-0.00109181
-0.000898808
-0.00200114
0.000949824
0.00195012
0.000928277
-0.00194742
-0.00206007
0.00309674
6.43454e-05
-0.00145825
0.000284611
-0.00207767
-0.00469638
-0.00651694
-0.0077385
0.0189518
0.00114398
0.0101965
0.00589392
-0.00859309
0.00605152
-0.00475659
-0.00740062
-9.00886e-06
0.0135397
-0.00351785
-0.00243992
-0.00356803
0.00321478
0.0099093
0.00101611
0.000671348
-0.00092016
0.000589911
0.0031081
-0.0056542
0.00729318
0.0114872
0.00527526
0.000896348
-0.00421871
-0.00160072
0.0120157
-0.007624
-0.00378445
-0.0021472
-0.0029293
0.0028732
0.0144948
-0.00209829
0.000250525
-0.00591786
-0.0166783
0.0157474
-0.00307839
0.00243833
-0.00522423
-0.00269406
0.0129243
-0.00639614
-0.0112245
-0.00359621
-0.00338825
0.00133808
0.00694783
-0.0112706
0.00865567
-0.00466627
-0.00395977
0.00478087
0.00479368
0.00325386
0.00716979
-0.00182692
-0.00327786
0.0016682
0.00168433
-0.000947855
0.0188917
0.000231011
0.00369875
0.00307239
0.000763023
0.00216144
-0.00127355
-0.0032069
0.00631596
-0.00356238
-0.000471529
0.000300125
0.00156488
-0.00139348
0.00669248
-0.000597198
-0.000400701
0.0130694
0.00243361
-0.00300468
0.00780457
-0.00136355
0.000494257
0.000700231
0.00423843
-0.00224954
-0.0016937
-9.70683e-05
0.00304002
-0.00124925
-0.00194017
-0.00181185
0.000992496
0.000368009
0.00322198
-0.00211084
-0.00052455
-0.000347707
0.00070664
-0.000358933
-0.00517958
0.0071448
-0.00074296
-0.000397301
0.0011808
5.15075e-05
-6.97214e-05
9.16667e-05
0.000153963
-0.000113433
-0.00156996
-0.00271796
0.000994556
-0.000560312
0.00214256
0.000636697
0.000409242
0.000275227
0.000481264
-0.00343497
-0.00117825
-9.26708e-05
-0.000349447
0.000186488
-0.000124059
0.000288575
7.41396e-05
-0.000716961
-2.96817e-05
-7.23075e-05
-0.00460519
5.7725e-05
-0.000735287
0.000884375
-0.000206812
0.00256903
-0.000131823
-0.00398176
0.00154456
-0.00175998
-0.00528494
0.00828624
-0.0118934
0.00172822
-0.0128363
0.0106816
0.00363608
0.0119369
-0.000539294
0.0299731
0.0101301
0.0118927
0.00652704
0.0034246
-0.00176113
-0.000810114
-0.00222937
-0.00100835
0.000692675
-0.000291155
0.00297913
-0.00117385
-0.00157178
-0.0114979
-0.000914357
0.000556911
-0.0229986
-0.00297924
0.000660956
-0.00535183
0.000654801
-0.00246696
0.00109393
0.000598827
0.0238737
-0.0185158
0.000906137
-0.00634356
0.00596482
0.000350575
-7.06224e-05
8.11267e-05
-0.00140138
-0.000412843
-0.000251175
0.000171331
0.000853318
-0.000681627
-0.00131781
0.000187681
-0.0024305
0.00139282
0.00344031
0.00552318
4.81241e-05
-0.000865112
0.000601134
-0.00118196
6.28962e-05
0.0120657
0.00368205
0.00388365
-0.000723064
-0.000656928
0.000907423
-0.00354433
0.00132618
0.000103554
-0.000537387
0.000226624
-0.00137183
0.000911151
-0.0118799
-0.0115572
-0.00290715
0.0103459
-0.00169251
-0.000159636
-0.000790993
-0.0149832
-0.00146791
-0.00242629
0.000155594
-0.0034173
0.00241887
-0.00681535
-0.0178828
-0.00631508
-0.00157904
7.73592e-05
6.03876e-05
-0.00121671
-0.00103962
0.000994675
-0.000654245
0.00051893
-0.000605606
0.000690659
0.0206344
-0.0065245
-0.0115551
0.00544391
-0.00157315
0.0128213
0.00404641
-0.00234868
-0.000823665
0.00401532
-0.00135872
-0.00189827
0.00444707
0.0103682
-0.0152004
-0.00774412
2.20658e-05
0.000461137
-0.00106068
0.00381873
-0.00108427
-0.00445749
0.0010097
-0.00109669
-8.71034e-05
0.00134404
0.000531078
0.000763699
-0.000693643
0.000702662
-0.00137321
-0.000158485
0.000348163
-0.001375
-0.000326463
0.000272993
-0.0175923
-0.000650352
0.000649248
7.84631e-05
0.00454082
0.0109053
0.000341208
-0.00936209
0.00148129
2.8197e-05
-6.91539e-05
0.00011347
4.72847e-05
0.00041652
0.000828728
-0.000336528
-9.91631e-05
0.000379562
0.00169226
-0.000376782
0.00033739
-0.000417744
0.000456297
-0.000811013
-3.53982e-05
5.01773e-05
-0.00413034
0.00137697
1.92962e-05
0.00651136
-0.00412591
0.00215357
-0.00453901
-0.00139483
0.00669867
-0.000209379
-0.000416993
0.000317238
-7.41203e-05
0.000209721
0.000634524
-0.00522652
0.0044917
-0.000203833
-0.000296576
0.00229496
0.000355703
0.000418315
-0.00600054
0.000287341
0.00469545
-0.000202624
-0.000325446
0.000525203
0.00610884
-0.0110973
-0.00148495
0.000186469
-0.00253238
0.00173979
0.000699008
0.00225513
-0.00312795
0.00649303
0.00698016
-3.66907e-05
-0.00434986
0.000420235
-0.000619619
-0.000530806
-0.00041875
-0.00388695
-0.00403372
0.00450008
0.00183143
0.00445418
0.000931806
0.00286491
0.000614199
-0.0059945
-0.00741751
0.00321185
-0.00603783
-0.00127546
0.000612395
-0.00208302
0.00334812
-0.000388293
0.00269099
0.0036642
-0.00287736
-0.00347783
-0.000692354
0.0058141
-0.00463471
-0.000275045
-0.00276998
-0.00164094
-0.000244744
0.00340339
-0.0015177
0.000852208
0.00260431
-0.00232614
-0.00228958
-0.00147665
-0.00274149
0.00463074
0.000787462
-0.00123318
-0.000474107
0.00340869
-0.00219222
-0.000541709
0.00107219
0.00255642
-0.00332859
0.00251677
0.000356647
0.000352123
-0.000917924
0.00125087
-0.00118423
-2.60448e-05
5.00124e-05
0.000933897
-0.00020993
0.000403857
0.000604628
-0.00675821
-0.0056308
-3.38465e-05
0.0106497
-0.00421176
0.00984064
-0.00728083
-0.00248348
0.00588625
0.0029712
0.000999767
0.00390039
-0.000135884
0.00446706
-0.00484024
-0.0023683
0.000920959
0.00445224
-0.0121622
-0.00226428
-0.00182571
-0.00460843
-0.00528584
-0.0074314
0.0017846
0.0126748
-0.00444365
0.016014
-0.00331739
0.00579185
0.00489393
-0.0079867
0.0111217
-0.00425519
0.00574623
0.00137841
-0.000631959
-0.000388118
-0.000345664
0.000149294
0.000244429
-0.00104624
-0.000354567
-0.000619784
-6.48401e-05
-0.00057116
0.00125578
-0.00182151
0.00183848
0.000659241
0.00100718
-0.000428268
0.00079955
0.000173286
-0.000465748
-0.00043563
0.000152949
0.000627536
5.15925e-05
-0.000346688
0.000584572
0.00268344
0.00092363
-0.0011066
-0.000914773
-0.00447833
0.00521923
-0.00147276
-0.00124003
-0.00130897
-0.00161186
-0.000118173
-0.00148368
-0.00228
-0.00107559
-0.00205226
-0.00415433
0.00254534
0.00412945
-0.00159132
0.00208204
-0.00263651
0.00214579
-0.00447694
0.00177406
0.00315463
-0.00100668
0.00292884
-0.00410811
0.00979467
0.00035828
0.00024592
0.000974086
0.0097263
-0.00326464
-0.00115302
-0.000989065
0.000199116
-0.0088908
0.0097944
0.00343375
-0.000219401
0.000593319
0.00213699
-0.000422336
-0.00131549
-0.0027336
0.00447143
0.000399051
0.00545091
-0.000301639
-0.00639423
0.0105586
-0.00640646
0.0016319
0.00245978
0.00188656
0.000606334
-0.000539228
7.22692e-05
0.00187636
-6.20661e-05
-0.000573034
0.00323764
-0.00346175
0.000797146
-0.00126955
0.000294197
-0.00164928
0.00180634
0.000523818
0.000198236
0.000346825
0.000941673
0.00482653
0.000295327
0.00598334
-0.00102616
-0.000462418
0.00222625
0.00120318
0.00624295
0.0107771
-0.0151069
-0.00101502
-0.01082
-0.000724159
-0.000498124
0.000611773
-0.00719818
0.00525764
-0.00298922
0.00492976
0.000671379
0.00663573
-0.00276315
0.000491596
-0.00292938
-0.00639357
0.00212478
-0.000290815
7.40769e-06
0.000572418
-0.000556958
-0.00590184
-0.0240329
0.0223041
0.00763055
-0.019642
-0.00116608
0.000585454
-0.000154658
0.000251922
0.000227872
0.000275666
0.000725735
-0.00546014
-0.00446918
-0.00998416
0.00780693
9.73072e-05
0.000324935
0.000136684
-0.000573463
0.000411486
0.000486912
-0.00222662
-0.00163444
-0.0107397
0.00177611
0.000114
2.9265e-05
0.000329407
-5.26302e-05
5.37653e-05
-3.52108e-05
0.000446831
-0.000276262
-0.000699586
-0.000116104
0.000329206
-0.000637879
-0.00979349
-0.0031944
-0.00974719
0.0132392
-0.000386697
-0.00153404
-0.000917154
-1.48468e-05
0.000232414
-0.00192044
-0.00194587
-0.000344061
0.00102058
-0.00126025
-0.000534032
0.00227372
-0.00149177
0.00658647
0.00732534
0.0012513
-0.000411518
-0.00100462
-0.000946548
-0.000423965
0.00121858
0.00124099
-0.00029056
0.00249844
-0.00314043
0.00372224
0.000175588
0.00771139
-0.00511014
-0.000724223
-0.000137842
-4.11859e-05
-0.000822252
0.000299738
-0.000257073
-0.000228967
-0.00197754
3.98477e-05
0.000438736
0.00073221
-0.000371305
-0.00085817
0.00222853
0.0121313
0.00552182
0.0144466
-0.00704525
0.0124712
0.000384684
0.00110659
0.000960322
-0.00496298
0.00285225
0.00215883
-0.00762693
0.00700023
-0.000526541
-0.00345522
-0.00381282
0.00403327
0.000289743
0.000403855
4.54302e-05
-3.94519e-05
0.00136304
-0.0037282
8.5164e-05
0.00237135
-0.00212131
7.89013e-05
-0.000189255
0.00155188
-0.000313426
0.000735559
-0.00193352
0.00225873
-0.00131019
0.000758263
-0.000162927
0.000844329
6.05567e-05
-0.000741959
0.00140902
0.00158527
0.000270807
0.00017635
0.00170745
0.000745383
-0.00018259
-0.00227024
0.000698593
-0.000236173
-0.00184804
0.00391368
-0.000479646
7.99626e-05
-0.000621723
0.00116899
-0.000370916
-0.000586304
0.000772939
0.000695293
0.000201279
-0.000552195
0.000229398
0.00117804
-0.00284827
0.00154523
-0.000635141
-0.00137895
-0.000327415
-0.000536745
2.64801e-05
1.2324e-05
0.000362179
-0.000619048
-6.30795e-05
-0.000139493
9.85515e-05
0.00012773
-0.000597869
0.000623648
-0.00169502
-0.00108883
-0.00272453
-7.23408e-05
6.47374e-05
5.44205e-06
-8.44159e-05
1.42365e-05
-0.000226964
0.000105431
-0.00039963
0.000322231
2.95757e-05
-0.000465011
-0.000623685
-5.34483e-05
0.000198433
0.00269299
0.00310626
-0.00254075
0.0001573
0.00136508
-0.00129165
0.000424752
0.001467
0.00042036
-0.00241014
-0.000405271
-0.000166386
0.000917403
0.00250316
-0.00588026
-0.000122007
0.00194753
-0.000951228
-0.00222418
-0.0020328
0.00327734
0.000343563
0.000320139
8.28023e-06
0.000364204
0.0054213
0.000380696
-0.00141415
7.70014e-05
-0.00624787
0.000628927
-0.00289952
-0.00731656
0.00351072
0.00175203
0.000181126
-0.000161454
0.00189917
-0.00120738
0.00933351
-0.00376302
0.000195509
0.000287571
-0.0108647
-0.00221805
-0.00991554
0.00838435
0.00910385
-0.00167959
-0.00272488
0.00514699
-0.00331425
0.00356848
-0.00183704
-0.000428371
-0.00471503
0.00236395
0.00673191
0.00899658
0.000626331
-0.00776317
0.00604049
0.00591055
-0.0135368
0.00391286
-0.00376652
0.0133905
-0.00836172
-0.00513394
0.00782128
-0.00761644
-0.0102652
0.0100603
0.0121004
0.00078434
-0.00793331
0.0138028
-0.0118379
-0.00701365
0.00234399
-0.00147051
-0.0013312
0.000267266
0.000459505
-0.00254707
-0.000411059
0.000375931
0.00621339
-0.00245018
0.000451561
-0.00208364
-0.00682364
0.00659967
0.00206897
-0.00535143
0.00605221
-0.00881426
0.0108881
0.000849118
-0.000803654
-0.000692038
-0.00362131
-0.00111854
-0.00381102
-0.0013915
-0.00238041
0.00592548
0.00130401
-0.00550799
-0.00287597
-0.00232482
-0.000110829
-0.00659676
-0.000157022
0.00188075
-4.02966e-06
3.02347e-05
0.000408677
-0.000318275
0.000444532
0.000275556
0.00045239
0.000200446
-0.00198275
0.000295036
-6.88617e-06
0.00336722
-0.00567193
8.5744e-07
-0.00113138
0.00181009
0.00199525
0.00292817
0.000553771
-0.00467447
-0.00218002
0.00160993
-0.00297774
-0.0245162
0.0212059
0.0072106
-0.00239185
-0.00498042
-0.00571295
-0.000193835
0.00460794
-0.00587878
-0.000845082
-0.000650588
-0.000654055
0.0012314
-0.00137941
0.000873989
-0.000554306
0.00471837
0.000517512
0.00259857
0.0018559
0.00331455
0.00150477
0.00161162
0.00108659
-0.000733513
-0.00107236
0.000726458
-0.003401
-0.00114841
-0.00820934
0.00996952
-0.00103944
0.00174883
-0.000333304
0.00298882
0.00473346
0.00117162
-0.000944485
-0.000119673
0.000560751
-0.00112687
0.00157072
-0.00287434
0.000231147
0.000255027
-0.0019631
0.00112631
0.00188106
-0.00118376
0.00614028
0.000597599
-0.00117873
-0.00555542
0.0018628
0.00161495
-0.00141424
0.000408042
-0.000123813
0.000239143
0.000408619
0.00026488
0.00041166
-0.00380825
-0.00111138
-0.00171319
-0.000546607
6.68317e-05
-0.000154077
-0.00147178
-0.00231999
0.00108293
-0.00120059
0.000334977
-1.96523e-05
0.000390917
-0.00031749
0.00100553
5.93006e-06
0.000203964
1.42313e-05
3.29582e-05
3.08156e-05
-0.000130905
-3.16964e-05
9.27013e-05
-0.000558435
0.000312378
0.000705725
-0.0001054
0.000246529
-0.000240747
0.000789438
-0.0023643
0.00480921
0.0048457
0.00450082
-0.00607447
0.00106713
0.00250454
-0.000919305
-3.9907e-05
-0.000192676
-5.79492e-05
-0.000121762
2.40151e-05
-0.00120085
0.00277099
2.00361e-05
0.00239338
-0.00291726
-0.000578188
-0.00134571
-8.40172e-05
-0.00923813
0.00185358
0.0005094
-0.000610929
0.00135525
-0.000538942
-0.00113635
-0.000102818
0.000363656
0.00205741
-0.00180232
-0.000420975
-0.000624752
0.000573767
0.00224991
-0.0011369
0.00244549
-9.38183e-05
0.00128434
-0.000414991
-0.00248734
-0.000357781
-0.000365148
-0.000813691
0.00047623
-0.000864095
0.0013434
0.0145552
-0.00409113
-0.000616956
0.00175957
0.00202049
-0.00446849
-0.0614769
-0.00128368
-0.00191462
0.000175676
-0.000145865
0.00171419
-0.001744
-0.00287838
0.00207493
0.0014441
0.0341391
0.000178453
-4.76243e-05
0.000812817
0.000235232
1.97819e-06
0.00272309
0.0019769
-0.00540543
0.00331074
-0.00357314
-0.00106294
0.000308741
-0.0009643
0.000709896
0.000610907
-0.000165471
1.73609e-05
1.70553e-05
-0.000726401
0.000210764
0.00173536
-0.00112036
0.000714577
-0.00275457
-0.00484574
-0.000819675
-0.00290097
0.00214956
-0.00152165
0.00404619
-0.00251592
0.00349662
0.00724634
-0.00225848
-0.00314493
0.00652489
0.00556672
0.00657846
0.00431451
-0.0033614
0.00520556
0.00235613
-0.00157835
-0.0107422
0.0115388
-0.0132421
0.000857725
-0.00318697
0.000688326
-0.00174492
-0.000777339
0.00698355
0.00970145
0.00675516
0.0312695
0.000959577
-0.0149565
0.00222847
0.00649307
-0.00222833
0.00103412
0.000461044
0.00187999
0.00030588
0.0018388
0.00184189
-0.00630427
0.00105723
0.000157685
-4.41404e-05
0.000735721
-0.000930974
-0.00263895
-0.000600085
0.00344738
0.00336776
-0.00460768
0.00158518
-0.00400155
-0.00866816
0.00688065
-0.00201539
0.000400178
0.00124354
-0.00116997
0.00208846
6.85227e-05
-0.000736016
-0.00111895
0.00250688
0.000624425
-0.00110439
-0.00253839
0.0104
-0.000580993
0.0193891
-0.00559983
-0.000103867
0.00130723
-0.000585016
-0.00239324
0.00551481
0.0069456
-0.00321223
-0.000697079
0.00871604
-0.0040514
-0.0275587
-0.018996
0.00477693
-0.00880801
0.013404
-0.0104473
-0.0115766
9.75805e-05
0.00511449
0.00194556
-0.000533015
0.00812928
0.00333737
-0.00903264
-0.0160279
-0.00928113
-0.00157208
0.00201681
-0.000103824
0.00182596
0.000654789
-0.00222207
-0.00431757
0.000920222
-0.00667651
-0.00645328
0.0133667
-0.00944402
-0.00259599
-0.000333798
-0.0124656
0.0143779
-0.00157856
0.00136597
0.00237589
-0.00172944
-0.00689168
0.00263591
-0.000489873
0.0029016
-0.00152664
0.0090031
-0.00298848
-0.00335537
0.00152094
0.0120917
-0.00095469
0.00105416
0.000677193
-0.000111057
-0.000804694
-0.0023256
0.000867594
-0.0183009
0.00521634
-0.00350232
-1.66856e-05
-9.49634e-05
-2.4958e-05
8.95289e-05
-1.11983e-05
-5.89863e-05
-4.93941e-05
0.000155872
-0.00285801
-0.00382747
0.00015585
0.000856751
0.000383231
0.00491988
-0.000188004
0.0005469
-0.00120205
0.00104495
-0.000787317
-0.00161855
-0.00207209
-0.00413811
-0.00472201
0.00180857
-0.0138121
-0.0015524
0.000125909
0.00228937
-0.00106949
0.00145069
0.0036638
-0.00743176
0.000303317
-0.00205684
0.00405317
-0.00298839
0.00239725
-0.00135934
0.00439182
-0.0014924
-0.00323919
-0.00456491
-0.00485691
-0.00555707
-0.00230305
-0.00364297
-0.00105088
-0.000117612
0.000100619
0.000729758
-0.00115142
-0.00456108
0.000882396
0.0151979
0.000149762
-0.000322285
0.00182769
-0.00157794
-0.000300309
-0.0135962
-0.00201597
0.000488605
-0.00136825
0.00123317
0.000601333
-0.000752333
0.0007474
-0.000185823
0.0012679
-9.8316e-05
-0.00443141
0.0047791
-0.0015481
-0.00220724
0.00277828
0.000921094
0.00356332
-0.0021351
0.000357485
-0.000386501
0.00200449
0.000643085
-0.00250218
0.00375596
0.000524113
0.000209064
-0.000584134
-0.000228812
0.000676403
-0.00103185
-0.0101629
-0.000152315
0.000476276
0.000685199
-0.000218957
-0.00110452
-3.93232e-05
-0.00105614
1.81497e-05
-0.00299851
0.00208321
-0.000155233
0.000185447
-0.00323111
0.000364469
-0.000959278
0.00125254
-0.000317896
-0.000701197
0.000934123
-4.09535e-05
4.92083e-05
0.000774663
-0.000146786
0.000516973
-0.00237428
0.00341079
-0.00565118
-0.00529412
-0.00722694
0.000565097
-0.000730568
0.00327418
0.0010857
-0.0108668
0.00413931
-0.000690059
0.000578782
-0.000203345
-0.000230739
-5.36328e-05
0.00072151
-0.000132014
0.00163024
-0.000155586
-0.00291245
-0.000723525
0.000767422
-0.000461263
0.000286345
-0.000882681
0.00125028
7.45729e-05
0.00705534
-0.00611075
-0.00119338
-0.00767501
0.0123446
-0.000826609
-0.0042499
0.00115456
0.000816945
0.0102752
0.0032004
0.00693536
0.0138884
-0.00231932
-0.00256149
-0.000111397
-0.000312586
0.00448267
0.000835191
0.000582288
-0.000269791
-0.00727207
-0.00286574
0.0128605
-0.00486186
-0.000296686
0.00220561
-0.00340532
0.00152267
-0.00130252
-0.00188411
0.00138121
0.0173676
0.0250264
-0.0177025
0.0108537
-0.00315053
-0.000668806
0.000720773
5.21485e-05
0.0012429
0.00613146
0.00446299
-0.00263981
0.00270585
0.000652742
0.00234681
-0.00291835
-0.00120584
-0.000347359
0.00153324
0.000629197
-0.000794557
0.000805386
0.00157176
-0.00105824
0.00186649
0.00030816
-0.00232904
0.000477757
0.00201848
-0.00401368
0.00133119
0.00130473
-0.00154913
0.00112764
0.000313239
-0.000774758
0.00121782
-0.00125235
0.0013049
-0.00434809
-0.00836067
0.00440424
0.00449358
9.58158e-05
-0.000576403
-0.00954629
0.0157315
-0.000233356
0.02093
-0.0755439
0.000199438
-0.000217095
-0.000543348
2.21876e-05
-0.00300468
-0.00659261
0.0035937
-0.00455909
-0.00234549
-0.00158486
-0.000622296
-0.000376797
-1.84776e-05
7.76041e-06
-0.00147734
0.00135136
0.00012363
-0.0104378
0.000398973
-0.00395544
-0.00267654
0.0134508
-0.0124332
0.000206063
0.000375999
-7.48002e-05
9.84236e-05
-0.0295839
0.00808863
0.00298099
8.88219e-05
-0.000345712
-0.00285218
0.00571175
-0.0118365
-0.00220671
-8.05121e-06
-0.00702461
0.00277431
-0.00312978
0.00225849
0.00326081
-0.000510282
-0.000207164
-0.00786547
0.00154729
-0.000897928
0.000944635
0.000514005
0.000147476
-0.00183053
-0.00722901
0.00484744
-0.000921867
0.00567864
-0.0113355
0.00703409
0.000555001
0.00161593
0.00489943
-0.00234504
-0.00172949
-0.0130909
-0.00138961
0.00177063
0.000148272
4.78041e-05
-0.000929403
-0.00142832
-0.000165794
-0.000577632
0.000213907
-0.000582455
-0.000449698
0.000676781
-0.000201122
0.00332372
0.0174426
0.00369388
-0.000176362
-0.00144106
-0.00154956
-0.00185393
0.00519813
-0.00178569
0.00220347
-0.00230368
0.0016755
-0.0118324
-0.00593109
0.000512889
0.000666983
-3.00068e-05
0.0193887
-0.0201769
-0.00779312
-0.00056007
5.22881e-06
0.000499341
-0.000480198
-0.00060465
0.000715987
-8.65498e-05
0.000227055
-0.000335953
-0.000557824
0.000490344
-6.3722e-05
0.000274651
1.82466e-05
-0.0110295
-0.000431544
-0.0001082
0.000799814
0.000549445
0.000108945
0.0170669
-6.30254e-05
-1.41146e-05
-0.00061143
-0.000737185
0.00216789
0.00687624
0.000950532
-0.00212457
0.00727948
0.0019936
-0.0138357
-0.00102682
-6.03592e-05
-6.30765e-06
-0.00865811
-0.039409
-0.0202708
-0.000842139
-0.0064784
0.000445563
0.000106967
0.00117944
0.00386541
-0.000425939
0.00621348
0.00122683
-0.00155365
-0.0130396
-0.000690189
-0.0110344
0.000958633
-0.000442904
0.000369438
1.98335e-05
-0.000537353
0.00312124
-0.00126224
-0.00529322
-0.000217402
0.00220762
-0.00218945
-0.00146306
-0.000504116
-0.000142264
0.00291084
0.000967286
0.000613709
-0.00339884
0.000589568
-0.000593365
-0.000209175
0.00307426
-0.0104453
0.00248796
0.00350658
7.45405e-05
0.000492658
-0.000431942
-0.00135995
-0.00718403
-0.0107873
-0.0011709
0.00229651
-0.000334865
-0.00249321
0.00411734
-0.00158466
0.00135923
0.00208606
0.00673304
0.000266863
0.00187849
0.000244496
-0.00605077
0.000215102
-0.000320957
0.0103314
0.00135849
0.000202302
-0.000901563
0.0001663
2.79647e-05
-0.000240961
-0.000383833
0.000181818
-0.00571802
0.00888778
-0.00172325
0.0159858
0.00473727
-0.0011653
-0.00975884
-0.00153272
0.000281808
-0.00105121
-0.0116465
0.00996126
0.000528648
0.00171449
0.00235663
0.000290091
-0.00212066
0.00099755
0.00109366
-0.00200562
0.000549539
-0.00335102
0.00418541
-0.00256495
-0.00891944
-9.88291e-05
-0.000187977
0.00511301
-7.20857e-06
0.000178345
0.000525568
-0.000398847
0.000169983
0.00645447
0.00080363
6.7524e-05
-3.45009e-05
-0.000266398
0.000398724
-4.15556e-05
-0.00046885
-0.00515082
-0.00460598
0.000821323
0.00214686
0.00279153
0.0002884
0.00145262
-0.00214711
-0.00440664
0.000174934
0.000567232
-0.000717414
-0.000225246
0.00435894
-0.000468208
-0.000168326
0.00111508
0.00316127
0.0153771
0.00187666
-0.00733357
-0.000471093
-0.000810082
0.000732038
0.000231242
0.00109418
-0.00121894
-0.00194853
-0.00285868
0.00101331
0.00177858
-0.0024068
-0.00493158
-0.00329458
0.011192
0.00101693
6.41087e-05
9.35449e-05
0.00456101
0.00227815
0.000590892
-0.000347622
-0.000853872
-0.0119058
0.000250064
-0.000315368
0.00367015
0.00965332
0.000159436
-0.00145318
0.000380012
-0.00129576
-0.0012768
-0.0288418
0.000741855
0.00176994
-0.00277823
0.000995316
-0.00165348
-0.000602828
-0.00164982
0.000383256
0.000546503
0.000528005
-0.000425758
0.00216591
-0.0028963
0.00177338
-0.00074666
-0.000100825
-0.00111282
0.0034786
-4.3319e-05
5.54716e-05
0.0005458
-0.000671431
3.22509e-06
-0.0014743
-0.00103116
-0.0011484
4.084e-05
0.00276028
0.00259101
0.00410329
0.00101276
-0.00120637
-0.000637405
-0.00252545
0.000738368
-0.00043594
0.000302428
0.00778027
-0.00759066
2.54854e-05
0.0012843
0.00283051
0.00021345
-2.37529e-05
2.39116e-05
-0.000308865
-0.0004943
-0.000518407
-0.000144274
-8.92039e-05
-2.24451e-05
3.2498e-07
-4.66002e-05
-0.000119516
-0.000110674
0.000266605
-0.000264458
-0.00113785
0.00046628
3.40139e-05
-0.00532499
-0.00446487
-0.000422548
-0.00499127
0.00154633
0.00032742
0.000196535
-0.00249724
-0.00180606
-0.0113205
0.000674336
0.000470216
0.0436151
-0.0168292
0.00990539
0.000336946
0.000118631
-0.000925987
-0.000578438
-0.00103237
-4.75238e-05
)
;

boundaryField
{
    outlet
    {
        type            calculated;
        value           nonuniform List<scalar> 0();
    }
    walls
    {
        type            calculated;
        value           uniform 0;
    }
    inlet
    {
        type            calculated;
        value           nonuniform List<scalar> 0();
    }
    model
    {
        type            calculated;
        value           uniform 0;
    }
    procBoundary2to1
    {
        type            processor;
        value           nonuniform List<scalar> 
103
(
0.00357713
0.0412415
0.00601923
0.00507617
0.00107994
0.00505826
0.0297649
-0.00145321
0.00356452
0.0504397
0.00315011
0.0861297
0.0124986
-0.00114885
0.00404655
0.00628244
0.00938666
0.00296379
0.0339426
0.0126571
0.0113871
0.0340013
-0.00181545
0.0151805
0.0311573
0.00199175
0.0284854
0.00361637
0.00331179
0.0273641
0.00631868
0.0175149
0.00645011
0.0550975
0.0195885
0.028011
0.0240087
0.0110692
0.0161018
0.0640794
0.00143142
0.0411968
0.0405979
0.0345262
0.00991217
0.0186655
0.0365318
0.00527331
0.0153641
0.0157491
0.0229784
0.0222702
0.0607583
0.0156741
0.0022752
0.0166065
0.00814985
0.0185738
0.0232363
0.0188657
-8.43758e-06
-0.00381424
0.00261538
-0.00120569
0.00458233
0.002301
0.0156177
0.012602
0.0264711
0.0021425
-0.000648249
-0.0026544
0.0267116
0.0570515
0.0338865
-0.000177593
0.0100693
0.0199245
0.0252453
0.00331873
-0.00255478
-0.00114215
0.00791218
0.0215152
0.0083831
0.0280472
0.00418182
0.00513531
0.000830294
0.0155027
0.00739025
0.0133203
0.0242499
-0.00273337
0.0228608
0.0964739
0.0110949
0.011127
0.00595467
0.0679112
0.0514568
0.00429782
0.0256332
)
;
    }
    procBoundary2to3
    {
        type            processor;
        value           nonuniform List<scalar> 
93
(
-0.00847412
-0.00664151
-0.000717057
-0.00383224
-0.00423805
-0.0144169
-0.00291946
-0.0120322
0.00181297
-0.00352001
-0.00803678
-0.00367939
-0.00480535
-0.00365672
-0.00353231
-0.0030936
-0.00131097
-0.0018521
-0.0416669
-0.00951461
-0.00323248
-0.00204825
-0.00212983
-0.0033258
-0.00125953
-0.00402814
-0.0104596
-0.00355514
-0.0147087
0.000537348
-0.00969411
-0.0102703
-0.0117593
-0.00110745
-0.0041402
-0.0345963
-0.00772427
-0.00246903
-0.0190554
-0.00993254
-0.0172334
-0.00370653
-0.0155471
-0.00158751
3.03489e-05
-0.0111727
-0.00938254
-0.00665759
-0.00258159
-0.0228454
-0.0229907
-0.0236703
-0.00343385
-0.00266257
0.00206269
-0.00961202
-0.00244181
-0.00409524
-0.000606268
-0.00672137
-0.00349261
-0.0131543
-0.0230428
-0.0132865
-0.00153577
-0.00146493
0.00104738
-0.00258704
-0.00468662
0.00010759
-0.00869696
-0.00581841
-0.0059029
-0.022861
-0.0126844
-0.0169644
-0.00263302
-0.00220418
-0.00348128
-0.0113744
-0.00960384
-0.0315076
-0.0192278
-0.00570912
-0.0106807
-0.046338
-0.0299857
-0.00674306
-0.00697761
-0.00109474
-0.00335236
-0.00280244
-0.00329839
)
;
    }
    procBoundary2to4
    {
        type            processor;
        value           nonuniform List<scalar> 
118
(
-0.0197761
-0.00415255
-0.00383319
-0.00926739
0.000173637
0.000157971
-0.00538838
-0.00600346
-0.00135179
-0.00274532
-0.00816918
-0.0202995
-0.0127423
-0.0015298
8.60298e-05
-0.0132782
-0.00366662
-0.00541887
-0.0215623
-0.00854484
-0.00212556
-0.0114049
-0.00459718
0.0129419
-0.0320337
-0.00901586
-0.0431893
-0.00172143
-0.00581376
-0.000710815
-0.00262944
-0.00225336
0.0217031
-0.00371935
-0.00786647
-0.00528482
-0.00889841
-0.0129202
-0.0294948
-0.0023048
-0.00389852
-0.0106327
-0.00976825
-0.0181942
-0.00396627
-0.00053324
-0.00245613
-0.00116476
-0.0023938
-0.00462619
-0.00851517
-0.0168123
-0.0188981
-0.0068773
-0.00175876
-0.00937066
-0.0066245
-0.00757553
-0.00614122
-0.0006328
-0.00673317
-0.00369259
-0.00718401
-0.00402704
-0.000309697
-0.00367184
-0.00221139
-0.00217633
-0.00537795
-0.00231606
-0.000479483
-0.0199663
-0.00244836
-0.00920424
-0.011934
-0.000734495
-0.0155365
-0.00613516
-0.0101654
-0.00580023
-0.00441726
-0.00602882
-0.000589599
-0.00816953
-0.00764261
-0.0136269
-0.00909734
-0.000397429
-0.0144016
-0.00338226
-0.00858162
-0.00305342
-0.00845655
-0.00873929
-0.00839681
-0.00734078
-0.00514332
-0.00355989
-0.00138852
-0.00413421
-0.003763
-0.00428717
-0.000990329
-0.00914592
-0.000955166
-0.000257962
-0.00721089
-0.0328356
-0.00664662
-0.00236574
-0.00900258
-0.00370377
-3.66043e-05
-0.00236206
-0.00270024
-0.0155225
0.000242617
-0.00296922
)
;
    }
    procBoundary2to5
    {
        type            processor;
        value           nonuniform List<scalar> 
94
(
-0.00016289
-0.000416236
-0.00379509
-0.000941854
-0.000172664
-0.00411908
-0.000826152
0.000325078
-0.00288567
-5.50752e-05
-0.00150046
-0.00356458
0.00137431
-0.00210402
0.00127832
-0.000684118
2.51886e-05
0.000137839
-0.00494096
-0.00064878
-0.00507134
-0.0105525
-0.00719591
0.000312158
0.00206393
-0.000832795
-0.00016672
-0.00152352
0.00119966
-0.0137224
0.00026873
-0.00372338
0.00041004
-0.000163374
-0.00786804
-0.00562822
0.00400277
-0.000812609
0.00102139
0.000330217
-0.00141721
0.000405524
0.000606308
-0.0136941
-0.00980768
6.96281e-05
-0.00493241
-0.00557584
-3.8926e-05
-0.000943835
-0.00947001
0.00386203
-0.00192785
-0.000560403
-0.00222105
-0.00141115
-0.00320159
-0.000187294
0.00398638
-0.000805853
-0.00397946
2.42082e-05
0.000390949
0.000572772
-0.00545621
-0.00132117
-0.00227797
-0.000379942
7.57299e-06
-0.00587624
-0.000563143
-0.00557643
-0.007987
-0.00270963
-0.000531764
-0.00109782
-0.00326639
-0.0146786
-0.000175195
-0.000828511
-0.00859027
-0.0105801
-0.00782405
-0.00217887
-0.00330956
-0.00532467
-0.00417032
-0.0184018
0.000392446
0.000732635
-0.00257054
-0.00025208
0.0001041
4.62402e-05
)
;
    }
    procBoundary2to7
    {
        type            processor;
        value           nonuniform List<scalar> 6(-0.0237928 0.00812254 -0.00778333 -0.0551849 -0.00896802 -0.0111128);
    }
    procBoundary2to8
    {
        type            processor;
        value           nonuniform List<scalar> 2(0.0461079 0.060766);
    }
}


// ************************************************************************* //
