/*--------------------------------*- C++ -*----------------------------------*\
| =========                 |                                                 |
| \\      /  F ield         | OpenFOAM: The Open Source CFD Toolbox           |
|  \\    /   O peration     | Version:  2506                                  |
|   \\  /    A nd           | Website:  www.openfoam.com                      |
|    \\/     M anipulation  |                                                 |
\*---------------------------------------------------------------------------*/
FoamFile
{
    version     2.0;
    format      ascii;
    arch        "LSB;label=32;scalar=64";
    class       volScalarField;
    location    "0.0689058";
    object      nut;
}
// * * * * * * * * * * * * * * * * * * * * * * * * * * * * * * * * * * * * * //

dimensions      [0 2 -1 0 0 0 0];

internalField   nonuniform List<scalar> 
3919
(
0.00430917
0.00442585
0.00316609
0.00240576
0.00390183
0.00446319
0.00304296
0.00492843
0.00675693
0.00380805
0.00419209
0.00540503
0.00434827
0.00528295
0.00468085
0.00342223
0.00630576
0.00596095
0.00509672
0.00500571
0.00556343
0.00378464
0.00710244
0.00625959
0.00711429
0.00452367
0.00685731
0.00589837
0.00314229
0.00405804
0.00417372
0.0056149
0.00688266
0.00486096
0.00650882
0.0064036
0.00234236
0.00414061
0.00648768
0.00443339
0.00500377
0.005486
0.00651054
0.0043205
0.00222162
0.00295644
0.00201566
0.00401449
0.0048602
0.00704683
0.00688284
0.00393473
0.00710719
0.00456084
0.00340105
0.00702309
0.00301297
0.00303462
0.00681418
0.00472327
0.00294153
0.00390696
0.00336693
0.00351454
0.0052623
0.00451809
0.00676346
0.0037881
0.00497329
0.00705725
0.00612785
0.00368789
0.00281697
0.00328045
0.00302724
0.00337071
0.00620805
0.00683437
0.0056258
0.00417067
0.00406339
0.00702739
0.00645554
0.00568524
0.00567917
0.00593815
0.00502743
0.00365246
0.00401649
0.00397791
0.00335
0.00279057
0.00276453
0.00699311
0.00380863
0.00383016
0.00402571
0.00461878
0.00356093
0.0060424
0.00657416
0.00468526
0.00341992
0.00635771
0.00238595
0.0064108
0.00352448
0.00382084
0.00414743
0.00375899
0.00399558
0.00477814
0.00444527
0.00612096
0.00629222
0.00594001
0.00613865
0.00518324
0.00384411
0.00428429
0.00479692
0.00456995
0.00695643
0.00325203
0.00628749
0.00577065
0.00684166
0.00440357
0.00293808
0.00493775
0.00643937
0.00432733
0.00262643
0.0070485
0.0051097
0.00514658
0.0047705
0.00508148
0.00440611
0.0043876
0.00511487
0.00720605
0.00425088
0.00688746
0.00564371
0.00477465
0.00242412
0.00658146
0.0062786
0.00507311
0.0044657
0.00657323
0.0053738
0.00527875
0.00613501
0.00673958
0.00687713
0.0043314
0.00700453
0.00419517
0.00563878
0.00381769
0.00268794
0.00600258
0.00341118
0.00297091
0.00298363
0.00392903
0.00436885
0.00700878
0.00205086
0.00499675
0.00612165
0.0063408
0.00311896
0.0044617
0.00378679
0.00609107
0.00425481
0.00398526
0.00192471
0.00388766
0.00685904
0.00437957
0.00417018
0.00464751
0.00347277
0.00513196
0.00438195
0.00386729
0.00468481
0.00446252
0.00285285
0.00471853
0.00398211
0.00670455
0.0033165
0.00640457
0.00372579
0.00237908
0.00673598
0.00408873
0.00646104
0.00438362
0.0035102
0.00710175
0.00714681
0.002898
0.00429599
0.0041578
0.00300362
0.0064179
0.006986
0.00703485
0.00360662
0.00702598
0.00705288
0.00421454
0.00473984
0.00628142
0.00699816
0.00495573
0.00516338
0.00514135
0.00687678
0.00608273
0.00448317
0.00439935
0.0038187
0.00525868
0.00271704
0.0052002
0.00265923
0.0045388
0.00441057
0.00454606
0.00551328
0.00546768
0.00420738
0.00470658
0.00207397
0.00384163
0.00343907
0.00198876
0.00203533
0.00419441
0.00339523
0.00290683
0.00231569
0.0031364
0.00306699
0.0020487
0.00291266
0.00307925
0.00331007
0.00316442
0.00352495
0.00419615
0.00388114
0.00324974
0.00430253
0.00377678
0.00299674
0.00296306
0.00389525
0.00236364
0.00393088
0.00211181
0.00411871
0.00400418
0.0052773
0.00335443
0.00331067
0.00261826
0.0036465
0.0038463
0.00682814
0.0023984
0.0036241
0.00396631
0.00361225
0.00486572
0.00299033
0.00543957
0.00332913
0.00555424
0.00685788
0.00343713
0.00431803
0.00194045
0.00683195
0.0046273
0.0044067
0.00708866
0.0041533
0.00234456
0.00571538
0.00466033
0.00618873
0.00204781
0.00470979
0.00407103
0.00444948
0.00414209
0.0063051
0.00407108
0.00236197
0.00337999
0.00602157
0.00435084
0.00369133
0.0037527
0.00448929
0.0029841
0.00366942
0.0046461
0.00410046
0.0022806
0.00516101
0.00458222
0.00463571
0.00671945
0.00426985
0.00436294
0.00428255
0.0039736
0.00492543
0.00503832
0.00394515
0.0058469
0.00511781
0.00705224
0.00608413
0.00406119
0.00611145
0.00655118
0.00194465
0.00325245
0.00393889
0.00472125
0.00381743
0.00395633
0.00457966
0.00262473
0.00456113
0.0068478
0.00395785
0.00362254
0.0048723
0.00466908
0.00251514
0.00482072
0.00681039
0.00491476
0.0042084
0.00385507
0.00421062
0.00343541
0.00383706
0.00707992
0.00655207
0.00485188
0.00503863
0.00548646
0.0070373
0.00697675
0.00699319
0.00340632
0.00606458
0.00689623
0.00521458
0.00418408
0.00706482
0.00459475
0.00377442
0.00412577
0.0062029
0.00657301
0.00564397
0.00420888
0.00378449
0.00237834
0.00401837
0.00342372
0.00336205
0.00537601
0.0031268
0.00364211
0.00450753
0.00344493
0.00413797
0.00289402
0.00447645
0.00204098
0.00403468
0.00398548
0.00235845
0.00269039
0.00239999
0.00697136
0.00531806
0.00425474
0.00330562
0.00691988
0.0043112
0.00442487
0.00489157
0.00348059
0.00347133
0.00286597
0.00392421
0.00446873
0.00435152
0.00462809
0.00280335
0.0044728
0.00334779
0.00380426
0.00287548
0.00623829
0.00450734
0.00286268
0.00563869
0.00285905
0.00276012
0.00424395
0.00676737
0.00624992
0.00428098
0.00427439
0.00609632
0.00471712
0.00501269
0.00436939
0.00505394
0.00294759
0.0033643
0.00318489
0.00342958
0.00193951
0.00189858
0.00330411
0.0032078
0.0032649
0.00293272
0.00377176
0.00376577
0.00319943
0.00443596
0.00407129
0.00460108
0.00304227
0.00425693
0.0046382
0.00223089
0.00281599
0.00595798
0.0042536
0.00350085
0.0036221
0.00322619
0.00233769
0.00235843
0.00336665
0.00287008
0.00340866
0.00655012
0.00494203
0.00669586
0.00629831
0.00584656
0.00526804
0.00337807
0.00256173
0.0047182
0.00373725
0.0032558
0.00251875
0.00275505
0.00583648
0.00347098
0.00492127
0.00404869
0.00686763
0.00407163
0.00398401
0.00417654
0.00447849
0.00390551
0.00351097
0.00696788
0.00503448
0.00382855
0.00267886
0.00375313
0.00393346
0.004737
0.00261968
0.00486902
0.00348266
0.00456993
0.0039976
0.00473947
0.0024204
0.00453403
0.00450036
0.00421162
0.00348618
0.00254831
0.00432453
0.00371112
0.00378508
0.00399749
0.00454507
0.0050636
0.00614828
0.00296089
0.00568959
0.00385861
0.00253946
0.00464458
0.00339839
0.00379029
0.00608735
0.00403163
0.00513078
0.00443714
0.00398312
0.00372353
0.00356315
0.0024507
0.00326716
0.00323154
0.00605205
0.00670531
0.00492581
0.00368743
0.00382465
0.00166862
0.00310226
0.00169775
0.00317725
0.0029337
0.00423049
0.00552558
0.00354561
0.00421755
0.00391903
0.00385815
0.00545203
0.00288039
0.00544791
0.00410213
0.0029484
0.00308353
0.0022327
0.0026069
0.00301354
0.00300683
0.00341291
0.00336727
0.00403019
0.00654937
0.00641036
0.00381812
0.00554691
0.00707989
0.00380277
0.00238812
0.00372276
0.0066512
0.00559295
0.0042224
0.00404012
0.00213153
0.0040922
0.00394967
0.00398149
0.00536562
0.00507707
0.00721064
0.00688828
0.00352663
0.00449065
0.00363616
0.00558725
0.00452613
0.00498721
0.00390692
0.00459564
0.00347339
0.00390727
0.00351195
0.00319165
0.00339629
0.00365501
0.00369003
0.00361665
0.00358383
0.0061599
0.00493079
0.00436963
0.00630825
0.00612056
0.0069331
0.00522821
0.00625859
0.00345739
0.00460426
0.00400082
0.00623901
0.00377862
0.0066134
0.00427729
0.0061475
0.00412958
0.00429201
0.00509089
0.00689078
0.00673871
0.00353502
0.00454339
0.00399887
0.00506115
0.00468306
0.0052697
0.00545293
0.00699928
0.00394366
0.00259002
0.00714979
0.00498442
0.00399666
0.0048818
0.00483213
0.00385907
0.00290597
0.00290067
0.0037914
0.0021457
0.00701749
0.00455019
0.00441551
0.00594408
0.00690681
0.00192549
0.00500726
0.0038974
0.00505061
0.00704877
0.00699811
0.00556298
0.00319582
0.00668631
0.00517229
0.0064711
0.00655695
0.00630689
0.0070967
0.00367586
0.00463578
0.00329456
0.00646207
0.00540233
0.00353768
0.00618837
0.00460438
0.00381101
0.00509322
0.00379209
0.00681333
0.00496644
0.00614503
0.00707836
0.00611702
0.00677223
0.00539745
0.0058906
0.00624642
0.00527635
0.00320291
0.005693
0.00328902
0.00520164
0.00674226
0.00408533
0.00374848
0.00428281
0.00607449
0.00661755
0.00375261
0.0061746
0.00670222
0.00412031
0.00254839
0.00492621
0.00708954
0.00702193
0.00463463
0.00347558
0.00367055
0.00705776
0.00552164
0.00661314
0.00338746
0.00272405
0.00345852
0.0035124
0.0038214
0.00392697
0.0032113
0.00510901
0.00572982
0.00437604
0.00494755
0.00666312
0.00323904
0.00657319
0.0066028
0.00611837
0.00592356
0.00640724
0.00397003
0.00646749
0.00707354
0.00442611
0.00466129
0.00402479
0.003774
0.00268777
0.00395124
0.00384264
0.00239224
0.00423942
0.00714997
0.00608259
0.00688672
0.00400801
0.00535383
0.00357253
0.00427451
0.00377451
0.00397275
0.005065
0.00557321
0.00538447
0.00549933
0.0033168
0.00518764
0.00486093
0.00653286
0.00357168
0.00596336
0.00709713
0.00544859
0.00491523
0.00324065
0.00702692
0.00508159
0.00541167
0.0029789
0.00700386
0.00409133
0.00290351
0.0046846
0.00251353
0.00667168
0.00552327
0.00407327
0.00324352
0.0047789
0.00619147
0.00588771
0.00555629
0.00341591
0.00710577
0.00423354
0.00596263
0.00465761
0.00460452
0.00532797
0.00423577
0.00462466
0.00374822
0.00467501
0.00428499
0.00373948
0.00673378
0.00418289
0.00215646
0.00395412
0.00415986
0.00623325
0.00470972
0.00629145
0.00631482
0.00700249
0.00545278
0.0040761
0.00513412
0.00369896
0.00593034
0.00717498
0.00498552
0.00668263
0.00399912
0.00545376
0.00400387
0.00406247
0.00568179
0.00535828
0.00592812
0.00356192
0.00379739
0.00570284
0.00700506
0.00330621
0.0069061
0.00337433
0.00541608
0.00496098
0.00525245
0.00469005
0.00382782
0.00644194
0.00680329
0.00379352
0.00546791
0.00653908
0.00643059
0.00585124
0.00657053
0.00349365
0.00703853
0.00489578
0.00589066
0.00329519
0.00708333
0.00477248
0.00387494
0.00639872
0.00547567
0.00563834
0.0039186
0.00280417
0.00578936
0.00484056
0.00724676
0.00704737
0.00238668
0.00469182
0.00694916
0.00473568
0.00614384
0.00667863
0.00424133
0.00419262
0.00290465
0.0046163
0.00535626
0.00539011
0.00296872
0.00556884
0.00351732
0.00438515
0.0047393
0.00453619
0.00424571
0.00370522
0.00407784
0.00615352
0.00708852
0.00711225
0.00714103
0.00613859
0.00648571
0.00706393
0.00505745
0.00660708
0.00421779
0.00402262
0.00271589
0.00453018
0.0068012
0.00331691
0.0056772
0.00696455
0.00582909
0.00463725
0.00427674
0.00464354
0.00579315
0.00746291
0.0066114
0.00369664
0.00546795
0.00379353
0.00326239
0.00520578
0.00585733
0.00410404
0.00259906
0.00346917
0.0044075
0.00344673
0.00680286
0.00606603
0.00366682
0.00486735
0.00673498
0.0040262
0.00576158
0.0062296
0.00450198
0.00414639
0.00344628
0.00601698
0.0050361
0.0063511
0.00630315
0.00276656
0.00447226
0.00382856
0.0027888
0.0059473
0.00405848
0.00716668
0.00418036
0.00670923
0.00362923
0.00695419
0.00432613
0.00426539
0.00426712
0.0069182
0.00704135
0.00709677
0.00706548
0.00708459
0.00720121
0.00487563
0.00398284
0.00657341
0.00641723
0.00459579
0.00233216
0.00413924
0.00219267
0.00669189
0.00574259
0.00372292
0.00560842
0.00593242
0.00217063
0.00665214
0.00564044
0.00598242
0.0071051
0.00420955
0.00442849
0.00406416
0.00450768
0.00354677
0.00407654
0.00628723
0.00674276
0.0069995
0.00499352
0.00536957
0.00605223
0.00536476
0.00309612
0.00397669
0.00476515
0.00691538
0.00706853
0.00498807
0.00698213
0.00689863
0.00540418
0.00398545
0.00496466
0.00492842
0.00698396
0.00649433
0.00405766
0.00370919
0.0033315
0.00267981
0.00601374
0.00345255
0.00430488
0.00357882
0.00579276
0.00687173
0.00506368
0.0062815
0.00452467
0.00549732
0.00597134
0.0051121
0.00653305
0.00517305
0.00466069
0.00402696
0.00553451
0.00702476
0.00680582
0.00611501
0.00455666
0.00687267
0.00494286
0.00514544
0.00433789
0.00494535
0.00401349
0.00660113
0.00621447
0.00635212
0.00605057
0.00627466
0.00658773
0.00625477
0.00628831
0.00682344
0.00648925
0.00635778
0.00684333
0.00360908
0.00401045
0.00531112
0.00439891
0.00379279
0.00687113
0.00597121
0.00353735
0.00616485
0.00427187
0.00360004
0.00459391
0.00467513
0.00450727
0.0065243
0.0046787
0.00617254
0.00675071
0.00349403
0.00564467
0.00371134
0.00460814
0.00498267
0.00699158
0.00481981
0.00636367
0.00411604
0.00474025
0.00586797
0.00694758
0.00414259
0.00714772
0.00706522
0.0041042
0.00668904
0.00636888
0.00551586
0.00434775
0.00650795
0.00508672
0.00380305
0.0060794
0.00404616
0.00348461
0.00344079
0.00456686
0.00594285
0.00565674
0.00557813
0.00646681
0.00629205
0.00393967
0.00398943
0.00466054
0.00462071
0.00462871
0.00405712
0.00336405
0.00518633
0.00694808
0.0050684
0.00472446
0.00442029
0.00667612
0.00457263
0.00353034
0.00572592
0.00383831
0.00460198
0.00407511
0.00478893
0.00468177
0.00336496
0.00470111
0.00426351
0.0047251
0.00485557
0.00480625
0.00539288
0.00636766
0.00594105
0.002908
0.00503155
0.00657001
0.00667954
0.00635571
0.00696943
0.00583313
0.00548975
0.00449985
0.00460511
0.00694867
0.00673001
0.00256971
0.00477461
0.0065167
0.00468301
0.00537436
0.00504125
0.00690951
0.00538464
0.0026973
0.00360303
0.00397017
0.00620779
0.00626569
0.00457522
0.00592083
0.00711248
0.00440359
0.00530844
0.00519875
0.0062929
0.00379996
0.00698253
0.00706878
0.00402341
0.00430867
0.00684561
0.00515069
0.00609808
0.00435537
0.00679559
0.0022605
0.00605047
0.00559732
0.00580934
0.00575244
0.00383205
0.00511434
0.00646177
0.00714833
0.00674108
0.00702201
0.00601072
0.00442088
0.00379891
0.00509942
0.00352465
0.00690096
0.00671193
0.00283001
0.00482669
0.00654972
0.00707674
0.0060494
0.00621325
0.00545603
0.00601471
0.00382186
0.00704288
0.00523178
0.00705731
0.00633198
0.00535452
0.00376796
0.0047768
0.00676588
0.00442779
0.00691902
0.00510282
0.00462345
0.00713862
0.00680211
0.00424896
0.00387378
0.00488144
0.00656721
0.00660088
0.00224469
0.00702162
0.00708038
0.00488208
0.0021977
0.00486221
0.00425211
0.00598005
0.00713629
0.00689345
0.00435024
0.00676293
0.00678293
0.00651491
0.00568507
0.00434966
0.00695195
0.00411983
0.00408222
0.00483102
0.00683269
0.00671853
0.00705226
0.00483303
0.00475128
0.00600165
0.00527317
0.00324885
0.00285187
0.00569721
0.00717248
0.00443369
0.00352006
0.0067692
0.00675289
0.00645739
0.00647615
0.00703883
0.00640679
0.0071667
0.00535218
0.0045471
0.00477024
0.00644258
0.00673419
0.0068121
0.00669732
0.00648231
0.00700652
0.00642336
0.00706768
0.0039263
0.00709539
0.00710236
0.00339713
0.00411003
0.00387963
0.00591721
0.0031392
0.00617101
0.00433874
0.00513044
0.00381806
0.00384609
0.00539718
0.00432301
0.00535632
0.0021145
0.0069974
0.00673493
0.00669747
0.00684257
0.00667977
0.0060261
0.00692921
0.00686614
0.00664714
0.00360598
0.00345956
0.00324865
0.00711485
0.00460146
0.00373257
0.00680695
0.00452353
0.00624339
0.00721462
0.00683024
0.00720314
0.0071219
0.00208614
0.00464085
0.00574308
0.00693825
0.00678684
0.0044421
0.00640062
0.00410645
0.00354525
0.00685613
0.00566825
0.00328749
0.00422257
0.00621083
0.00683367
0.007052
0.00573842
0.00621526
0.00714707
0.00356093
0.00331386
0.00708714
0.00670697
0.00391097
0.00343131
0.00420632
0.00643043
0.00650363
0.00420967
0.0058586
0.00521956
0.00649881
0.0064766
0.00441519
0.00481941
0.00699308
0.00658793
0.0050438
0.00457722
0.00340761
0.00616553
0.00387736
0.00490697
0.00384678
0.00541498
0.00649503
0.00542593
0.00515091
0.00331106
0.00670056
0.00346915
0.00684907
0.00671262
0.00635752
0.0034177
0.00497975
0.00405964
0.00670249
0.00624888
0.00637913
0.00698628
0.00627823
0.00634766
0.00434398
0.00710916
0.00628367
0.00707522
0.00708257
0.00631085
0.00689408
0.00414216
0.00423602
0.0023447
0.00626378
0.00627283
0.00397587
0.00588629
0.00404051
0.00447783
0.00329637
0.00409198
0.00465299
0.00655595
0.00545058
0.00502271
0.00683059
0.00619245
0.00623779
0.0069094
0.00356494
0.00474293
0.00416034
0.00448897
0.0065147
0.0052649
0.00616842
0.00658043
0.00621864
0.00679436
0.00713678
0.00626298
0.00481229
0.00653756
0.00607614
0.00618024
0.00425672
0.00556642
0.00530161
0.00679032
0.00411392
0.00595266
0.00638137
0.0062403
0.00707162
0.00395988
0.006927
0.00622239
0.00590727
0.0067691
0.00686701
0.00624661
0.00681295
0.00418723
0.00338679
0.00561553
0.00692249
0.00609796
0.00704308
0.00650879
0.00702754
0.00709863
0.00705636
0.00703685
0.00628534
0.00704971
0.00347103
0.00430438
0.00592829
0.00693745
0.00683835
0.00686011
0.00401912
0.00636737
0.00396321
0.00324966
0.00715633
0.00709525
0.00706533
0.00705714
0.0071583
0.00435744
0.00671534
0.00547406
0.00459752
0.00472105
0.00522212
0.00591563
0.0072028
0.00494445
0.00667816
0.00390211
0.0033068
0.0031411
0.00677758
0.00602261
0.00463022
0.00491716
0.00494055
0.00531352
0.00475971
0.0052891
0.00718852
0.0034998
0.00461629
0.0031229
0.00329047
0.00400241
0.00668061
0.00415099
0.00189921
0.00435527
0.00592012
0.00493214
0.00434131
0.00394231
0.00500501
0.00600067
0.00698006
0.00703066
0.00312725
0.00466763
0.00564786
0.00629155
0.00707301
0.00349657
0.00632726
0.00352961
0.00382182
0.00445884
0.00315062
0.00608391
0.00464309
0.00668288
0.00350405
0.00383549
0.00518567
0.00667385
0.00428264
0.00689498
0.00490629
0.00480761
0.0043869
0.00596128
0.00641634
0.00403854
0.00380487
0.0033628
0.00343261
0.00690463
0.004733
0.00351914
0.00352705
0.00477858
0.00446924
0.00612653
0.00418435
0.00696713
0.00683973
0.0046559
0.00704861
0.00702882
0.00698003
0.00420436
0.00700301
0.00556736
0.00419419
0.00496983
0.00542774
0.00495181
0.00381022
0.00420317
0.00316335
0.00694981
0.00679821
0.00719058
0.00711944
0.00669992
0.00723109
0.00387138
0.00201018
0.00708097
0.00605823
0.00593561
0.0035607
0.00700592
0.00686698
0.00425788
0.00638345
0.00474935
0.00525674
0.00626827
0.0064081
0.00470349
0.00717347
0.00563921
0.00688006
0.00511349
0.00558158
0.00653714
0.00668273
0.00497108
0.00408928
0.00704883
0.00599002
0.002264
0.0048695
0.00694639
0.002538
0.00397443
0.00587429
0.00466268
0.0055892
0.00276024
0.00449879
0.00662734
0.00645778
0.00638681
0.00643852
0.00334268
0.0054088
0.00671722
0.0046761
0.00626654
0.00447036
0.00476836
0.00607335
0.00712356
0.00415706
0.00315312
0.0040483
0.0063979
0.00580221
0.00412233
0.00452268
0.00702881
0.0071368
0.00622965
0.00704236
0.0038415
0.00489057
0.00339717
0.00318954
0.0067861
0.00698121
0.00702887
0.00718522
0.00621166
0.0047083
0.00617522
0.00281514
0.00543024
0.00285227
0.00695663
0.00710543
0.0065389
0.00700766
0.00378852
0.00432103
0.00684888
0.00604071
0.00680961
0.00658667
0.00306566
0.00337437
0.00421223
0.00570068
0.00630545
0.00564917
0.00386687
0.00646013
0.00657038
0.00659351
0.00383084
0.00516574
0.0057927
0.00556697
0.00582782
0.00607561
0.00694693
0.00649072
0.00317788
0.0032853
0.00478079
0.00337591
0.00453456
0.00487289
0.00363719
0.00475374
0.00484461
0.00683342
0.00376738
0.00626289
0.00714981
0.00372136
0.00356805
0.00337765
0.00547102
0.0059153
0.00307293
0.00339752
0.00310462
0.00334308
0.00386934
0.00669113
0.00369873
0.00350436
0.00495407
0.00645794
0.00339476
0.00342561
0.00311304
0.00635034
0.00650998
0.00393611
0.00433447
0.00689446
0.00716561
0.0072108
0.00683683
0.00500913
0.00667541
0.00691002
0.00406037
0.00407611
0.00508505
0.0047184
0.00503964
0.00382453
0.00381293
0.00495017
0.00397273
0.00280233
0.00426517
0.00426106
0.00551139
0.00434743
0.00442759
0.00445107
0.00254134
0.00490338
0.00253267
0.00332649
0.00365672
0.00316937
0.00350389
0.00383238
0.00430559
0.00435699
0.00423794
0.00428823
0.00551018
0.00373907
0.00378266
0.0045846
0.00432095
0.00423771
0.0044787
0.00294029
0.0047991
0.00282051
0.00355673
0.00512157
0.00313432
0.005836
0.00341041
0.00436159
0.00485151
0.00489304
0.00362263
0.00369116
0.00466936
0.00605453
0.0036769
0.00465639
0.00415113
0.00331722
0.0033919
0.00326367
0.00283409
0.00298197
0.00508801
0.00337744
0.0055713
0.00279589
0.00452727
0.00329876
0.00393791
0.00392632
0.00274964
0.00370484
0.00423734
0.00345048
0.00294113
0.00571548
0.00503717
0.00606707
0.0052896
0.00348863
0.00336941
0.00447964
0.00376802
0.00673983
0.00703113
0.00565175
0.00335553
0.00600741
0.00465669
0.00516437
0.00431961
0.00618853
0.00185677
0.0038979
0.00402172
0.00493827
0.00364093
0.00428038
0.00355384
0.00653871
0.00504621
0.00283525
0.00721605
0.00695935
0.00694991
0.00718956
0.0070721
0.00660952
0.00706496
0.00644938
0.00660081
0.00614279
0.00711247
0.00499019
0.00461681
0.00372361
0.00707535
0.00690189
0.00613212
0.00595436
0.00398474
0.00373675
0.00378294
0.00494001
0.00572026
0.00459906
0.00456735
0.00711594
0.0065951
0.00631937
0.00356739
0.00608417
0.00380425
0.00408504
0.00361681
0.0029879
0.00692904
0.0052069
0.00520585
0.00674279
0.0051248
0.00673496
0.00661642
0.00687446
0.0065774
0.00643632
0.00464058
0.00445856
0.00673866
0.00685156
0.00485898
0.00490617
0.00528805
0.0070226
0.0065145
0.00663832
0.00653337
0.00670516
0.00687484
0.00712386
0.00706109
0.00624745
0.00495109
0.00715971
0.00496195
0.00642756
0.00543185
0.00692174
0.00599448
0.00431909
0.00693684
0.00675488
0.00682561
0.00700822
0.00573569
0.00419942
0.00715584
0.0071534
0.00642045
0.00644636
0.00531479
0.00373182
0.00628206
0.00595201
0.00551744
0.0046691
0.00413721
0.00396409
0.00464836
0.00379606
0.00381008
0.00345422
0.00687143
0.00350597
0.00418312
0.00422496
0.00317866
0.00607022
0.00659157
0.00326882
0.00628393
0.00312438
0.00469306
0.00334185
0.00565315
0.0042805
0.00396881
0.00623227
0.00402688
0.00341246
0.00432119
0.00370645
0.00506647
0.00659633
0.00585294
0.00467831
0.00706642
0.00439037
0.00646671
0.00397066
0.00686366
0.00343958
0.00450249
0.00417205
0.00434774
0.00703188
0.00389221
0.00394705
0.00341011
0.00360866
0.0070133
0.00572969
0.00703774
0.00376096
0.00482706
0.00429188
0.00717328
0.00354046
0.00640465
0.00693852
0.00500755
0.00353995
0.00694674
0.00545284
0.00716381
0.00331531
0.00600359
0.00605532
0.00695401
0.00522005
0.0067217
0.00350553
0.00319303
0.00382401
0.00517439
0.00334365
0.00249063
0.00700281
0.0070517
0.00511844
0.00474648
0.00582274
0.00493439
0.00391409
0.00343946
0.00302472
0.00518965
0.00698804
0.00361869
0.00379024
0.00695211
0.00716653
0.00367717
0.00408169
0.00692525
0.00695279
0.00688862
0.00636973
0.0044346
0.00614282
0.0071156
0.0070696
0.00652208
0.0071824
0.00443078
0.0045073
0.00708737
0.00672229
0.00682003
0.00696241
0.00494816
0.00485522
0.00358019
0.00363674
0.00580012
0.00344655
0.00578195
0.00442147
0.00340609
0.006749
0.00330001
0.00605792
0.00372065
0.00578801
0.00490453
0.00708727
0.00346297
0.00391681
0.00657616
0.0039385
0.00262796
0.0033399
0.00631455
0.00332676
0.00418829
0.00497597
0.00288971
0.0029869
0.0021535
0.00292006
0.00437573
0.0068883
0.00489368
0.00237054
0.00215216
0.00232847
0.00221707
0.0037023
0.00678795
0.00366603
0.00443523
0.00362542
0.00397503
0.00463802
0.00600461
0.005138
0.00341526
0.00414562
0.00207289
0.00643657
0.00679631
0.00392304
0.00399383
0.00398975
0.00516951
0.00442897
0.00488568
0.00403588
0.00451346
0.00674249
0.00641275
0.00575486
0.00404782
0.00515687
0.00526116
0.00342691
0.00683835
0.005024
0.00344266
0.00401425
0.00675706
0.0037598
0.00431417
0.00435256
0.00655378
0.00608084
0.00450288
0.0039785
0.00401454
0.00700848
0.00497569
0.00601536
0.00641711
0.00455422
0.00634826
0.00243273
0.00353135
0.00545185
0.00353714
0.00439783
0.00354934
0.00464167
0.00448573
0.00671432
0.00716043
0.00468158
0.00445415
0.00447734
0.00658365
0.00285479
0.0037149
0.00417698
0.00460623
0.0063431
0.0037171
0.00597538
0.00698398
0.00517642
0.00524004
0.00499076
0.00676071
0.00452795
0.00524627
0.00466797
0.00707548
0.00576946
0.00619828
0.00430248
0.00278811
0.00391722
0.00396303
0.00320331
0.00464439
0.00377572
0.00358531
0.0049749
0.00510516
0.00354179
0.00647589
0.00696946
0.00242107
0.00359154
0.00212275
0.00628829
0.00667594
0.00596915
0.00621552
0.00609894
0.00654206
0.00433498
0.0056867
0.00529069
0.00416682
0.00364046
0.00364775
0.00411705
0.00519687
0.00625565
0.00453677
0.00492781
0.00687985
0.00382523
0.00660022
0.00582457
0.00621813
0.00681772
0.00703668
0.00223914
0.00374113
0.00313823
0.00250109
0.00202156
0.0054653
0.0041906
0.0022626
0.00608942
0.00657062
0.00560412
0.00531953
0.00643102
0.00652166
0.00563151
0.00374345
0.00452014
0.00280897
0.00670374
0.00665388
0.00629473
0.00612325
0.00710905
0.0068169
0.00697362
0.00188203
0.004259
0.00281671
0.00660253
0.00389663
0.00197244
0.00347391
0.00306736
0.00305223
0.00526145
0.00312832
0.00302789
0.00582239
0.00620416
0.00555629
0.00310691
0.00615101
0.00693967
0.00667169
0.00695172
0.00704395
0.00652995
0.00701509
0.00340989
0.00381485
0.00423334
0.00337003
0.00601156
0.00423441
0.00473062
0.00247449
0.00469685
0.0066201
0.00704391
0.00397611
0.00436067
0.00451129
0.0071326
0.00342243
0.00649555
0.00429776
0.00462494
0.00615805
0.00229698
0.00419206
0.00707296
0.00422169
0.00643103
0.00425184
0.00409226
0.00406879
0.00470735
0.00574416
0.007108
0.00384159
0.00394029
0.00420323
0.00696803
0.00353708
0.00558999
0.00708985
0.0051459
0.00491203
0.00454338
0.00564818
0.00633577
0.00350168
0.00477437
0.0062178
0.00522468
0.00628826
0.00310522
0.00416004
0.006893
0.00651583
0.00554881
0.00472664
0.00483182
0.00700875
0.00636832
0.00305967
0.00473093
0.00361459
0.00669731
0.00481943
0.0041289
0.00712767
0.00276991
0.00664618
0.00676079
0.0069042
0.00618674
0.006401
0.00701534
0.00508373
0.00306111
0.00353344
0.00420955
0.00688949
0.00707046
0.00656176
0.00605031
0.00501994
0.00688462
0.00248375
0.00697097
0.00317554
0.0044894
0.0041526
0.00562734
0.00506182
0.00629947
0.00558838
0.00488258
0.00460056
0.00455066
0.00710244
0.00304227
0.00231383
0.00367142
0.00706814
0.00642806
0.00554384
0.00701729
0.00592891
0.0069502
0.00627385
0.00353394
0.00523191
0.0071295
0.00532843
0.00626408
0.00575204
0.00445115
0.00374556
0.0065451
0.00698863
0.00417961
0.00625941
0.00635146
0.00695164
0.00649491
0.00706578
0.00499516
0.00646147
0.00334316
0.00405537
0.00407167
0.00451332
0.00683423
0.00685497
0.00682794
0.0069595
0.00417569
0.00255356
0.0067387
0.00283561
0.00556858
0.00556153
0.00367591
0.00262944
0.00384878
0.0045706
0.00666671
0.0069886
0.00405082
0.00581509
0.00494529
0.00638317
0.00353255
0.00442653
0.00328954
0.00566454
0.00701653
0.00285145
0.00486118
0.00676964
0.00562917
0.00421542
0.00669526
0.00689818
0.00695174
0.00547195
0.00625766
0.006914
0.00602164
0.00464706
0.00568129
0.00445483
0.00245871
0.00250546
0.0067267
0.00330103
0.00542721
0.00392317
0.00653017
0.00676777
0.00563155
0.00565961
0.00685017
0.00684137
0.00567459
0.00511062
0.00638061
0.00377319
0.00453466
0.00667416
0.00481506
0.00685312
0.00695785
0.00396978
0.00660342
0.00312205
0.00660973
0.00646406
0.00503398
0.00425666
0.00702613
0.00691661
0.00574655
0.00582481
0.00608418
0.00400835
0.00315866
0.00654719
0.00353787
0.00667246
0.003966
0.00562376
0.00600881
0.0049934
0.00688067
0.00695388
0.00653754
0.00608414
0.00675952
0.00375063
0.00405896
0.00569928
0.00422985
0.00696506
0.00420178
0.00662478
0.00704618
0.00617861
0.00685234
0.00435241
0.00638295
0.0064671
0.00704939
0.00680582
0.00568461
0.00376428
0.00338746
0.00692493
0.005775
0.00668971
0.00516614
0.00367364
0.00639213
0.00697815
0.00584869
0.00627468
0.00682105
0.0069723
0.0038562
0.0069977
0.0053779
0.00542171
0.0033593
0.00382863
0.00347329
0.0066218
0.00402897
0.00608863
0.00416774
0.00405464
0.00308027
0.00379736
0.00336574
0.00504941
0.00422447
0.00610219
0.00703451
0.00552851
0.00409442
0.00467712
0.00477025
0.00413717
0.00706129
0.00357756
0.00355949
0.00373955
0.00404488
0.00283477
0.00353846
0.00703979
0.00679554
0.00706401
0.00690789
0.00580379
0.00683781
0.00652296
0.00350841
0.00346844
0.0031124
0.00656086
0.00401179
0.00303068
0.00375692
0.0032599
0.00435653
0.00381495
0.00702631
0.00669501
0.00687773
0.00707212
0.00573875
0.00674879
0.00509554
0.00706068
0.00432112
0.0065315
0.00224652
0.00229254
0.0047973
0.00277306
0.00380184
0.00411384
0.00561011
0.0067722
0.00498786
0.00250423
0.00340495
0.00549287
0.00363687
0.00438554
0.00437926
0.00364355
0.00390029
0.00378709
0.00372494
0.00473964
0.0059369
0.00423687
0.00404309
0.00396856
0.00374496
0.00443333
0.00495097
0.00624994
0.00589984
0.00619215
0.00678354
0.00542436
0.00358651
0.0061719
0.00471509
0.00567692
0.00511831
0.00614152
0.00527912
0.0051987
0.0050438
0.00435108
0.00414822
0.00588359
0.00413151
0.00463074
0.00463048
0.00440638
0.00596197
0.00613078
0.00418639
0.00672645
0.00626836
0.00525583
0.00309392
0.00530342
0.00345269
0.00401569
0.00496794
0.00467951
0.00478046
0.00358245
0.00656683
0.00443293
0.00473394
0.00345539
0.00357008
0.00434872
0.00703236
0.00360501
0.00395639
0.0071534
0.00386913
0.0038324
0.00472563
0.00422033
0.00439647
0.00413265
0.00429695
0.00426317
0.00338259
0.00337302
0.00456602
0.00711266
0.00404554
0.00252467
0.00666157
0.00382188
0.0043206
0.00714832
0.00426903
0.0044154
0.00638428
0.00457114
0.00508758
0.00503394
0.00617047
0.00674479
0.00378993
0.00674819
0.00307036
0.00476455
0.0044349
0.00698191
0.00445038
0.00578676
0.00569638
0.00405554
0.00470206
0.0048307
0.00636836
0.00681968
0.0036397
0.00488606
0.00356445
0.00608903
0.00537803
0.00629533
0.00545898
0.00349398
0.00602878
0.00670517
0.00573655
0.00494703
0.00490113
0.00265108
0.00665105
0.0048171
0.00619818
0.00677015
0.00394109
0.0025587
0.00245087
0.00439102
0.00397644
0.00705776
0.00314242
0.00460253
0.0022974
0.00723308
0.00708109
0.00711446
0.00547297
0.00730842
0.00708575
0.00353151
0.00653606
0.00496947
0.00667796
0.00439559
0.00648077
0.0042802
0.00330115
0.00465321
0.00648396
0.0042421
0.00430037
0.00392058
0.00397591
0.00655748
0.00447786
0.00685509
0.00418298
0.00654472
0.00320524
0.00393357
0.00645232
0.00613397
0.00596529
0.00705539
0.00442075
0.00683638
0.00499274
0.00704318
0.00447623
0.00469703
0.00349564
0.00475866
0.00496446
0.00703002
0.00411118
0.00637011
0.0046244
0.00482828
0.00408797
0.0037818
0.00607411
0.00662292
0.00708256
0.00338045
0.00425968
0.00410969
0.00720006
0.00680555
0.00611538
0.00639235
0.00415694
0.00562442
0.00670632
0.00644702
0.00525966
0.00428456
0.00496199
0.00590672
0.00594223
0.00543332
0.00586119
0.00563885
0.00664188
0.00697039
0.00685818
0.00682071
0.00693812
0.00473884
0.00423455
0.00369665
0.00407597
0.00349377
0.00455535
0.0054837
0.00423754
0.00469465
0.00445442
0.00465163
0.00483448
0.00672432
0.00676626
0.00707549
0.00378051
0.00552047
0.00621326
0.00367724
0.00695122
0.00719847
0.00662168
0.00656511
0.00468684
0.00713815
0.00651972
0.00565068
0.00319749
0.00702081
0.00597995
0.00348805
0.00692191
0.00681045
0.00370682
0.00381391
0.00454574
0.00429665
0.0037199
0.00675761
0.00598768
0.0058911
0.00438978
0.00496667
0.0064676
0.0065679
0.00277414
0.00469727
0.00421143
0.0033001
0.00709998
0.00693271
0.00662747
0.00660514
0.00663683
0.00665966
0.00292149
0.00521685
0.00686204
0.00468287
0.00442085
0.00402672
0.00708262
0.007038
0.00666115
0.00713651
0.00317489
0.0068456
0.00685834
0.00630319
0.00474271
0.00417537
0.00636583
0.00690886
0.00318687
0.00622469
0.00498587
0.00593797
0.0039605
0.00637452
0.0040953
0.00334491
0.00352089
0.00389814
0.00507879
0.00535449
0.00436998
0.0044418
0.00575726
0.00667388
0.0064926
0.00363408
0.00528147
0.00697039
0.00455554
0.00668774
0.00675637
0.00381206
0.00269991
0.00634456
0.00579471
0.00606525
0.00609659
0.00610122
0.00419202
0.00713462
0.00676649
0.00651979
0.00404207
0.00689125
0.00417509
0.00420828
0.00477695
0.0037599
0.00481631
0.00694617
0.0059949
0.00715472
0.00638344
0.00674978
0.00641619
0.00481935
0.00699443
0.00388715
0.00428462
0.0041713
0.00672225
0.0068682
0.0046704
0.00265176
0.00462781
0.00407579
0.00376301
0.00475733
0.00682816
0.00459244
0.00562549
0.00705592
0.0067736
0.00446837
0.00422494
0.00680623
0.0068131
0.00380947
0.00439748
0.00668259
0.00467484
0.00705685
0.00510159
0.00484459
0.00676892
0.00591615
0.00714063
0.00401777
0.00598853
0.00636925
0.0037774
0.00373432
0.00701788
0.00715238
0.00660011
0.00676871
0.00588998
0.00397495
0.00692674
0.00488726
0.00362814
0.0031396
0.00436513
0.00706486
0.00431734
0.00394251
0.00667801
0.00420905
0.00704864
0.00493483
0.00494802
0.00418113
0.00452838
0.0044991
0.00698588
0.00468195
0.00439581
0.00668562
0.00630834
0.00560781
0.00658108
0.00655858
0.00308729
0.00666041
0.00512241
0.00460308
0.00499129
0.00611325
0.00593796
0.00334523
0.0065088
0.00592653
0.00421247
0.00468641
0.00370539
0.00375096
0.00600145
0.00470636
0.00409713
0.00373353
0.00338469
0.003567
0.00484285
0.00402533
0.00206826
0.00397143
0.00435351
0.00422976
0.00368059
0.00614658
0.00633355
0.00325072
0.00395338
0.00572962
0.00417547
0.00691947
0.00631321
0.00389255
0.00681905
0.00693771
0.00401253
0.00416142
0.00392427
0.00405944
0.00247318
0.00383775
0.0030873
0.00331731
0.00327963
0.00322425
0.00188631
0.00682403
0.0068591
0.00329179
0.00372547
0.00652209
0.00573345
0.00623273
0.00399882
0.00427597
0.00506698
0.00360533
0.00271606
0.0045454
0.00446439
0.00557859
0.00639328
0.00416582
0.00207086
0.00414632
0.00202076
0.00451963
0.00409823
0.00387775
0.00422668
0.00398505
0.00639038
0.0034497
0.00684553
0.00663599
0.00367495
0.00464503
0.00372319
0.00666243
0.00495215
0.00532232
0.00383668
0.00631682
0.00488097
0.00674114
0.00690763
0.00690859
0.00384876
0.00393662
0.00503445
0.00463213
0.00389176
0.00392814
0.00436369
0.00464536
0.00403568
0.00446837
0.00708514
0.00449552
0.00432859
0.0036249
0.00411729
0.00423205
0.00491149
0.00713274
0.00701345
0.00720832
0.00621377
0.00675191
0.00620382
0.00486999
0.00709309
0.00631121
0.00357364
0.0030013
0.00612555
0.00584839
0.0037325
0.0057718
0.00575591
0.00479706
0.00706654
0.00267137
0.00438579
0.00377396
0.00334399
0.00275473
0.00696891
0.0040459
0.00323483
0.00629169
0.00360646
0.00632116
0.00433132
0.00562869
0.00492795
0.00402353
0.00648416
0.00400652
0.00548517
0.00564932
0.00355768
0.00308995
0.00440681
0.00646851
0.00459499
0.00302456
0.00399002
0.00387059
0.00719353
0.00384191
0.00443762
0.00694054
0.00464837
0.00611062
0.00356892
0.00543054
0.00397002
0.00559853
0.00711714
0.00529115
0.00470365
0.00642361
0.00514868
0.00604878
0.00514794
0.00390284
0.00433705
0.00358708
0.00573927
0.00394184
0.00712006
0.00394101
0.00392168
0.00591821
0.00455653
0.00375868
0.00358237
0.0053767
0.00285866
0.00484284
0.00394192
0.00601234
0.00601131
0.00588268
0.00712545
0.0050632
0.00469291
0.00535569
0.0060539
0.00325248
0.0070408
0.00647358
0.00410659
0.00691603
0.0070791
0.00263154
0.00642528
0.00226403
0.00370807
0.00295523
0.0044588
0.00465425
0.00371054
0.00678676
0.00416096
0.00713652
0.00279102
0.00689972
0.00400649
0.00295239
0.00334891
0.00485787
0.00396595
0.0063403
0.00428033
0.00236351
0.00698606
0.00484639
0.00410826
0.00570386
0.00301853
0.00635083
0.00575539
0.00362651
0.00379388
0.00421751
0.0038757
0.00428924
0.00385465
0.0068864
0.00697211
0.00454923
0.00464889
0.00674227
0.00667021
0.00446978
0.0064925
0.00712132
0.00649085
0.0064145
0.00609566
0.00586532
0.00630579
0.00506253
0.00397061
0.0034984
0.00372787
0.00404942
0.00348589
0.00461387
0.00439443
0.00684166
0.00648654
0.00624413
0.00641594
0.00704567
0.00642175
0.00650313
0.00648975
0.00622004
0.00621709
0.00403986
0.00294888
0.00643604
0.00449233
0.00453196
0.0037076
0.00416632
0.0042354
0.00486836
0.00413875
0.00403126
0.00554739
0.00438013
0.00650482
0.00219197
0.00567078
0.00653641
0.00630829
0.00457636
0.00659341
0.00451387
0.00475422
0.00452364
0.00413542
0.00670889
0.00608505
0.00661836
0.00630803
0.00715949
0.00636791
0.00719171
0.00404507
0.00498862
0.00429458
0.00604496
0.00651289
0.00628576
0.00643195
0.00672677
0.00686098
0.00660645
0.0066645
0.00668971
0.0062481
0.00542272
0.00686749
0.00639753
0.00709189
0.00525805
0.00534344
0.00241526
0.00424614
0.0044197
0.0040762
0.00705233
0.0071122
0.00564931
0.00697344
0.00441865
0.00632391
0.00430659
0.00444112
0.00443813
0.00680375
0.00476145
0.00382286
0.00301655
0.00307811
0.00693747
0.00677183
0.00431091
0.00536817
0.00452822
0.00405162
0.00347301
0.00691812
0.00281179
0.0071125
0.00670639
0.00591377
0.00445457
0.00606019
0.00715669
0.00706586
0.00541012
0.00496679
0.00682945
0.00696631
0.00292886
0.00469511
0.0070319
0.0018891
0.00506163
0.0027539
0.0048957
0.0062793
0.00701162
0.00490777
0.00544898
0.00471529
0.00406479
0.00525285
0.00518242
0.0065958
0.00334441
0.00298667
0.00359088
0.00686663
0.00433227
0.0063347
0.00306795
0.00392759
0.00694016
0.00694081
0.00424461
0.00423435
0.00683193
0.0034983
0.00474314
0.0068402
0.00481892
0.00696907
0.00687008
0.00484114
0.00702266
0.00707818
0.00591762
0.00612978
0.00581949
0.00655387
0.00663901
0.00590469
0.00611371
0.00660823
0.00414242
0.00200472
0.00602725
0.00679892
0.00300773
0.00554576
0.00389086
0.00469226
0.00710697
0.00637802
0.00436347
0.00305585
0.00375331
0.00622928
0.00391004
0.00357857
0.00287057
0.00457459
0.00259298
0.00438816
0.0035299
0.00664108
0.00313817
0.00406479
0.00390384
0.00348684
0.00457468
0.00367772
0.00385435
0.00413835
0.00490807
0.00518178
0.00448568
0.00423971
0.00476279
0.00296305
0.0028037
0.00353299
0.00512662
0.00498103
0.00271529
0.00453615
0.00449358
0.00453494
0.00345331
0.00428364
0.00667511
0.00443515
0.00463329
0.00706693
0.00489904
0.00509478
0.00624356
0.0033634
0.00390754
0.00318524
0.00403667
0.00497287
0.00407439
0.00329686
0.00654918
0.00483238
0.0038433
0.00457259
0.00408795
0.00698329
0.00485078
0.00707495
0.00613451
0.00402759
0.00379598
0.00361588
0.00423906
0.0047264
0.00452999
0.00340987
0.00494259
0.00449741
0.00451818
0.00396828
0.00713524
0.00377942
0.0022591
0.00221899
0.00450141
0.0040917
0.00446041
0.00344864
0.0041839
0.00285981
0.00380069
0.0048418
0.0055497
0.00503439
0.00471047
0.00435404
0.00299457
0.00294632
0.00384801
0.00182066
0.00239636
0.00370291
0.00341674
0.00494742
0.00424849
0.00374431
0.00350132
0.00312197
0.00354636
0.00407823
0.00339593
0.00246369
0.00225954
0.00308954
0.00228379
0.00470316
0.00343856
0.00298289
0.00539949
0.00299361
0.00445248
0.00449328
0.00360518
0.00668692
0.00675888
0.00578597
0.00616615
0.00690276
0.00712844
0.00672847
0.00705349
0.00425587
0.00676971
0.00651761
0.00676564
0.00653252
0.00324861
0.00309126
0.00585314
0.00709529
0.00698768
0.00626577
0.0068117
0.00655013
0.00585774
0.00666597
0.00706448
0.00593492
0.00288264
0.00619584
0.00674757
0.00468616
0.00548054
0.00554943
0.00677862
0.00690376
0.00546311
0.00404917
0.00452939
0.00695164
0.0039848
0.00642622
0.00703878
0.00639912
0.00708915
0.00667308
0.00470424
0.00626323
0.00432943
0.00696701
0.0053735
0.00682702
0.00589238
0.00706406
0.0038423
0.00672804
0.00696129
0.00537726
0.00545589
0.00699665
0.00412411
0.00601574
0.00673488
0.00705843
0.00459392
0.00713365
0.00694797
0.00709483
0.00638444
0.00702621
0.00719279
0.00581128
0.00715861
0.00682549
0.00629794
0.00408638
0.00578774
0.00701382
0.00712973
0.00715121
0.00640607
0.00664413
0.00688781
0.00693726
0.00582803
0.00503569
0.00560886
0.00630806
0.00605435
0.00624116
0.00633271
0.00649608
0.00562934
0.00694263
0.00662753
0.00395513
0.00568181
0.00303808
0.00633748
0.00681374
0.00662735
0.00544442
0.00568923
0.00692834
0.00562396
0.00692372
0.00465185
0.00703446
0.00577883
0.00336141
0.00570893
0.00689375
0.00700145
0.0067727
0.00327122
0.00484892
0.00617223
0.00634333
0.0026628
0.00636974
0.00336847
0.00321862
0.00404155
0.00702861
0.0069928
0.00697605
0.00690135
0.00700866
0.00518727
0.00516371
0.0070974
0.00444672
0.00524726
0.00528544
0.00683652
0.00654544
0.0068528
0.0060703
0.00371257
0.00683827
0.00700564
0.00612255
0.00421089
0.00310897
0.00604583
0.00617628
0.00645774
0.00476132
0.00463276
0.00386273
0.00680193
0.00503574
0.00705831
0.00714719
0.00358139
0.00669077
0.00643591
0.00471276
0.00320934
0.00624415
0.00353551
0.00680267
0.00526915
0.00444003
0.00554915
0.00547252
0.00512643
0.00471256
0.00484802
0.00623465
0.00691831
0.00500245
0.00333822
0.00634016
0.00404556
0.00402971
0.00372754
0.00385671
0.00465431
0.00663623
0.00678799
0.00439032
0.00496539
0.00500232
0.0065015
0.0062511
0.00442769
0.00609862
0.00701938
0.00661016
0.00348456
0.00696709
0.00684837
0.00665065
0.00564941
0.00428115
0.00665781
0.00665089
0.00455927
0.00580508
0.00627862
0.00717285
0.00485947
0.00661968
0.00679429
0.00715538
0.00627449
0.00347459
0.00504152
0.00471495
0.00408487
0.00744692
0.00358315
0.00368448
0.00442242
0.0033887
0.00377365
0.00346554
0.0035582
0.00519376
0.00635459
0.00673208
0.0053155
0.00512065
0.00231053
0.00660506
0.00377381
0.00431766
0.00385923
0.00337625
0.00319708
0.00381117
0.0041029
0.00319092
0.00392282
0.00429324
0.0048687
0.00263786
0.0054994
0.00399066
0.00423236
0.00399389
0.00418574
0.00329897
0.00470572
0.00297763
0.00472924
0.00533946
0.00529716
0.00332391
0.00359447
0.00379431
0.00255671
0.00400775
0.00465399
0.00577332
0.0037369
0.00406366
0.00410182
0.00474819
0.00418287
0.003946
0.00713483
0.00715547
0.00714566
0.00467203
0.00700228
0.00532289
0.00611575
0.00670714
0.00313198
0.00710215
0.00571344
0.00701653
0.00365045
0.00527732
0.00410138
0.00372664
0.00465713
0.0040276
0.00669595
0.00634695
0.00454509
0.00678364
0.00679736
0.00465853
0.0058116
0.00470068
0.00378627
0.005522
0.00455932
0.00229584
0.00224024
0.00429114
0.00241915
0.0039123
0.00579043
0.00469842
0.00405294
0.00336519
0.00219385
0.0025403
0.00208229
0.00473452
0.00376059
0.00366723
0.00529084
0.00533321
0.00509205
0.00636123
0.00376972
0.00367067
0.00425227
0.00331594
0.00386008
0.00516089
0.00472231
0.00504464
0.0038304
0.00638871
0.00259352
0.00466354
0.00389238
0.00461153
0.00355969
0.00638751
0.00386799
0.00691365
0.00383107
0.00577777
0.00330217
0.00337113
0.00445214
0.0068964
0.00405587
0.00649853
0.0070415
0.00670862
0.00335951
0.00348827
0.00329318
0.00510676
0.00563887
0.00593494
0.00367559
0.0066909
0.00690223
0.00475722
0.00571307
0.00329373
0.00410705
0.00487626
0.00594629
0.00684639
0.00643719
0.00649735
0.00651293
0.00657309
0.00690631
0.00709824
0.00695456
0.00378804
0.00706197
0.00687213
0.00675626
0.0041629
0.00704929
0.00511319
0.00504037
0.0070905
0.00689575
0.00687922
0.00627557
0.00478951
0.00475494
0.00478096
0.00454533
0.0066549
0.0070216
0.00693776
0.00705152
0.00336156
0.00530666
0.00500177
0.00512799
0.00695311
0.00411726
0.00246006
0.00401794
0.0069407
0.00713603
0.00709182
0.00459075
0.006056
0.00655321
0.00477944
0.00692044
0.00655395
0.00593579
0.0039707
0.00465394
0.00359224
0.0030021
0.00370708
0.00661522
0.00310746
0.0070205
0.00448239
0.00704993
0.00657688
0.00488921
0.00675234
0.00664426
0.0039833
0.00414043
0.00388217
0.00411096
0.00517544
0.00397788
0.0037044
0.00491591
0.005708
0.00465111
0.00640842
0.00709232
0.0047945
0.00652939
0.00712997
0.00647535
0.00717876
0.0068015
0.00348964
0.00438977
0.00605918
0.00360398
0.00418025
0.00610789
0.00365136
0.00702341
0.00541118
0.00696174
0.00403106
0.00450341
0.00394823
0.00392672
0.00635215
0.00630029
0.00382863
0.00422673
0.00412041
0.00706466
0.0049497
0.00623285
0.00681536
0.00360175
0.00411972
0.00659661
0.00684704
0.00566917
0.0057926
0.00666442
0.00384314
0.00418291
0.0056655
0.00501671
0.00679363
0.00674827
0.00575531
0.00719175
0.00651832
0.00595993
0.00390629
0.00693258
0.00725386
0.00722095
0.00668929
0.00468758
0.0067441
0.00242491
0.0050151
0.00345714
0.00223784
0.00628594
0.00705551
0.00691314
0.0048921
0.00673079
0.00526913
0.0059256
0.00708159
0.00547274
0.00610783
0.00703223
0.00682102
0.00660024
0.00342795
0.00408328
0.00608973
0.00658249
0.00593432
0.00641539
0.00446026
0.00333795
0.00432572
0.00625699
0.00458743
0.0058835
0.00677955
0.00627052
0.00717882
0.00338004
0.00387295
0.00358175
0.00568944
0.00714421
0.00698351
0.00688467
0.00500163
0.00591858
0.00662869
0.0035531
0.00621594
0.00442702
0.00570814
0.00515117
0.00555844
0.00571925
0.00698307
0.00700443
0.00444437
)
;

boundaryField
{
    outlet
    {
        type            calculated;
        value           nonuniform List<scalar> 
150
(
0.00247318
0.00253946
0.00293808
0.00464458
0.00329519
0.00427729
0.00236197
0.00265923
0.0031268
0.00304227
0.00290067
0.0029337
0.00254831
0.00240576
0.00275505
0.00390183
0.00337807
0.00281697
0.00352495
0.00251353
0.00296089
0.00294759
0.00535828
0.00271704
0.0041906
0.00289402
0.00344493
0.00237908
0.00414216
0.00288039
0.00370291
0.00385507
0.00410213
0.00407129
0.00420436
0.00388766
0.00443596
0.00426985
0.00447964
0.0039736
0.0043112
0.00378508
0.00399749
0.00330411
0.00383238
0.00347339
0.00366942
0.00364211
0.00304296
0.00454606
0.00261968
0.00396595
0.00417372
0.00296305
0.00285285
0.00262473
0.00267886
0.00388114
0.00351097
0.00368743
0.00454507
0.00456084
0.0036241
0.00460108
0.0039976
0.00421755
0.0043206
0.00421162
0.00423049
0.00440611
0.00421454
0.00562549
0.00572982
0.00593432
0.00608942
0.00657062
0.00611371
0.00653641
0.00554576
0.00592356
0.00641539
0.00582782
0.00605532
0.00615101
0.00677015
0.00593815
0.00565961
0.00595266
0.00612096
0.00660022
0.00600359
0.00607561
0.00629155
0.00589066
0.00578936
0.00602878
0.00660823
0.00629473
0.00674249
0.00562934
0.00673493
0.00631482
0.00594629
0.00642336
0.0067736
0.00542774
0.00673983
0.005486
0.0070485
0.00614658
0.00630825
0.00651293
0.00641275
0.00651289
0.00691831
0.00581949
0.00638344
0.00625477
0.00684907
0.00682344
0.00641619
0.00655387
0.0064108
0.00630545
0.00390727
0.00556697
0.00562869
0.00657309
0.00693967
0.00679892
0.00702739
0.00668061
0.00708109
0.00685613
0.00665388
0.00683437
0.00703002
0.00710236
0.00705592
0.0069974
0.00690631
0.00711446
0.00686701
0.0068883
0.00709824
0.00698191
0.00696455
0.00682102
0.00680193
0.00705685
)
;
    }
    walls
    {
        type            nutkWallFunction;
        blending        stepwise;
        value           nonuniform List<scalar> 
895
(
0.000351944
0.000247267
0.000319868
0.000254391
0.000263627
0.00025896
0.000266487
0.000234139
0.000370878
0.000300188
0.000296183
0.000372023
0.000368139
0.000397969
0.000394007
0.000441598
0.000437274
0.000433881
0.000429103
0.000429311
0.000438538
0.000217431
0.00043327
0.00028395
0.000282803
0.000220658
0.000230055
0.000278697
0.000346189
0.00027522
0.00034849
0.00036917
0.00033955
0.00032767
0.000226576
0.000356758
0.000251478
0.000323669
0.000503561
0.000373493
0.000343568
0.000249953
0.000341121
0.000434041
0.000305671
0.000364953
0.000288269
0.000475726
0.000351853
0.00039467
0.000376365
0.000536474
0.000417353
0.000350864
0.000415016
0.000422951
0.000426987
0.000420815
0.000411153
0.000377481
0.000344617
0.000339409
0.00048404
0.000431617
0.000328549
0.000510452
0.000470362
0.000539814
0.000504676
0.000439347
0.000425696
0.000390649
0.000428682
0.000465349
0.000496536
0.000494989
0.000538405
0.000381576
0.000364139
0.000388145
0.000385313
0.000374378
0.000505524
0.000380142
0.000359001
0.000369415
0.000428225
0.000377925
0.000390798
0.000390955
0.000499684
0.000336837
0.000386221
0.000467366
0.00023748
0.000261024
0.000240432
0.00026328
0.000273733
0.00027015
0.000235305
0.000277668
0.000444076
0.000464396
0.000423269
0.000264566
0.000419651
0.000415217
0.000261128
0.000256676
0.000426098
0.000421602
0.000360268
0.000355648
0.000245432
0.000240718
0.000272893
0.000268404
0.000309394
0.000304773
0.000253851
0.000259637
0.000313538
0.000245134
0.000339879
0.000450704
0.000443881
0.000420558
0.000416166
0.000270131
0.00050629
0.000268809
0.000261372
0.000235392
0.000233565
0.000213486
0.000446591
0.000427805
0.000423206
0.000356146
0.000352517
0.000434288
0.00033591
0.000446606
0.000471234
0.000413853
0.000423232
0.000464879
0.000348539
0.000333033
0.000382253
0.000463092
0.000447512
0.000426309
0.000275656
0.000422397
0.000421164
0.000320448
0.000306509
0.000414659
0.000324553
0.000435483
0.000464561
0.000441583
0.000437057
0.00050153
0.000408797
0.000415834
0.000418184
0.000456483
0.000408931
0.000441591
0.00044252
0.000337825
0.000338523
0.000317869
0.000411787
0.000410913
0.000419329
0.000414556
0.000260982
0.000256475
0.000408251
0.000438524
0.00034753
0.000413589
0.000389648
0.000384604
0.000399324
0.000394691
0.000297157
0.000301251
0.000620462
0.000460165
0.000457562
0.000459568
0.000420222
0.00057237
0.000412535
0.000385542
0.000371684
0.000455712
0.000410914
0.000417347
0.00042143
0.000440194
0.00032924
0.000499583
0.000459372
0.000376581
0.000390362
0.000460164
0.000567481
0.000449569
0.000496283
0.000586293
0.000461135
0.000411906
0.000493784
0.000496882
0.000420841
0.000492293
0.000443376
0.00044307
0.000437987
0.000440761
0.000448135
0.000450931
0.00044606
0.000416408
0.000411702
0.000385734
0.000435419
0.000392586
0.000388046
0.00042012
0.00041662
0.000401577
0.000505407
0.000507695
0.000413797
0.000416603
0.00044996
0.00044802
0.000313017
0.000369884
0.000459905
0.000612364
0.000512954
0.000333597
0.000457859
0.00033731
0.000778871
0.00078039
0.000405224
0.000450279
0.000480717
0.000388315
0.000466034
0.000497365
0.000518023
0.00045648
0.000445313
0.000396324
0.000400479
0.000408702
0.000340905
0.000443148
0.000440236
0.00049667
0.000383186
0.000287248
0.000291795
0.000402537
0.000345385
0.000282287
0.000365357
0.000442491
0.000436776
0.000451985
0.000447227
0.000437647
0.000456667
0.000408898
0.00040336
0.000434247
0.000429515
0.000388076
0.000387576
0.000502389
0.000492104
0.000444633
0.000347306
0.000352104
0.000379264
0.000436244
0.000540554
0.00065278
0.000287118
0.000462712
0.000492163
0.000341757
0.000491291
0.000475818
0.000452458
0.000366379
0.000478107
0.000561307
0.000401355
0.000491947
0.000396623
0.000485776
0.000563404
0.00033753
0.000560081
0.000425829
0.000467575
0.000565371
0.000477049
0.000472796
0.000507561
0.000505501
0.000384507
0.000384183
0.000366511
0.000485422
0.000488802
0.000545089
0.000369696
0.000337402
0.000342085
0.000319529
0.000324034
0.000315469
0.00038565
0.000486634
0.000435291
0.000279524
0.00039017
0.00028243
0.000457177
0.000455376
0.000509755
0.000426383
0.000434245
0.000321869
0.000361099
0.000406196
0.000381585
0.000314788
0.000317124
0.000376855
0.000379192
0.00042434
0.000546559
0.000401223
0.000369935
0.0004963
0.000393539
0.000389229
0.000398234
0.00038924
0.000384746
0.00040335
0.000403922
0.000419449
0.000413968
0.000556051
0.000550089
0.00047038
0.000465105
0.000355086
0.000360237
0.000350122
0.000365174
0.000358406
0.0003609
0.000425644
0.000387842
0.000382854
0.00051499
0.000504992
0.000386449
0.000384939
0.000421027
0.000449228
0.000458628
0.00044016
0.000435594
0.000532908
0.000440627
0.000358851
0.000460181
0.000386122
0.000512255
0.000399253
0.000397054
0.000391428
0.000502575
0.000380019
0.000376784
0.000371987
0.000353681
0.000382191
0.000394612
0.000422454
0.000381841
0.00045387
0.000380264
0.000543331
0.000378504
0.00050764
0.000382366
0.000465673
0.000462838
0.000389585
0.000339319
0.000399138
0.0003949
0.000380256
0.000445421
0.000455561
0.000508718
0.000496478
0.000374651
0.000370374
0.000359677
0.000436146
0.000467499
0.000462056
0.000462205
0.000345533
0.00039495
0.000348938
0.000439284
0.00044449
0.000367042
0.00043082
0.000425808
0.000439965
0.000370255
0.000444207
0.000451238
0.000365062
0.000449391
0.000384355
0.000470005
0.000325194
0.000388814
0.000238316
0.000329372
0.000363178
0.000242366
0.000335323
0.000366855
0.000342771
0.00033883
0.000269388
0.000264914
0.000299175
0.000300577
0.000271603
0.000261524
0.000258856
0.000248807
0.000246333
0.000303879
0.000372989
0.000307788
0.000306528
0.000294054
0.00029289
0.000278611
0.000278081
0.000278216
0.000281456
0.000265093
0.000265048
0.000291053
0.000290135
0.000240946
0.000238233
0.000222074
0.000220199
0.000224939
0.000415673
0.000238559
0.000224856
0.000293198
0.00032619
0.000276033
0.000342002
0.00038187
0.000288649
0.000267042
0.000439978
0.000557798
0.000443548
0.000330847
0.000435851
0.00055335
0.000386017
0.000271607
0.000338161
0.000377177
0.000284938
0.000490518
0.000465883
0.00054504
0.000457629
0.000451848
0.000381565
0.000462841
0.000313464
0.000450435
0.000420771
0.000415444
0.000417049
0.000411804
0.000321938
0.000421924
0.000511608
0.000505746
0.000526725
0.000253791
0.000515357
0.000241965
0.000512233
0.000369277
0.000367293
0.000302718
0.00032373
0.000289288
0.000286788
0.000274624
0.000272154
0.000278288
0.00027478
0.000261517
0.000285679
0.00045695
0.000453215
0.000447052
0.000441948
0.000411943
0.000447315
0.000220971
0.000428599
0.000422834
0.00031865
0.0005392
0.000329126
0.000371904
0.000381442
0.000376601
0.000468022
0.000446375
0.000418963
0.000472189
0.000424519
0.000534551
0.000540821
0.000546098
0.000463123
0.00043079
0.000455559
0.000466114
0.000461078
0.000446352
0.000389371
0.000430798
0.000425165
0.000408267
0.000338626
0.000418352
0.000413282
0.000471596
0.000384618
0.000479971
0.000318686
0.000475393
0.000323773
0.000321443
0.00032005
0.000317358
0.000352406
0.000350296
0.000518927
0.000517617
0.000551728
0.00055026
0.000257968
0.000477208
0.000445334
0.000448258
0.000437286
0.000492732
0.000439108
0.000426935
0.000556546
0.000458427
0.00045754
0.000447568
0.000452779
0.000552434
0.000435878
0.000443175
0.000588211
0.000431786
0.000467259
0.000427524
0.000593187
0.000396928
0.000439532
0.000570413
0.000574546
0.000324856
0.000319971
0.00038821
0.000329591
0.000420265
0.000415049
0.000341743
0.000425196
0.000502005
0.00034625
0.000394616
0.000390195
0.000370485
0.000374837
0.000395866
0.000326949
0.000374171
0.000346504
0.000300364
0.000532403
0.00053136
0.000422751
0.000421748
0.000473356
0.000353533
0.00044067
0.000434035
0.000485457
0.000442096
0.000378539
0.000507048
0.000405183
0.000391265
0.000420445
0.000433323
0.000501345
0.000438276
0.000512279
0.000554338
0.000422547
0.000402958
0.000428332
0.000440148
0.000314115
0.000470424
0.000324481
0.000319237
0.00039973
0.000394643
0.000374888
0.000370273
0.000412996
0.000408341
0.00029651
0.000292343
0.000381333
0.000370368
0.000377583
0.000296573
0.000467705
0.000453423
0.000452228
0.000417677
0.000397473
0.000350055
0.000346767
0.000421707
0.000357331
0.000428919
0.000425723
0.000432291
0.000419689
0.000435724
0.000374754
0.0005589
0.00040629
0.000437447
0.000411123
0.000513993
0.000443488
0.000414992
0.000412404
0.00040105
0.000433928
0.000428472
0.000348258
0.000537134
0.000357725
0.000352892
0.000349173
0.000344993
0.000393584
0.000390201
0.000333863
0.000397411
0.000337801
0.000334652
0.000447888
0.000393348
0.000390648
0.000350349
0.000405103
0.00035397
0.000350504
0.000465335
0.000408926
0.000394448
0.00039885
0.000418103
0.00049789
0.000459983
0.000419574
0.000416186
0.000413421
0.000412024
0.000379274
0.000385342
0.000413567
0.00038961
0.000390994
0.000423864
0.000421859
0.000527761
0.000570202
0.00053348
0.00030751
0.000302643
0.000369553
0.000364955
0.000398878
0.0003956
0.000310324
0.000357644
0.000399025
0.000408761
0.000460602
0.000401456
0.000376391
0.000453797
0.000473676
0.000456098
0.000450592
0.00046108
0.000369128
0.000404801
0.000381183
0.000374195
0.000399185
0.000485493
0.000315584
0.000463035
0.000369612
0.000408557
0.000524541
0.000387018
0.000416681
0.000397782
0.000392777
0.000383904
0.000536538
0.000354826
0.000358578
0.000348673
0.000315139
0.000452516
0.000376726
0.000475444
0.0004187
0.000374704
0.000519729
0.000425655
0.000420694
0.000517604
0.000391675
0.000511638
0.000529077
0.000529355
0.00039423
0.000390156
0.000524495
0.000373261
0.000419852
0.000523728
0.000424254
0.000516199
0.000314117
0.000488388
0.000249636
0.000318531
0.000258149
0.000253978
0.000406644
0.00040273
0.000401569
0.000410213
0.000490267
0.000485708
0.000491312
0.000494561
0.000331763
0.000495565
0.000334215
0.000336976
0.000334512
0.000332163
0.000333086
0.000236871
0.000196731
0.000317297
0.00019995
0.000314569
0.000290691
0.000375292
0.000370151
0.00039204
0.000398154
0.000356244
0.000371348
0.000222002
0.000347857
0.000395097
0.000366628
0.000337473
0.000241052
0.00036073
0.000375855
0.000226464
0.000351531
0.000470294
0.000309483
0.000476081
0.000501697
0.000496497
0.000399385
0.000506367
0.000407775
0.000403631
0.00047952
0.000394185
0.000489743
0.000484567
0.000382596
0.000377776
0.000324434
0.000371395
0.000386558
0.000391231
0.000353647
0.000442555
0.000474563
0.000511987
0.000508205
0.000389756
0.000387654
0.000351869
0.000357409
0.000457112
0.000365315
0.00053497
0.00044866
0.000359507
0.000468464
0.000436618
0.000465703
0.000472492
0.00054405
0.000554183
0.000455754
0.000477693
0.000368748
0.000549293
0.000477646
0.000467096
0.000467887
0.000374795
0.00037096
0.000380173
0.000451018
0.000460502
)
;
    }
    inlet
    {
        type            calculated;
        value           nonuniform List<scalar> 0();
    }
    model
    {
        type            nutkWallFunction;
        blending        stepwise;
        value           nonuniform List<scalar> 0();
    }
    procBoundary0to1
    {
        type            processor;
        value           nonuniform List<scalar> 
151
(
0.00692342
0.00516318
0.00506023
0.0068551
0.00669157
0.0031185
0.00432366
0.00447707
0.00463017
0.0049808
0.00337474
0.00505109
0.00457754
0.00672909
0.00305774
0.00389293
0.00678874
0.00446719
0.00619926
0.00668313
0.00306805
0.00329893
0.00548053
0.00384478
0.00573533
0.00478253
0.00534148
0.00632474
0.00349936
0.00640078
0.00439877
0.00703871
0.00605113
0.00583791
0.00583791
0.00327256
0.00346902
0.00394846
0.004693
0.00450662
0.00423015
0.00494416
0.0051795
0.00664504
0.0065044
0.0034518
0.00356261
0.00516318
0.00474589
0.00634714
0.00658338
0.00661518
0.00673964
0.00676204
0.00411712
0.00651028
0.00707042
0.00701344
0.0041551
0.00508177
0.00710731
0.00693829
0.00372098
0.00560398
0.00681075
0.00681089
0.00552282
0.00471341
0.00471341
0.00693595
0.00580349
0.00615002
0.00664886
0.00661824
0.00705362
0.00428223
0.00389259
0.00471833
0.00471833
0.00319682
0.00446335
0.0041551
0.00624595
0.00651862
0.00394846
0.00362724
0.00561523
0.0039571
0.00322137
0.00351792
0.00244817
0.00401974
0.00484524
0.00364885
0.00591239
0.00388844
0.00698934
0.00701428
0.00471988
0.00610318
0.00417848
0.00611449
0.00433431
0.0049154
0.00521243
0.00442804
0.00696963
0.00698374
0.0069765
0.00449964
0.00390831
0.00580976
0.0068514
0.00660706
0.00442701
0.00359062
0.00695479
0.00597918
0.00537392
0.00301917
0.00651862
0.00442351
0.0036714
0.00621228
0.00688244
0.00595639
0.00698934
0.00530616
0.0034171
0.00616751
0.00560541
0.00675018
0.0049886
0.00655533
0.00592431
0.00314417
0.00566139
0.00654741
0.00657441
0.00673603
0.00653772
0.00391213
0.00651489
0.00695479
0.00643179
0.00432366
0.00381294
0.00379041
0.00695209
0.00669735
0.00371649
)
;
    }
}


// ************************************************************************* //
