/*--------------------------------*- C++ -*----------------------------------*\
| =========                 |                                                 |
| \\      /  F ield         | OpenFOAM: The Open Source CFD Toolbox           |
|  \\    /   O peration     | Version:  2506                                  |
|   \\  /    A nd           | Website:  www.openfoam.com                      |
|    \\/     M anipulation  |                                                 |
\*---------------------------------------------------------------------------*/
FoamFile
{
    version     2.0;
    format      ascii;
    arch        "LSB;label=32;scalar=64";
    class       surfaceScalarField;
    location    "0.0501868";
    object      phi;
}
// * * * * * * * * * * * * * * * * * * * * * * * * * * * * * * * * * * * * * //

dimensions      [0 3 -1 0 0 0 0];

oriented        oriented;

internalField   nonuniform List<scalar> 
7683
(
-0.00288226
-0.0154232
0.00750205
0.0108034
0.0015348
-0.000365569
0.000859048
-0.00202828
0.0029328
0.00595035
0.00265427
-0.0115374
-0.0323191
0.00680309
0.014789
0.010727
0.000344116
-0.000902278
0.000114227
0.000443934
-0.0107693
0.0292675
-0.00664102
-0.0118572
0.00210205
-0.00121315
0.000581143
-0.00147004
-7.49143e-05
-0.000983297
0.000635357
-0.00427681
-0.000373536
0.00323492
0.00141543
-0.00187501
0.000676027
-0.0019781
0.00317709
0.000491021
-0.00122523
0.00205128
-0.00131706
0.00847215
-0.00177713
0.00586712
-0.0125621
0.0277735
0.00944615
-0.00653567
-0.030684
1.63856e-05
-0.00619264
0.00733091
-0.00115466
-0.000221215
0.000174816
0.000708376
-0.000661976
0.0223259
0.0231301
-0.0339473
-0.0115087
-0.0052965
-0.00509657
0.00621281
0.00418026
0.0278521
-0.00283233
-0.0250198
0.00103948
-0.000141697
0.00104259
-0.00194037
-0.000198809
0.00070402
-0.000749289
0.000244077
-0.00100767
-0.00467896
0.00167441
0.00401221
0.000357989
1.99292e-05
0.00172413
0.000485089
-0.00133497
0.00261675
-0.00176687
-0.00349674
0.00122016
0.00113386
0.00114272
-0.00661891
0.0019769
-0.00679894
0.011441
-0.000860555
0.000227235
-0.000517705
0.00115103
-0.000875026
0.0015265
-0.000562649
-8.88241e-05
0.000428063
-0.00412127
0.0032018
0.000491403
0.0140399
-0.00493593
-0.00512185
-0.00398209
0.00230706
-0.000322771
-0.00729534
0.00531105
0.00021181
0.000149442
-0.00304502
0.00268377
-0.00047567
0.00176896
-0.000237305
-0.00105598
-0.00119415
0.00158759
-1.55327e-05
-0.000377908
-0.000358684
0.002737
0.00042641
-0.00280472
-0.0125733
0.00315597
0.00254036
0.00687701
0.000225624
0.00247534
-0.00185107
-0.000849892
0.00084008
-0.000248788
0.000193663
-0.000784955
0.000343196
-0.00128856
-0.000867336
0.00492613
-0.0156153
0.0126281
-0.00193893
-0.00363924
-0.0027579
-0.0100821
0.0164793
-0.000227726
-4.27836e-05
0.000328633
-0.0514437
0.016114
0.00200703
-0.00257591
0.000247999
0.000320875
-0.0288894
-0.0225543
0.0427544
-0.0203826
0.0114894
-0.0338612
0.000971246
-0.000474439
0.000346547
-0.000843354
-0.000331788
-0.000682643
0.00101443
0.0155965
-0.00540805
-0.00707591
0.000822797
-0.0004773
0.00166153
-0.00115
-0.000402873
-9.27837e-05
0.00164565
-0.00283953
0.000148309
0.00293416
-0.000242931
0.000768093
-0.000520965
0.000592952
-4.43216e-05
0.000405244
0.00303566
-0.00151109
0.000120664
-0.00121319
0.000544956
0.000547573
0.00703753
0.0153459
-0.0210426
-0.00134087
0.0036928
0.00823124
-0.00369925
-0.00822479
0.00683725
0.0052951
-0.0123155
0.00018317
0.0245922
0.0031813
-0.0238979
0.000261338
0.0330827
2.12188e-06
0.00139492
-0.0011185
-0.000278542
-0.000181235
0.000879479
-0.000696122
-0.00249018
-0.000598654
0.00113478
0.00195406
0.000214202
-0.00285022
0.000145833
0.00119743
0.0144936
-0.0233688
0.00767774
0.00163108
0.00151878
-0.0042156
0.00106574
-0.00100535
-0.00388581
0.00223756
0.00265359
0.00101325
0.00185982
-0.00337939
0.000506323
-0.000243875
-0.000727556
-0.000344671
0.0013161
-0.0116639
-0.00321263
-0.00181745
-0.0011997
0.000887881
0.00212926
0.00474905
-0.00394642
-0.00387225
0.00306962
0.00052859
0.000636701
-0.000793199
-0.000372092
-0.00694229
0.0125728
-0.0138186
0.00818805
0.00111785
0.000386572
-0.000877026
-0.000627391
0.000744895
0.00416144
-0.000655866
-0.00425047
-0.000480735
0.000305498
0.000488173
-0.000312936
-0.000262772
-0.00175005
0.00170705
0.00030578
0.00333226
-0.00805166
-0.00277245
0.00749185
0.00328201
-0.000441591
-0.000866076
-0.00197434
-0.00190505
-0.000827936
0.010809
-0.00807604
-0.00207668
0.00207257
-0.00198559
0.00198969
0.00218913
-0.00175003
0.00230226
-0.00274136
-0.0103473
0.00142052
0.00363029
0.00134432
-0.00105535
-0.00134951
0.00106054
-0.00115824
0.00223548
-0.00137461
0.00029737
0.00432904
0.00281445
0.00964627
-0.0167898
0.0299993
-0.00301468
0.00357444
0.000144161
-0.000312021
-0.000627301
0.000795161
-0.00699819
0.000635017
-0.000996635
0.00735981
-0.00108953
0.00131535
0.00161269
-0.00183852
0.00202622
-0.00143098
-0.00107092
0.00208873
0.00112958
-0.000713847
-0.00250446
-0.00235351
-0.00139857
0.00246857
0.00128351
0.00248433
-0.0027532
0.00382315
-0.00355428
-0.00247549
-0.00114908
0.00283824
0.000786343
-0.000611612
0.000712983
0.000477144
-0.000578515
0.000979243
0.000463517
0.00169886
-0.00314162
5.98588e-05
0.000829388
-0.000106462
-0.000782785
0.00197731
-0.00495295
0.00188851
0.00108713
0.0105235
-0.00886686
-0.00164029
-0.00522044
0.0104267
0.0130165
-0.0182228
-8.14993e-05
0.000625547
-0.00168882
0.00114477
-0.000215056
-0.00729171
-0.00115395
0.0121361
0.00131078
0.00434805
-0.0177949
-0.000584957
-7.14849e-05
0.000209885
0.000446557
-0.00115925
-0.00185594
-0.00162268
0.00463787
0.000181834
-0.00017378
-3.95599e-05
3.15057e-05
0.000215013
-0.000529072
0.000314059
-0.00300897
0.001633
0.00247754
-0.00110158
-0.000537323
0.000433236
-0.00013076
0.000234847
0.00204931
0.000626038
-0.00616672
0.00349138
-0.000513642
0.00130469
0.000340061
-0.00113111
0.00318503
-0.00357985
-0.00323547
0.00885525
0.0233176
-0.00699277
0.000320884
-0.00050131
-1.8383e-05
-0.000141471
-7.49071e-05
0.000537262
-0.00244066
0.00260608
4.63964e-05
0.00735724
-0.00589821
-0.00503146
0.00357244
-0.000339812
0.00193551
-0.00198126
0.000385564
0.000379054
-0.000759911
0.000442931
-6.20731e-05
0.00126404
-0.000408832
0.00032916
-0.00118437
0.0197078
-0.00550441
-0.0108953
-0.00330811
0.00464588
-0.000289842
-0.00070459
-0.00365145
0.000400633
-0.00309013
0.0027615
-7.1997e-05
-0.000920911
0.00272918
-0.00321489
0.00140663
-0.000175161
0.000482511
0.00230561
-0.00261296
-0.0430338
-0.031253
0.0267156
0.000537174
0.000594996
-0.000513113
-0.000619056
0.000883547
0.000937381
-0.00141149
-0.000409437
0.000925678
0.00861731
0.00202468
-0.0115677
5.35674e-05
0.00131856
-0.00648146
0.00510933
-0.00293085
-0.00100885
0.00460623
-0.000666527
-0.01492
-0.00700846
0.0179072
0.00402128
-0.0023256
0.00512328
-0.00360717
0.000809498
-0.00355041
-0.00270799
-0.000300592
0.00655899
0.00223989
-0.00925901
-0.0058975
0.0129166
0.0118528
-0.00324387
-0.0164064
-0.00380577
0.00435591
0.012886
-0.0134361
-0.000143037
-0.00176686
0.00130693
0.000602963
-0.000938633
0.00270399
0.000850627
-0.00261598
-0.00219941
0.00114572
0.00203293
-0.000374471
-4.19866e-05
-0.000304881
0.000721339
-0.000790682
0.000718998
-0.00107831
-0.00438347
0.000363437
0.000133382
0.00325344
-0.00333799
-8.38025e-05
0.00016836
7.5721e-05
0.00109333
-0.010269
0.00909995
-0.000841903
0.00109378
0.00109245
0.000894479
0.000305754
-0.00120023
0.00220209
-0.000177111
0.00118679
-0.00321177
-0.000575807
-0.000746554
-0.00175111
0.00307347
0.0020724
-0.000674487
-0.00184816
0.000450247
-0.000149104
0.00101575
-0.000866643
-0.00054299
0.00133252
-0.000864644
7.51114e-05
-0.00178049
0.00187486
0.000263623
0.00282802
-0.00298583
-3.2059e-05
0.000189874
-0.00165341
0.000411036
0.00045169
-0.00135612
0.00109838
-0.000119926
0.000377662
0.00143971
-0.000475955
-0.000272075
-0.000691682
-0.000274659
-0.00146913
0.00156256
-0.0157212
0.0185952
-0.00651329
-0.000609292
0.000670782
0.000299612
-0.000361103
-0.00813041
-0.00242671
0.0140559
-0.00349878
-0.00138281
-0.00344574
0.0030111
0.00181746
-0.000333415
-0.00081885
0.000770011
0.000382254
0.000632098
-0.00353087
0.00427864
-0.00137987
0.00350813
0.00521343
-0.00830084
-0.000420712
-0.00420627
0.00437351
0.000186963
-0.000354206
-0.00466951
-0.00136574
0.00529087
0.000744381
-0.0219947
-0.0176639
-0.0137069
0.00551605
0.00229169
0.00589914
0.00243871
0.00077129
0.000723861
-0.00393386
-0.000830596
0.00242359
-0.000860298
-0.000732691
-0.00124053
0.00415183
-0.0029113
-0.00134497
-0.00219903
0.003544
-0.00517037
0.000483554
0.00481175
-0.000124933
0.0182652
-0.00626053
-0.00976477
-0.00471988
-0.00481087
0.00152565
0.00800509
0.00137332
-0.00224425
0.000357971
0.000512955
-0.000396256
0.00128284
-0.00207542
0.00118884
-0.000274926
0.0015865
-0.00148082
0.000169245
-0.000216498
-0.000242942
-0.000961633
0.00142107
0.000527501
-0.00359094
0.00167479
0.00138865
0.0013349
-0.00640454
0.0309376
-0.025868
-0.00703699
0.00747482
-0.00541618
0.000672495
-0.00578955
0.00304197
-0.000244762
-0.00600986
0.0053675
0.000887124
-0.00230459
-0.0016862
0.00717582
-0.000500858
-0.000894841
0.000717532
0.000678166
0.00359268
-0.00344197
1.0943e-05
-0.034436
0.00737648
0.0270595
5.10692e-05
-0.00139496
-5.14546e-05
-0.000454886
0.000191799
0.000314542
0.000663936
-0.00112523
0.00127766
-0.000816364
-0.000485748
-0.000440096
7.35162e-05
-0.00417066
-0.0045241
0.00283857
0.00885662
0.00476658
-0.00929416
-0.000136898
0.000394036
-2.44124e-05
0.00430807
-0.00573728
0.0030603
0.017298
0.000789169
-0.0176346
-0.000452581
0.00093394
0.000206056
0.000418697
-0.00155869
-0.00168989
-0.000725693
0.00125735
-0.000123972
-0.00543924
0.0036882
-0.0012396
-0.00222326
-0.00126328
0.00472615
-0.00209736
0.000779735
0.0004849
0.000832723
0.00139741
0.00183514
-0.00298121
-0.000251334
0.000150722
-0.00160991
0.000516807
0.00094238
0.0013047
-0.000717897
-0.0024879
0.0019011
0.000885838
-0.00224669
-0.000329043
-0.0011261
0.000873981
0.000376673
-0.000124554
0.000537087
0.00212405
0.00200697
-0.00466811
-0.000909312
0.00199597
-0.00243875
0.00135209
0.000815191
-2.67101e-05
0.0004379
-0.00122638
-0.00456512
0.00521871
-0.00358445
0.00285338
6.11236e-05
-0.00231151
-0.000603001
0.0177774
0.0108051
-0.0205686
-0.00801388
0.000584097
-0.000849632
-0.000196371
0.000461906
0.00114543
-0.0019392
0.00117335
-0.000379577
-0.000963358
0.000691877
0.000173243
-0.00211451
0.00164015
-0.000349475
0.000823839
0.0025594
0.00052421
-0.000580278
0.00318534
0.000662093
-0.00326715
-0.000749187
0.000501107
0.000586897
-0.000338817
-0.00306743
0.0015701
0.000871089
0.000626243
0.00118189
-0.000855915
0.000211199
0.000699956
-0.00168317
-0.0010022
0.00198541
0.00287565
-0.0105701
0.00462638
0.00306807
0.00771812
0.00355622
0.00498267
-0.000516534
0.000486178
-0.00301997
0.0055211
-0.00883367
0.00633254
-0.00399462
0.00778496
0.00232413
-0.00611447
0.000595382
-0.0014011
0.000395951
0.000409763
-0.000396725
0.000715169
-0.000173689
-0.000144755
-0.00875188
-0.0228084
0.0286887
0.00287155
0.000573963
0.00363159
-0.00393124
-0.00027432
0.0158467
0.00891055
-0.00504943
-0.000504096
0.0207427
0.00201262
-0.0222512
-0.00331324
0.00329926
0.00147623
-0.00146225
0.000311883
0.000317147
-0.000249977
0.000200614
0.00160646
0.00102094
0.000288264
-0.000851369
0.000193591
0.000369514
-0.00148004
0.00035708
-7.11858e-05
0.0102421
-0.00207472
-0.0134574
0.00529003
0.000287508
1.17453e-05
-5.50979e-05
-0.000244156
-0.0019744
0.00128479
-0.00171405
0.00240367
-0.0114212
0.0060347
-0.00228404
0.000253454
-0.00110601
0.0056016
0.00430213
-0.00301885
-0.000141693
-0.00114158
0.00371209
-0.00136699
-0.0011349
-0.00121021
-0.00561381
0.0117152
0.0137888
0.00141684
-0.00336439
-0.0118413
-0.000813445
-0.00660006
0.0031367
-0.00759171
0.0255847
-0.00614024
0.0160395
-0.000471123
0.00462879
0.00275125
-0.000360189
-0.0026919
0.000300837
-0.00116581
-0.00273812
0.00254771
0.00135622
-0.00137993
0.000545029
0.000223292
-0.00304994
0.00360686
0.000331938
-0.000888855
0.00119086
-0.000610744
0.000550087
-0.0011302
0.00199939
0.000726832
-0.000385548
-0.00234068
-0.00195163
0.00100045
0.00051862
0.00043256
-0.00023339
0.000148711
-4.91415e-05
0.00013382
-0.000491536
0.000817678
-0.000326141
0.00527895
-0.00666318
0.0135203
-4.28506e-05
-0.00014898
0.000507467
-0.000315636
0.000617467
-7.46001e-05
0.000484532
-0.0010274
0.00312512
0.000117316
-0.000468844
-0.0027736
0.0050414
0.0026534
-0.00244913
-0.00524567
0.00298247
-0.00280013
0.000686108
-0.000868446
0.000672352
-0.000658822
-0.000260341
0.000246811
0.000428035
0.000316566
-0.000376686
-0.000367915
0.00463212
-0.00079922
-0.00357944
0.000131602
0.000163269
0.000204174
-0.000499046
0.000889905
8.13407e-05
0.00204978
0.000767492
-0.000615853
-0.00220141
-0.000682123
-0.00314631
0.0198679
0.0034384
0.00761667
-0.0023681
-0.00868696
-0.00215009
-0.00733664
0.000227718
0.00115418
-0.00375018
0.00227468
0.000321329
-0.00187421
0.00134328
0.000387889
0.000180484
0.000163738
0.000114716
-0.000458937
-0.00194219
0.00415487
-0.00418709
0.00147348
-0.0022986
0.000783113
4.20132e-05
0.00450946
-0.000195783
-0.000222938
-0.00409074
0.00150932
4.42488e-05
-0.000853615
-0.00574649
-0.0100923
0.0186397
-0.0028009
-0.000130346
0.000389714
0.000586099
-0.000845467
0.000772531
8.62238e-05
-6.61741e-05
-0.000792581
-0.00748469
-0.0117975
0.00356101
0.00131887
-0.00220826
-0.00215267
0.00192027
0.00363039
0.000975426
-0.00185456
-0.000184529
-0.000449753
0.000306692
0.000327591
-0.00808976
-0.000207129
0.00519027
-0.00510473
-0.000801448
0.00195509
0.00395109
-0.000744943
0.00191199
-0.00133182
0.00508514
0.00233659
0.000407377
-0.00389497
0.00521286
-0.00172526
0.00577392
0.00402042
0.00211649
0.0133035
0.00337304
-0.000637364
-0.00376332
0.0220499
0.000796083
0.00066437
0.000356427
-0.00181688
0.0123014
-0.00927805
-0.00674084
0.00371754
0.001425
-0.000154265
0.00351127
-0.004782
-0.000866205
-0.00029066
0.00171303
-0.000556163
0.000220775
0.00349665
0.00172063
-0.00543806
-0.000312682
0.000612782
-0.0003001
8.37365e-05
-0.00430853
-0.000196421
0.00442122
-0.0010549
0.00102134
0.0011514
-0.0091218
0.0101419
-0.0106552
0.00963507
-0.00968965
0.00159779
0.00234048
0.00575138
-0.00447054
-0.0142333
0.0027478
0.015956
-0.0013545
-0.000816059
0.0147082
-0.0125377
0.00074096
-0.000184352
-0.000598594
0.000159004
-0.00132279
-0.0026486
0.00381238
0.00129853
0.000789768
-0.0021698
0.0162328
-0.0181278
-0.00524008
0.0071351
-0.00513048
-0.0028294
0.00441054
0.00354934
-0.00277431
0.0366611
0.00268906
-0.000189232
0.00255457
-0.0050544
-0.00233237
0.00443329
-0.000796223
0.00108165
-0.00403025
0.00470109
-0.0017525
-0.00399356
0.000119092
0.00181661
0.00205785
0.000354922
0.00362297
-0.00163515
-0.00234274
0.00338213
-0.00123959
-0.00271835
0.00330117
0.00508813
-0.00608859
-0.00230071
-0.0027253
0.00227489
0.0012256
-0.000775187
0.00150597
-0.000737358
-0.00306489
0.00229627
-0.00375503
0.000866928
0.000526671
0.00236143
0.000957046
-0.00062976
-0.00111525
-0.000704239
0.000399263
-0.000496806
0.000801782
-0.00455947
-0.00197125
0.00662625
-9.55298e-05
0.00196898
-0.000525647
0.00320255
-0.00315955
0.000299313
-0.000317962
0.0031782
0.00100952
0.0184321
-0.0199457
-0.00133879
-0.000661458
-8.09037e-05
0.00208116
-0.00332654
0.000649623
0.000769179
0.00190774
-0.00390019
0.00246706
0.00190528
-0.000472156
-0.00378792
0.00229463
-0.00349385
0.00498714
0.00054742
-0.000811402
-0.00191549
0.00217947
-0.00018194
0.00155652
0.00385671
-0.00523128
0.00614983
-0.00300728
0.0014326
-0.00457515
-0.00191647
0.00576187
-0.00306773
-0.000777674
0.00863132
-0.00332205
-0.00424627
-0.001063
-0.00234321
-0.000298925
6.62316e-05
0.00128529
-0.00208855
0.00184571
-0.00104245
-9.78883e-05
0.000371507
-0.000499861
0.000226243
0.000651825
0.000373362
-0.00126787
0.000242684
-0.00257219
0.00264847
0.0233621
-0.0234383
0.000577436
-0.000222358
-0.000883949
0.000528871
-0.00518992
-0.00227449
0.00501521
0.0024492
0.0242428
-0.0131386
-0.000717327
-0.0103869
-9.93237e-05
-0.00118875
0.00128807
0.000272677
-0.00228962
0.000744179
0.00127276
0.000355964
0.000423867
-0.000779831
-0.00123795
0.00350027
-0.00151057
-0.000751753
-0.00517248
0.00089345
-0.000551649
-0.000384652
0.00149766
0.000496322
-0.000620667
0.0043811
0.000232989
-0.00275943
-0.00185465
-0.00208498
0.000394461
-0.000609958
0.00230048
-0.00125941
-0.00198498
0.00112987
-0.000943143
0.000661639
0.000281504
0.0027923
-0.00334374
-0.000190264
0.000741698
0.00035308
-0.00193595
0.00355184
-0.000880679
0.00187277
0.00226135
0.00242497
0.000891819
-0.00391544
-8.99936e-05
0.0099148
-0.00096819
-0.00196924
0.00245571
0.00181054
-0.00229701
0.00135587
-0.00165514
-0.000154427
0.000453703
-0.00317141
-0.00117766
0.00193864
0.00241043
0.00109106
-0.000325644
0.00147006
-0.000177116
0.000335756
-0.000894947
0.000736307
0.0025389
-0.00531044
0.00564719
-0.00111324
0.000388349
-0.000187429
0.000912318
-0.00214126
-8.01856e-05
-0.00127529
0.00257749
-0.00106848
-0.00274696
0.00287009
-0.000544105
-0.00363783
0.00131184
0.00117921
-0.000545282
0.00280516
-0.00343908
0.000197189
-7.37096e-05
-5.90822e-05
-6.43976e-05
0.000202262
0.000107436
-0.000309698
0.000103913
-0.000241571
0.0006868
-0.000549141
0.00407314
-0.00339308
0.00279298
-0.00347304
-0.00346363
0.00102597
0.00191201
0.000229812
-0.00231803
0.00191305
-0.000120051
0.000696092
1.89547e-05
-0.00057567
0.00154958
0.000171525
-8.70798e-05
-5.02587e-05
-9.60509e-05
-0.00117707
0.000430629
-0.00108682
0.00183327
-0.00293406
0.000406049
0.00341156
-0.000698053
-0.000311687
-3.08059e-05
0.00104055
-0.00293207
0.0013481
-0.00377098
0.00714553
-0.002603
-0.00077154
0.00696918
-0.00163556
-0.000258869
-0.000525284
0.000784153
-0.00959971
0.0106905
0.00894061
-0.00414614
-0.00885151
0.00405704
0.00125463
-0.000432928
-0.000802301
-1.94015e-05
0.0019646
-0.0011773
-0.000810186
0.00338099
0.00344333
0.000424478
-0.00724881
-0.000809059
-5.04489e-05
0.000739457
-0.000361669
0.00049893
-0.0016173
-0.0033833
-0.00201958
0.00251799
-0.000638698
0.00401792
-0.00967441
-0.0036126
0.0092691
-0.000422334
0.000269826
0.000367521
-0.000203626
9.31754e-05
-0.00101152
8.75189e-05
0.000194088
0.000729917
-0.00432993
-0.000596491
-0.000637384
0.0055638
0.00611527
0.00945999
-0.00205109
-0.00177107
-0.000312555
0.00413471
0.000206828
0.00267573
-0.00248193
0.00215576
-0.00200714
0.00185077
-0.00752777
0.00484386
-0.0200131
0.022697
0.0242699
-0.00352727
0.0237934
-0.0439291
-0.00219102
-0.00105794
-0.00102637
0.000443869
0.00164044
0.0168078
0.0285738
-0.011582
0.00456804
0.0177386
-0.0107247
-0.0202535
0.00649149
-0.00389783
0.0176598
-0.00107876
-0.00162218
-0.000349774
0.00305072
-0.00560584
0.017223
-0.0231991
0.00416518
-0.00697683
0.00348297
-0.0110144
0.00609962
0.00100849
-0.00245102
0.004425
0.00177383
0.00124891
-0.0022316
-0.000791151
0.00103428
-0.000113589
-0.000657007
-0.000263684
-0.000694542
0.00156443
-0.00111376
-0.00487155
-0.00282984
0.00572002
0.00198137
9.09492e-05
3.8943e-05
-0.000360955
0.0041676
-0.00384559
-0.00350027
-0.00152721
7.44169e-06
-0.00500765
-0.00595315
0.00941156
0.00154924
-0.007059
-0.010359
0.00249797
-0.00281927
-0.00958818
0.0087683
0.00363915
0.0147213
-0.0122508
0.00245558
-0.00344962
0.00705096
-0.00286226
-0.000739079
-0.0020702
0.00190109
-0.00263102
0.00335767
-9.88187e-05
0.000156503
-0.00341536
-0.00329301
0.00112491
9.78946e-05
0.000172444
0.00390163
-0.00392463
-0.0024198
-0.00236189
0.00060388
0.00417781
-0.00176333
-0.000670241
-0.00179683
0.00423041
0.00490027
0.0122271
-0.00122855
-0.0158988
0.00767829
0.00188458
-0.0116973
0.00213442
0.0166958
0.00199329
-0.00791199
-0.00402281
0.0120146
-7.97849e-05
-0.00230174
0.000330972
-0.00132224
-0.00276866
0.00113738
0.00123502
-7.27621e-05
-0.000449218
0.00125214
-0.000730158
-0.000330719
0.000991441
-0.00044328
-0.000217441
-0.000396536
0.000739602
0.000472125
0.00308458
-0.000743924
-0.00328385
0.000943193
0.00319512
-2.68069e-05
0.00239031
-0.00316777
3.35386e-05
0.00136329
-0.00111424
-0.000232246
0.00413157
-0.00184282
-0.0020565
0.0017524
0.00145483
0.00109489
0.000358143
-0.000130513
-0.00295293
0.00322694
0.000490216
-0.00188552
-0.00183163
-0.000130721
0.00370777
-0.00130215
0.00118984
0.00305035
-0.000694085
0.00332088
0.000303437
-0.00293024
0.000728831
0.00233347
-0.000445548
0.00101676
-0.00245973
-0.00121717
0.00266014
-0.00264764
0.0029655
-0.00170391
0.00138604
0.00655317
-0.0067346
-0.00131569
0.00149712
0.00079053
0.00196061
0.00380203
0.00246666
0.00130672
-0.000456406
-0.00331697
0.00159183
0.00264604
-0.00177121
0.000930349
0.000295389
-0.00190291
0.000677173
-0.00173354
-0.000119462
0.00274083
-0.000887823
-0.000239311
-0.00212194
0.000627708
-0.0016238
-0.0010457
0.00255004
-0.00234918
0.000486065
0.000928818
-0.00113425
-0.00378812
-0.0015475
-0.000256923
0.00126088
0.000543545
0.00303768
5.95369e-05
-0.0021684
0.000120734
-0.00152047
0.00285793
-0.00145819
-0.00273277
0.00142914
0.000484916
0.000818712
0.000460105
-0.000402043
8.87146e-05
-0.000146776
8.94109e-05
-0.000130615
-0.000492345
-0.000561425
0.000164604
0.000889166
0.0010227
1.85851e-05
-0.000200668
-0.000840615
0.000201731
0.00107068
-0.000249714
0.00100358
0.000522578
-0.000189023
-0.00133713
-0.000971841
-0.00101302
0.00176083
0.000224036
0.00025952
-0.00156274
0.00268173
-0.00137851
-0.00198459
0.00202665
0.000769861
-0.000811919
-0.00251441
0.00105228
0.000601441
0.000860686
-0.0222261
0.0073208
-0.0018362
0.000436817
-0.00166805
3.71915e-05
-0.000929662
0.000493736
0.000398735
0.000145678
-0.000576487
0.000784117
-0.000353307
0.000580127
-0.000980555
0.000907177
-0.000506748
0.000533628
0.000441874
-0.000472546
-0.000502956
0.000321484
2.76148e-05
0.00074696
-0.00256447
-0.000832535
0.00265004
0.0030041
-0.000738927
-0.00151821
0.00435678
-0.0059973
-0.00344522
0.00508573
0.0064632
-0.00501921
0.0165026
-0.000184225
-0.0165844
0.000266048
0.00150235
0.00586664
-0.000905792
-0.0112233
-0.00220004
0.0132083
0.00230717
0.00841653
-0.00841664
0.00288643
0.016494
-0.00967557
-0.00970488
0.00368082
0.0041704
0.00363342
-0.000485037
-0.0142081
0.0113247
0.00336841
0.0305671
-0.00447196
0.0126507
-0.016956
0.0125515
0.00391944
-0.00419398
-0.00999676
-1.73335e-05
0.00362129
-0.00430314
-0.0162741
-0.0118863
-0.00292541
0.00358843
-0.00194829
-0.00499447
-0.00107741
0.00802018
-0.00945727
-0.00437737
0.00112224
0.0213739
-0.0300239
0.00281668
-0.000175499
-0.00357982
0.00324968
0.000220571
-0.000653568
0.00102137
0.00229368
-0.00233636
-0.000978694
-0.00187362
0.00196825
-0.00068592
0.000591285
-0.00129646
-0.00109721
-0.00240786
-0.00112628
0.00305755
0.000476587
0.0020289
0.00194849
-0.0034403
0.000701772
-0.000546491
-0.00345259
0.0013644
0.00237979
-0.000291605
-0.000946432
0.00083695
-0.00125696
0.00136644
0.00353348
-0.00290981
-0.000913514
-0.0031121
0.00236753
-0.000247434
0.000992007
-0.000369507
-0.00238185
0.000387309
0.00236405
-0.00469358
0.00114029
-0.000929499
-0.00110597
-0.00214543
0.000139303
0.00261194
-0.00322659
0.00286334
-0.00224869
0.000714304
0.00168858
0.00020905
-0.00112055
-0.000139755
0.000508171
0.00075213
0.00239796
1.1209e-05
-0.000266376
-0.00214279
0.000966334
0.00109033
0.000103428
-0.00216009
-0.00111286
-0.00269485
0.00229257
0.00151514
0.00117848
-0.00136788
-0.000862151
0.00105155
0.000293018
0.000615531
0.000269931
0.00238393
0.000499678
-0.00215678
4.964e-05
0.000777957
-0.000791577
-3.60203e-05
-0.000342833
-0.000629725
0.00030111
0.000671447
-0.000527456
-0.0003385
0.000476107
0.000389849
-2.00814e-06
-0.000335176
-0.000190272
0.000526645
-0.000909751
0.00067137
-0.00390306
-0.00207065
0.00400134
0.00197237
-0.00017759
-2.35487e-05
0.000982422
-0.000781284
-0.00110662
-0.000319082
0.00124811
0.00113533
-0.000702744
0.000710568
-0.00114316
0.0013666
-3.04066e-06
-0.000228222
0.0147153
-0.00102833
0.00254575
-0.00203722
0.0180875
-0.00611785
-0.00322927
0.00281363
-0.00312903
0.00438853
0.00148166
-0.0019983
0.00180213
-0.00128549
0.00391137
0.000383918
-0.000308026
0.000831203
0.00253498
-0.00305816
0.000546373
0.00178531
-0.00263971
-0.000112612
-0.00218521
-0.00156454
0.000241351
-0.000853488
0.00105715
-0.000445018
-0.000248514
-0.000601927
0.000195844
0.000654597
0.000725792
0.00028174
-0.000427405
0.000157895
-0.000308165
0.000832454
-0.000682184
-0.00054359
-0.000195614
-0.000505485
-5.12033e-05
0.0018931
0.000542037
-0.00192227
-0.00206113
-0.000375325
0.00435872
-0.00134052
-0.000585707
0.00014574
-0.00120602
-0.00195585
0.000119844
0.000342868
-0.00059961
-0.00085306
-0.00271729
0.00222982
0.000220849
-0.000568046
0.000217058
0.000130138
-0.000995591
0.00125842
0.000566935
-0.00082976
0.000407576
-0.00151287
0.00122513
-0.00025904
0.00238788
0.000724538
0.00209699
-0.00178002
-0.00107109
0.00075412
-0.00328671
-0.000761016
0.000373602
0.00367412
0.00110759
-0.000795189
0.000271435
-0.000583833
-0.00470893
0.000717682
0.000922225
0.000972484
-0.000635183
-0.00125953
-0.000200907
0.000695937
-0.00425006
0.000538063
-0.000222393
0.000344526
-0.000660196
0.000748754
0.00226659
-0.00198736
-0.00102799
-0.000544076
0.00103514
8.63738e-05
5.07286e-05
-0.000750133
-0.000128353
0.000827758
0.000799188
0.000395895
-0.000999264
-0.000195819
0.000145177
-0.000152987
6.52189e-05
-0.00274431
-0.00278935
0.0033104
0.0061528
-0.00751265
0.00580975
-0.00444991
9.62815e-05
-0.00076537
0.000420575
-0.000932776
0.00144821
-0.000123234
-0.000392203
0.000256166
8.25332e-05
-0.0013936
-8.21034e-05
-0.000230386
-0.000548894
0.000861383
0.00541183
0.000218282
0.00220263
0.00145218
0.000582641
-0.000139781
0.000318482
-0.000761342
0.00142623
0.00148921
0.000689883
-0.00360532
-0.000200471
6.92153e-05
-1.3913e-05
0.000145169
-0.00258516
-0.000495367
-0.000908979
-0.00231548
-0.00100518
-0.00362394
-0.000477372
0.00384238
0.000258928
0.00545351
-0.000442444
-0.00118835
-0.00282629
0.00417364
0.00145292
-0.000433415
-0.000300509
0.00155656
-0.00217136
0.0007956
0.000630612
0.000300677
0.00129103
-0.000796108
-0.00571294
-5.73591e-05
0.00681937
-0.00104908
0.00294341
-0.00408366
3.4286e-05
-0.00154014
-0.0068925
0.0027197
0.000989747
0.00168476
-0.000131652
-0.00254285
-4.63639e-05
5.79367e-05
-0.000197985
0.000186412
0.000342807
-0.00141539
0.00115029
-7.77015e-05
0.000204067
-0.000434315
-7.07317e-05
0.00030098
-0.0173861
0.0117458
-0.00814406
-0.000207195
-0.00847975
0.00387131
0.0203986
0.00178056
-0.0203625
0.0175536
-0.00798846
0.021462
0.0111187
-0.0118205
0.0148907
0.00428359
-0.0122948
0.00634225
0.00166892
-0.000299667
-0.000752076
-0.000899887
-0.00711754
-0.00366028
0.00801991
0.000289228
-0.00141313
0.00103748
8.64157e-05
0.00708863
-0.00901005
0.0142655
-0.0141435
-0.00562641
-0.0112141
-0.0232218
-0.000390699
-0.00198653
-0.000909483
-0.00195074
0.00209923
0.00101047
-0.00115896
-0.00461437
-0.00121241
0.00481792
0.0169392
0.00641136
-0.00938231
-0.0139683
-0.0183171
0.00892965
-0.00046475
-0.000915139
0.00107554
0.000304344
-0.00195645
0.000724546
-0.00106548
0.00229738
-0.00105504
-0.000720182
-0.00121061
-0.00210946
0.00516209
-0.00209368
0.00112469
0.00239522
-0.00475174
0.00146955
0.00384315
-0.000560953
0.000594627
0.00168613
0.000235308
0.000962412
0.000241992
0.00046024
0.000485663
1.32548e-05
-0.000959158
-0.000279455
2.71297e-05
0.000152858
9.9467e-05
0.00210109
-0.00148603
0.00111397
-0.00172904
0.00127928
-0.00352036
0.00187549
0.000365591
-0.00669451
0.00395974
0.00554922
-0.000554696
-0.000338628
-0.000232775
0.00116081
-0.000565264
0.000540533
8.52105e-05
0.00210797
-0.0022097
-0.00303207
0.0031338
-0.000447649
-0.00225814
0.00244083
0.000264953
2.84428e-05
-4.81644e-05
0.000553793
-0.000534072
0.000223403
-0.00108778
0.00643929
0.00416475
0.00343583
-0.0024808
-0.0011955
0.00121462
-0.000686475
-0.0024346
0.00190645
0.00211105
0.000498547
-0.00124431
-0.00136529
0.00338337
-0.00268291
-0.00413225
0.00343179
-0.000623984
-0.00203245
0.00040975
0.000745245
-0.0019836
-0.00144498
0.002649
-0.000849097
0.0232427
-0.00423652
0.00247795
0.000115618
-3.09789e-05
-0.00256259
0.00348808
0.000202474
-0.00523069
-0.000696275
0.000835417
0.00378959
-0.00392873
-0.0041228
0.00162712
0.000146714
-0.000882058
0.00132739
-0.000592046
0.00234013
-0.00162653
-0.00268284
-0.0014768
-0.000563568
0.0024222
0.000750448
0.00144691
2.78613e-05
-0.00222522
-0.0161129
-0.0113355
-0.00441604
0.00316122
-3.10746e-05
-0.00260765
-0.000522503
0.0299445
-0.00215177
0.0074161
0.0145748
0.0201547
-0.0227269
-0.000320629
-2.57017e-05
0.000217379
0.000128952
0.00441564
-0.00161057
-0.00179658
6.58093e-05
-0.000257971
-0.0022303
-0.000345936
-1.26072e-05
-0.000966633
0.00132518
-0.000139538
-0.000737813
0.00021998
0.000931221
-0.0100662
0.0214255
0.0277948
-0.0129436
-0.000176973
-0.000238533
0.000237714
0.000177792
0.00108398
-0.00114852
0.000122699
-5.81571e-05
7.29359e-05
-0.000457471
0.00141804
-0.0010335
0.000273727
0.00014764
-0.000630802
0.000234739
-0.000156883
-0.000442671
0.000672491
-0.00806188
0.00435174
-0.000110471
0.000511476
0.000226201
-0.000627206
-0.00754211
0.00439218
-0.00719739
0.0145925
-0.00256537
-0.000571971
-0.0114552
-0.00409794
0.00612127
-0.00139123
-0.0010513
0.000841481
0.00117123
-0.000961407
-0.00137959
0.00262257
1.37707e-05
-0.00125675
0.00111086
-0.00344323
0.0128109
-0.0208799
-0.0195919
-0.00392673
0.00297361
0.000351809
0.00296447
0.00644722
0.00204843
-0.000133866
0.0149364
-0.00373022
-0.00205476
-7.80477e-05
0.0019319
0.000281368
1.11298e-05
0.00207602
-0.00236852
-0.000478613
-0.000363794
-5.95825e-05
0.00090199
-0.001586
-0.00189643
-0.00252833
0.00263075
-0.00115746
0.00562451
-0.00773366
-0.00223284
-0.00102009
0.00109669
0.00215623
-0.00475959
0.00252798
0.000323751
-0.00140179
0.000193938
0.000884102
0.000901017
-0.0134678
0.000251275
0.0016638
0.0017479
-0.00162639
-0.00257406
-0.000643719
0.00261375
0.000604028
0.00738609
-0.00796606
-0.00152948
-0.0021155
-0.000727119
0.00115945
0.000433551
-0.00409516
3.76722e-05
0.00266964
-0.00638408
0.00428835
-0.000573905
-0.0216613
0.00816876
0.0229107
-0.00741969
-0.00108016
0.00107407
0.000329847
0.00116282
0.000208555
-0.000973308
-0.000398065
0.000124756
0.000829724
0.000208339
0.000439768
0.000948171
-0.00126318
0.0012775
0.000528868
0.00158925
-0.00716883
0.00755288
-0.000283116
0.000440768
3.14063e-05
0.00157506
0.003133
-0.00223648
-0.00247158
0.000498643
-0.000712747
-0.000666678
0.000880782
-0.000205871
0.000810743
-0.000304173
-0.000300699
-0.000125844
0.00133327
-0.00105166
-0.000155765
-0.00180245
0.00165951
-0.000802365
0.0010336
0.000594414
-0.000770336
-0.000835602
0.000508217
-0.00102071
-0.000545446
0.00107166
0.000514678
-0.000578514
-0.00100783
8.5414e-05
0.000187746
-0.000319524
0.000148723
0.000118526
1.60533e-05
0.000917555
-0.000688864
-0.000244744
-0.00163303
0.00159819
-0.000240085
-0.000175161
0.001285
-0.000867868
-0.00024197
0.000375988
0.00128847
-0.00122511
-0.000439351
0.000501347
3.31719e-05
-0.000737411
-0.000355814
0.00433593
-0.00099037
0.000648437
-0.000589407
0.00093134
-0.000200692
-0.0016355
0.00156153
-0.000436362
0.000472049
-0.00102606
-0.00153979
-0.000386562
0.000587555
0.000984221
-6.59954e-05
-0.00138298
0.00177404
0.00112195
-0.00316498
0.000268994
-0.00131303
0.00170748
-0.001453
-0.00156566
0.00054316
-0.00264599
0.001399
-0.00206166
-0.000197193
8.88208e-05
-8.59357e-05
-0.0022617
0.0010105
-0.00187063
-0.000499302
0.00103769
0.00133224
0.000935473
0.0013447
-0.000727503
-0.00155267
0.00114643
-0.000608741
0.000397787
-0.00498655
0.00129943
0.00284467
-0.00869749
0.00283199
0.00628504
-0.00477121
7.52699e-05
0.0109659
-0.00915606
-0.00188514
0.00338043
-0.00313078
0.00274553
-0.00299518
-0.00118385
-0.00050768
-0.000177638
0.00112679
-0.000549889
-0.00043763
0.00083721
0.000224373
0.000732555
-0.0030374
0.00845764
-0.000100105
0.0030371
-0.00211146
0.0120227
-0.00257093
-0.00917572
-0.000276082
0.0189525
-0.00270419
-0.00422558
-0.00259634
-0.0128194
0.0128448
-0.000433558
-0.000477324
0.000119781
0.000791101
0.0093831
-0.0197998
-0.00771113
-0.00683586
0.0113297
-0.00203552
-0.0024583
-0.0074274
0.0155928
0.0117603
0.00568904
-0.0161386
0.00370895
0.000477603
-0.00336646
-0.000820092
0.00422063
0.00127407
0.0013259
-0.0068206
-0.000619739
0.0109445
0.00060968
-0.0109344
0.00577284
-0.0100925
0.00586963
-0.00155002
0.00367011
0.00425838
0.00097586
-0.00890435
-0.0104255
0.000116147
-0.00236527
0.000311524
-0.00729175
0.00934549
-0.00966302
0.00844347
-0.00114572
-8.9277e-05
0.0075225
0.00347169
-0.0109049
0.0135911
-0.0050743
-0.00057095
0.0114126
0.00540777
0.00561471
-0.00126117
-0.00404202
0.00335777
0.00515111
-0.00305538
0.00232402
-0.00264134
-5.21904e-05
-0.00385421
0.00420829
0.00709564
0.0028444
0.00621503
-0.00564356
0.0114867
0.00105539
0.00389694
-0.00564861
0.000533483
-0.00415748
0.00467939
-0.0170538
0.0189765
-0.000462425
-0.00163971
0.0036772
-0.000344548
0.000201378
-0.000139947
-0.000349626
0.000267506
0.00103295
-0.000568976
-0.000240574
0.00100777
0.000304777
-0.00101953
0.000412462
-0.000183459
0.00152619
0.000192071
-0.000174908
0.00168734
-0.00169589
0.00175924
-0.00204867
0.000114522
-0.000717104
0.000646869
-0.000678952
0.000723162
-0.00493912
0.00137642
-0.000475024
0.00138835
-0.00416552
0.00325219
-0.00146522
0.00785164
0.000766106
-0.00715252
-0.00584231
0.000589164
0.00558791
-0.00737992
0.00581242
-0.000850884
-0.000601217
-0.0106273
0.003906
0.0073225
0.00831226
0.00338787
-0.00211551
-0.00104725
0.00241782
0.00410492
0.00459696
0.000394633
-0.000689851
0.000414481
0.000870752
-0.00137068
0.000550484
0.000473562
-0.000995179
-0.000808343
-8.87753e-05
-0.000550234
-0.000243027
-0.00108687
-0.000438909
-0.000127629
0.00625236
0.00097769
0.00101933
-0.00399509
0.00280026
-0.000775121
-0.00778803
0.00475738
0.00303461
0.00406619
-0.0065306
-0.000570197
0.00837816
-0.00622262
0.00087907
-0.00161173
0.000848551
0.00912677
-0.00836359
0.00175893
0.00605715
0.0010727
-0.00888878
0.000905606
-0.00164798
-0.00142247
-0.000585696
0.000322556
0.00223139
-0.00186924
-0.000634158
0.00155279
0.000950604
-0.000863233
0.00153832
-0.00254433
-0.00200594
0.00168183
-0.000261592
-0.00295952
-0.00142294
0.0016497
-0.00040436
0.00166693
0.000677111
-0.000412553
0.000339915
-0.000604472
0.000273389
-0.000189147
0.00123539
0.000214917
-0.000172816
-0.000178107
-0.00202757
-0.00975247
0.00169092
-0.0212708
-0.00393156
0.0141625
-0.0141238
-0.00988825
-0.00175802
-0.00156896
0.00133834
-0.00282834
-0.000583812
0.000559984
0.00325587
-0.00398106
-0.00439231
-0.00826791
0.00551263
0.00591126
0.00016545
0.000503714
-0.000961044
0.00029188
0.00115084
9.99374e-06
-0.00438742
-0.000450962
3.58701e-05
0.00115469
0.000476211
-0.000263357
-0.000418725
0.000564098
-0.000226287
-0.00344689
0.00496407
0.0101119
-0.0116291
0.000106449
-0.00371526
0.00150699
-0.00201635
-0.00293261
0.00103589
0.00143957
0.00102481
0.000305705
0.00398035
-0.000260727
-0.0104082
-0.00475433
0.00413142
-0.00481084
-0.021642
0.0147234
0.00439468
0.00252395
0.00506509
0.00935903
-0.00686487
-0.00755925
-0.00126527
0.000541061
0.00197157
-0.000817887
-0.00175435
-0.000999584
-0.0022506
0.00500453
0.0034112
-0.000824014
0.00151774
-0.000488301
-0.00288695
0.000210824
-0.00238421
-0.00268466
0.0022917
0.00277717
0.00148822
9.80588e-05
-0.00250309
0.00252843
-0.00178867
-0.00345342
0.00279139
0.00085668
-0.00286172
0.00393145
-0.00316694
-0.00144222
-0.000785295
0.000781126
6.9922e-05
-0.000834743
0.000464568
0.0040537
0.00647912
-0.00232304
-0.00820979
-0.00124165
-0.0070501
0.0123454
-0.00166827
-0.00142873
-0.00207337
-0.000607364
0.00563318
-0.0025701
-0.00348181
0.00491743
0.00021296
-0.00164858
0.0079689
-0.00636434
0.00275889
-0.00436345
0.0229446
-0.0308833
0.00424314
-0.00578902
-0.00193593
0.00233344
0.0019097
0.00357155
-0.00746738
0.00182586
0.00206997
-0.000909335
0.000889174
-0.000451991
0.000472151
0.000331951
-0.00125938
1.80963e-05
-0.000655313
0.000547914
0.000996574
0.0009172
-0.000946967
0.000750311
0.000194374
-2.74849e-05
0.000477264
-0.000713123
0.00098617
-0.000358151
-0.00117948
8.60754e-05
-6.58593e-05
-0.00336488
-0.000671405
0.000997812
0.00303847
-0.000987008
0.00317087
0.00146522
-0.00122357
0.00413945
0.00213169
-0.0066026
0.00219642
-0.000211925
-0.00135261
0.001155
-0.00149121
0.000629285
-0.000381533
-9.90403e-05
0.000608864
-0.00027783
-0.00271525
-0.0018049
0.000897536
0.00470199
-0.00379462
0.000254168
-0.00207215
0.00303259
-0.00218025
-0.00117092
-0.000855386
0.00237939
-0.00786528
-0.00385241
0.00985263
0.00186506
-8.53722e-06
-0.000119755
-0.000371075
0.000499367
-0.00339859
0.0186025
-0.0132106
-0.00357799
0.00314521
-0.000448445
0.00444134
-0.000397042
-0.00359585
0.000562899
-0.000595481
-0.00645175
0.00286877
-0.00553882
0.000175393
-0.000455083
0.00136367
-0.00154203
-0.00106088
0.00129919
-0.000375398
-0.00189563
-0.00531412
0.000201313
0.00210552
-0.00323377
0.00260744
0.00413675
-0.00351042
-0.00162148
0.000505333
0.00186659
0.00439637
-0.000883485
-0.00303984
-0.000473043
0.00145321
-0.00254244
0.00394462
-0.00285539
-6.96367e-06
0.00279007
0.000342015
-0.000205984
-5.05707e-06
-0.000591989
0.00080303
-0.00714774
0.0101307
-0.0116691
0.0086861
0.0120576
-0.0134115
-0.0120788
0.0134327
-0.00420064
-0.00330548
0.000812494
0.0146959
-0.0221807
0.00224479
0.00533263
0.00141828
-0.0148026
-0.000372395
0.00109092
-0.000241259
0.0101606
-0.0145334
0.0208755
-0.000133845
0.00020903
-0.000393081
0.000317896
-0.00111144
0.00642105
-0.00457705
0.0040057
-0.00226674
-0.000349479
-0.000207669
-2.78097e-05
-3.83278e-05
0.000770564
-0.000628324
-0.00584496
-0.000579536
0.00309796
0.000660428
0.000576203
0.000328873
-0.0015655
0.000456337
-6.5599e-05
-0.00101932
0.000628578
0.000635529
-0.000945053
0.00161421
0.00408338
0.00637912
-0.00199035
-0.00103279
0.000733044
0.000265056
3.46932e-05
-0.000604554
5.73382e-05
0.000849603
-0.000302387
1.95009e-05
-0.000765298
0.00144125
-0.000695449
-0.000168387
-7.86825e-05
-0.000456936
0.00155957
0.000681421
-0.000851534
0.00216808
-0.0014804
0.000224324
-0.000912
-0.000893964
-0.000671749
-0.000367755
0.000271831
-0.00283614
-0.00180837
0.0025079
-0.00122513
0.000525602
-0.00484853
0.00416403
0.00765368
-7.52006e-05
-6.63233e-06
-0.00032021
-0.00143663
0.00194715
-0.000144359
-0.000366169
0.00421469
-0.00260856
-0.00276538
-0.000146572
0.00088954
-0.000897996
0.000155028
-0.00100017
0.00214855
-0.00150535
0.00035698
0.000527002
0.000531257
-0.000262176
-0.0014954
-0.00281054
0.00471332
0.000101763
-0.00152979
-0.000446183
0.00332866
-0.000516659
-0.00269468
0.0124027
0.00449684
0.00116208
-0.00197704
-0.00135647
0.00217144
0.00312439
-0.0018621
0.000633881
-0.00189616
0.000152668
0.000948012
0.000673154
-0.0010096
-0.000232941
0.000684718
0.000557823
-0.00103663
0.000648157
0.00439415
-0.00155215
0.000593787
0.000302994
0.000655373
0.00945117
-0.0216139
-0.00139129
0.000691158
0.00196417
-8.88046e-05
3.97385e-05
-0.000560226
-4.91883e-05
-1.52179e-05
-0.000124569
0.000188975
-0.00112774
0.000751434
-0.00164288
0.00201918
-0.00264911
-0.000301692
-0.000743813
0.00369462
0.000597098
-0.000232254
0.000474067
-0.00288945
0.000450169
-0.00129079
-0.000604361
0.00296237
0.00116883
0.00493021
-0.0029726
-0.000425391
-0.00153222
-0.0011696
-0.00293616
0.000792514
-0.00839123
0.00218081
0.00588765
-0.0185551
0.0141849
0.00549249
0.0132796
-0.00768984
-0.0241449
-0.000478408
-0.000155625
-0.000121791
0.000755824
-0.00838815
0.0115278
0.00263323
-0.00382358
0.0040536
-0.00287913
-0.00092728
0.00502641
0.00108183
-0.0120783
0.00313117
0.00334783
0.000241955
-0.00129516
2.49729e-06
0.00105344
0.000265745
0.000258481
-0.00122035
0.0030367
0.00104298
-0.00426162
-0.00354068
0.00364667
0.00145053
-0.00115417
-0.00112405
-0.000881695
0.0158754
-0.0190149
0.00402124
-0.00108712
-0.00147838
0.00108224
0.00148326
0.000984639
0.000963179
-0.00194532
0.00959069
-0.00862827
0.00270769
0.00822521
-0.00890345
0.00129207
-0.00132917
0.000818479
-0.00078138
-0.000948134
0.000632356
-0.000188773
0.000504551
0.00385948
-0.00356303
-7.01197e-05
0.00761401
-0.00449365
-0.00305025
0.00940503
-0.0169918
0.00113506
-0.0129349
0.0203308
-0.00255207
0.00989047
0.0236157
-0.0180296
-0.00137133
0.00179067
-0.00221164
0.0017923
0.00202429
-0.00222378
0.00148311
-0.00128362
0.00278733
0.000435738
0.000705911
-0.00392898
0.000481979
4.8592e-05
-0.000733801
0.00020323
8.46023e-05
-0.000599777
0.000543156
-2.79815e-05
-0.00360172
-0.00197657
0.0116873
0.00474329
-0.00199627
-0.0144343
1.12306e-05
0.00229746
0.00215302
-0.00166316
-0.00305719
0.00104558
-0.00151541
0.00352702
0.00183213
0.0024788
-0.00469644
0.000385507
0.00943223
-0.00118366
0.00061413
-0.00149231
0.0038034
-0.00292522
0.00369047
-5.36155e-05
0.000653613
7.11344e-05
0.000139834
-0.000210968
0.000434866
-0.000592654
-0.000147092
-0.000555762
0.000477266
0.000468209
0.00117055
-0.00115507
0.000950859
0.00183873
0.00226781
-0.00285201
-0.0042797
0.00482712
0.00293682
-0.00375796
-0.000980645
0.00314076
-0.000729622
-0.0014305
0.000439735
-0.00245146
0.00137567
-0.00186327
0.000176974
-0.000537485
-0.00285395
0.00219582
0.00169402
-0.00365371
0.00325012
0.00282519
-0.00242161
0.000319037
-0.00046786
-0.00357021
0.000344862
-0.00109344
-0.00167152
0.00159404
-0.000255728
0.000709381
-0.00146668
0.00259159
-0.000759025
0.00179612
-0.00362868
-0.000642319
0.000990323
0.000218402
0.000393002
-0.00111453
0.000503122
0.00075824
-0.00412685
-0.00132497
0.000484151
-0.0010104
-0.000829868
0.000176708
0.00129264
-0.000484712
-0.000412498
0.00108715
0.00142492
-0.00220884
-0.00227589
-0.00108564
0.00140027
0.00196126
-0.00180014
0.00311207
0.00309835
-0.00441028
0.00261772
0.000831329
-0.0024593
-0.000765412
-0.000537199
-0.00214998
-0.00254629
0.000957521
5.3508e-05
0.00153526
-0.00158318
-0.00229168
0.00357519
0.00129927
-0.00379964
0.0016197
-0.0003391
0.000416743
-0.000714377
0.000380961
7.75046e-05
0.00117305
-0.0018079
0.000557349
0.00022302
0.000420052
0.00218634
-0.0429037
-0.0275314
0.0289374
0.0111668
-0.00102182
-0.0476518
0.0317909
0.0168826
0.0183411
0.00148615
-0.0071225
-0.0127047
0.00649585
-0.00191333
0.0118217
-0.00972825
0.000158571
-0.015596
-0.0123343
0.00151322
-0.000359053
-0.00222829
0.00107413
0.000870879
0.00078352
-0.00072405
0.00398682
-0.00330298
-0.000607681
0.000425996
-0.000966839
-0.00417594
0.00233952
0.00327598
0.00256972
-0.00191886
-0.00154482
7.51271e-05
-0.000489287
-0.000446395
-0.000932072
0.000365394
-8.99211e-06
-0.000217566
0.000139131
7.84349e-05
0.000719445
-0.000807744
0.0002449
-0.000156601
0.000624463
-0.00110732
0.000482853
-0.000171559
3.0853e-05
0.000140706
0.000166914
-0.000667265
0.000161851
0.0122885
-0.00949305
-0.00537662
0.0025812
0.000167737
-8.58613e-05
-0.000168955
0.00256477
-0.00278298
0.000344374
-0.000126165
0.000119025
-0.000103321
-1.57042e-05
-0.00172461
-0.00152649
-0.000936768
0.000309763
-0.00048793
0.00126812
0.00166886
0.00150436
0.00245833
-0.00042777
0.00629429
-0.000416202
-0.0017561
-0.00412199
-0.000663004
0.0136996
-0.0100336
-0.000976467
-0.00268951
0.00629359
0.0154854
-0.00807935
-0.00601058
0.00239167
-0.00125264
0.000251264
0.000922381
-0.000938737
0.00164056
0.00190426
0.0031779
-0.00196477
0.000646688
5.95673e-06
-0.000590371
-0.000281574
0.00101424
-0.000713148
0.00965669
-0.0299189
0.00151909
9.50984e-05
-0.000191139
-0.00142305
-0.0028964
0.00676736
-3.84351e-05
0.00315218
0.000178205
-0.000125387
-0.000408802
0.000355985
-0.000205402
0.00320212
0.00620898
0.0169671
-9.27723e-05
0.000200959
-0.000108186
0.000103589
0.000921291
-0.000202482
-0.000822398
-0.000248748
0.00016111
-0.000262492
0.00035013
-0.00099488
0.00116567
-0.000441357
-0.000208483
0.000557067
6.21259e-05
-7.21363e-05
0.000177747
-0.000919247
0.00201124
-0.00314309
0.000815198
-0.000504936
-3.80959e-05
-0.000271458
-0.000152895
0.000487313
-0.000238813
-9.56044e-05
-0.00531646
0.00472361
-0.00339417
0.00398702
0.0186318
-0.00580331
0.0162352
0.00248458
-0.00128729
0.00054009
0.0133533
-0.0129924
0.00737097
0.00367239
-0.00936533
-0.00218255
-0.00218918
0.00141083
0.0029609
0.0035704
0.0210083
-0.0207074
0.00279509
0.00430002
-0.00377423
0.01705
-0.0208095
0.00233355
0.00733598
-0.020013
0.027021
0.0131467
-0.0048725
0.000889356
0.00441888
0.000178518
-0.000124377
-0.000118151
6.40102e-05
0.00151908
-0.00177197
0.000623507
-0.000426937
-0.00019657
-0.0005479
-0.000683438
-0.00034878
-1.94442e-05
-0.000496535
0.00206924
0.00172565
-0.00100352
-0.00121867
-0.00172758
-0.00149428
0.000102109
-0.000302676
-0.00138522
0.00178633
-0.000842701
0.00124692
0.000500103
0.000322225
-0.000679394
0.000553208
0.000999726
-0.00012526
0.000292088
-0.00116655
-0.000453151
-0.000603703
0.000862153
0.000194701
-0.000126999
0.000204346
0.00434765
0.00396523
-0.00389161
0.00137334
-0.00101162
0.000139392
-0.00035712
-0.00177328
0.00124835
-0.000434348
0.000740102
0.0011966
0.00256527
-0.00225254
-0.000512352
-0.000507977
-0.0014818
0.00277496
-0.00120145
-0.00652694
0.00388559
0.00930321
-0.0160081
0.0118135
-0.015926
0.00911633
-0.00324188
0.00504034
-0.00322988
-0.00350733
0.00734622
-0.00244999
-0.00015314
0.000131602
-9.0928e-05
0.000112466
1.98156e-06
-9.29952e-05
-0.000143554
0.000471107
-0.000602669
0.000275116
-0.000110237
-3.13359e-05
-0.00024185
0.000366072
7.38038e-06
6.5124e-05
-7.11517e-05
-8.49003e-05
0.00224112
0.000652026
-0.00201421
-0.00087894
0.0026369
-1.74844e-05
-0.000378301
-0.00150094
0.00222679
-0.000738456
-0.000778346
0.000602701
0.0011603
-0.000984654
-0.00143559
0.00172354
4.8553e-05
-0.000336499
0.000272046
0.000360603
-0.00110031
0.00046766
0.000360397
0.000833786
-0.000922137
0.000393772
-0.000811515
-8.81573e-05
4.24938e-05
0.000502137
-0.000456473
0.000150612
0.000696028
-0.000918124
0.00106022
-0.000926744
0.00310212
-0.000378015
0.000119316
0.00134714
-8.60685e-05
0.00240791
-0.000938653
-0.00137141
-9.78488e-05
0.000517223
-0.00082985
-0.000263859
0.0014532
-0.00085814
-0.000258189
0.00126971
-0.000264197
-5.84663e-05
0.000628161
-0.00204323
0.00125513
-0.00223863
0.00302674
2.09906e-06
-0.000216727
-0.000106001
-0.0021151
0.00228496
0.000241542
0.000856268
-0.00557326
0.000830594
0.0136833
0.00363485
-0.00244769
-0.0017421
0.00280289
-0.0013704
-0.00152766
0.00338828
-0.000461438
0.00092918
-0.000812414
-5.96636e-05
-0.000630081
0.000599543
-0.00108044
0.000435419
-0.00283018
0.00282831
-0.00271112
-0.000472454
0.00361899
-0.000118482
0.00056932
0.00046684
-0.000917678
0.00120749
0.000449943
0.00116485
-0.00282229
0.000364207
0.00162827
-0.000870535
-0.0001914
0.00110115
-0.00182521
0.000673703
0.000813865
0.000337639
0.00197276
-0.00227562
0.00151036
-0.00853407
-0.000600253
-0.000553835
0.00163227
-0.00126984
-0.000406285
0.000626117
-0.000653524
0.000806033
-0.000778625
0.000889757
-0.00113331
0.000292142
0.000605216
-0.000480829
-0.00164343
-0.000345741
0.00231172
0.000949804
0.000360678
0.000167575
-0.00126092
0.00020878
-0.00287252
0.0032842
0.0023072
-0.00271888
0.00221676
-0.00110403
-0.00450445
0.00339171
0.00312135
0.000321773
-0.00122636
-0.00285072
2.39451e-05
0.00104676
-0.000670221
-0.00140726
0.00207748
-0.000694829
1.21856e-05
-0.00105324
-0.000250925
-0.00103457
-0.000311866
0.00469228
-0.000103268
-0.000475949
0.0010957
-0.000516478
0.00270348
-0.000174336
-0.000704064
-0.00182508
-0.000329243
0.00163415
-0.00195164
0.000837839
0.000784563
-0.000818472
-0.000873971
0.00151811
-0.00182266
-0.000833053
0.00182639
0.00879975
0.0350959
-0.0438956
-0.00420409
0.0129434
-0.0059804
-0.00303395
0.00407845
-0.00198467
0.000940162
-0.00141897
0.00211665
0.00394287
-0.00464054
0.00145814
-0.00563031
0.000517738
-0.00137355
0.00238045
-0.00384725
0.00292494
0.00100794
-0.00166144
-0.000663512
-0.000236497
0.000591843
-0.000292807
0.00039686
0.00021751
-0.000114061
-0.000763293
-0.00110465
0.00141101
-0.000118995
0.00119761
-0.000360586
-0.000717951
0.000820348
-0.00598402
-0.00108413
0.0018191
0.00524905
-0.0030483
0.00534754
-0.000288064
0.000552456
0.0107389
-0.0162935
0.00599863
0.0118497
-0.00710943
0.00242632
-0.00138943
0.000801842
-0.00485038
0.000672066
0.00439856
-0.00455666
0.0166386
-0.00346841
-0.00302823
-0.0268861
-0.00526004
0.00834831
-0.00037108
-0.0191565
-0.00488217
0.000821001
0.00371936
-0.00494472
0.00393353
-0.00437962
-0.00449303
-0.000458028
-0.000336602
0.00289572
-0.0104161
0.00131611
0.0012988
-0.00685369
-0.0170134
0.00256601
0.0176984
-0.00145271
0.00244916
0.000528207
-0.00152466
0.000589775
-0.00123033
0.000398836
0.000241722
-0.00121558
-0.00121743
6.96329e-05
0.0024228
-0.00130481
-0.00129674
-0.00047875
0.00174441
0.000797027
0.000909308
0.000384117
-0.00209045
-0.00156895
0.00552505
0.0107398
-0.00369239
0.00301084
0.0111082
-0.0128628
-0.0064248
-0.00154246
-0.0026341
0.00437072
0.00560963
-0.00105217
0.00371176
-0.00127495
-0.010034
0.00759721
-0.00158396
0.000152654
-0.000844315
0.000994544
-0.00141098
-0.00274624
-0.000584273
-0.00132303
0.000261138
0.00164616
0.00633039
-0.000936086
0.0112443
-0.00598603
0.00419895
-0.00209254
0.0003923
-0.0016833
-0.000262891
0.000221587
-0.00216409
-0.00150122
0.000175148
0.000196751
-0.000543458
-0.000963844
0.00559804
0.00164019
0.00137911
0.00329678
-0.00631608
-0.000941014
-0.00258819
-0.00772577
0.000789574
0.00103799
0.0019691
-0.00113027
0.00256449
-0.00279588
0.00277045
-0.000379522
0.000404952
-0.000121933
-0.00504218
0.00596584
6.77248e-05
-0.00350127
-0.00253229
-0.00115038
-0.000421019
0.00090339
0.00066801
-0.000251109
-0.00114084
-0.00214041
-0.0100073
0.00375953
-0.00293211
-0.00185538
0.00293156
8.39524e-05
0.000922886
0.000100749
0.00481872
0.00314153
0.00498001
0.00191622
-0.000290349
0.00106552
-0.00049533
-0.000279844
-0.000720242
0.00070592
0.00410074
0.0467454
-0.00439725
-0.0140379
0.00376185
0.0280534
0.0118908
0.00286984
0.00070054
0.00246969
0.00319838
-0.00201717
-0.00374336
0.00256215
-0.0018497
-0.0131996
0.00509453
-0.00334075
-0.00109079
0.000702539
0.000318021
-0.00127167
-0.000183687
-0.00148954
0.00231098
-0.00346743
0.000600848
-0.00159084
-0.00151449
0.000612663
-0.0062136
0.0027766
0.000831043
-0.0005942
-2.27925e-05
-0.00192307
0.00516298
-0.00139082
0.00581853
0.00058642
-0.00411048
-3.02163e-05
0.000137694
-0.000533914
0.00156677
-0.000136822
0.000809019
-0.000813031
0.000441912
-0.00147245
0.000637512
-0.00114263
0.00197756
0.0114134
-0.00863341
-0.0124469
-0.00185299
-0.0188361
0.0272228
-0.0021017
-0.0179684
0.0333321
0.00799837
-0.0054784
0.0145143
-0.00475973
-0.0042762
-0.0019098
0.00134741
-7.7146e-05
0.000639536
-0.00726197
0.00224576
-0.0218699
-0.000380683
0.0287274
0.00793209
-0.00139084
-0.0041967
0.00119523
-0.00271333
0.000533748
0.0021248
-0.00191897
8.37536e-06
-0.00131715
-4.72579e-05
-0.00497025
0.00633466
-0.00340973
-0.0145835
0.00047988
0.000383956
0.00757451
-0.00167997
0.000431401
0.00366218
-0.000628047
0.00102607
-0.00147674
-0.000425946
0.00145436
0.00074055
0.000219775
-0.00126331
0.00104353
-0.00513594
0.000130926
-0.000728553
-0.000163353
0.000891907
0.001838
0.00016133
-0.0011075
-0.000891831
0.00187955
-0.00143399
0.000228319
-0.000168144
-0.000110434
-0.000551037
0.0169764
-0.00185056
0.00146577
-0.00355265
-0.00140813
-0.00278979
0.00713474
0.000704441
-0.00419779
0.00121923
0.00137736
-0.00112803
-0.00146857
0.00107985
-0.00324496
0.00132798
0.000837126
-0.000659057
-0.000288874
0.000473492
-0.000498783
0.000111403
4.4547e-05
4.77897e-05
0.000185011
-3.05389e-05
-0.000505477
0.000202042
-0.00112057
0.000811382
0.0061663
-0.0115168
-0.0110708
0.00800414
0.0029647
-0.000925442
-0.00613837
0.00409911
-0.00808603
-0.00667109
0.00580663
0.00335912
-0.00193783
-0.00093067
-0.00114122
-0.000895266
0.000940057
0.00109642
0.00142467
0.000219275
-0.00038925
-0.0012547
-0.0137407
0.00150787
-0.000769462
0.00422508
-0.00243425
0.00809219
-0.00198789
-0.00713401
0.00409043
0.00163996
-0.00214133
-0.000293821
0.000628775
-0.000354225
-0.000259105
0.00061333
0.00109449
-2.77022e-05
0.00106202
4.17631e-05
-0.000439842
-0.00127853
-0.000270936
-0.000246386
0.00173656
-0.0032156
-0.00124724
-0.000436943
0.00752177
0.00356678
0.00953326
-0.00160722
0.00304516
-0.00218402
-0.00138564
-5.29485e-05
0.00310239
-0.0195195
0.0300639
0.00228573
-0.00384778
0.00239264
-0.000149941
0.00412918
0.00180613
-0.000893901
-0.000390335
-0.000769316
-2.42127e-05
0.00118386
-0.000579899
-0.00338867
-0.00552448
-0.0217946
-0.0164912
0.0253509
0.0112328
0.00134632
-0.00103955
0.00140478
-0.00171155
0.000716747
-0.000907688
0.0017651
-0.00141985
-0.000900992
0.000555738
-0.00214322
0.00135272
0.000825977
-3.54776e-05
-0.000581943
-0.000575764
-0.00208524
0.00324295
-0.000960058
-0.000786678
0.000604701
-0.00107743
0.00206199
0.000319931
0.000879587
0.00154843
-0.000921861
-0.00134676
-0.000461792
0.000214664
0.00187425
0.000998975
0.00134262
-0.000815409
-1.77886e-05
-0.00339637
0.0050034
-0.00161578
-8.02939e-06
0.000781904
-0.000453277
-0.000387262
0.000317065
0.000465127
0.000571484
-0.00147297
-0.00134929
-0.000630807
-0.00091376
0.000345525
0.00113995
-0.00145063
-0.0166522
-0.0250301
0.00297939
-0.0234908
-0.00285744
-0.000902369
0.00196722
-0.0016718
0.00833614
-0.00371895
-0.00882127
-0.00728784
-0.000517246
0.00214647
-0.00107537
-0.000639693
-0.0027266
-0.0167862
-0.023521
-0.00196449
0.0123743
-0.00326413
0.0069208
-0.0113883
0.0208292
0.0443371
-0.0461605
-0.00143635
0.00216217
-0.00209622
-0.0130038
0.00691567
0.0014943
0.00469292
-0.00435508
0.00376656
0.000817441
-0.0021052
-0.00537047
0.00506571
-0.000369059
0.0265771
-0.00519198
0.0203821
0.0181521
-0.00980684
0.00257074
-0.00062397
-0.00399025
0.00302822
-0.00364558
0.00200907
-0.001022
-0.00242173
0.000327225
-0.000296312
0.000898055
-0.000928968
-0.000267498
-5.75471e-05
-0.00100633
0.000106812
0.000676726
0.000222797
-0.00101941
-0.00579748
0.00305893
-0.000932157
0.000751742
0.000360898
0.000579674
-0.000207061
-0.0021876
-0.00222374
0.00264028
-0.000507974
0.000657288
-0.00188333
-0.0022689
-0.00147808
-0.00012791
0.00244857
0.000687706
-0.00451129
0.00455278
-0.000729195
-0.000838002
0.00781482
-0.00702521
0.0261365
-0.00603318
-0.00332403
0.00652737
-0.0381559
0.0233155
-0.001394
-0.000824997
-0.00228026
0.00435269
0.00198064
-0.00605701
-0.000276319
-0.00247171
-0.000139032
0.0031523
0.000229737
-0.00279562
0.0027676
0.000986778
-0.00298309
0.00181778
0.00140204
-0.00299275
0.00348163
0.000105006
-0.00340405
-0.000526956
-0.000291516
-0.00057789
0.000643048
-0.000804735
0.000739576
0.00250657
-0.00315781
-0.0167068
0.0284018
-0.0102562
-0.00143893
-0.0136756
-0.0134902
0.00846968
-0.0191853
0.0242058
-0.00938169
0.000176987
-0.00378392
0.00612476
-0.000275755
-0.000225194
0.000503047
0.00375515
-0.00314595
-0.00285313
-0.00133239
-0.00374487
-0.000524316
-0.000203561
0.00041619
0.0102893
-0.00399578
0.000188629
-0.000363501
0.00176717
-0.00734158
-0.00138949
0.0240965
0.0146505
-0.0266209
-0.0121261
0.00274994
0.000323784
-0.00199692
0.0013941
0.00440413
-0.00787295
-0.000327342
-0.000491341
0.000240793
-2.62351e-05
-0.0112734
-0.0029584
0.00112406
0.014934
-0.00106522
-0.0149928
-0.00385669
0.0161241
-0.0320671
-0.00302838
0.000868799
-6.77997e-05
0.00125028
-0.000535369
0.000116568
-0.00229955
-0.00787578
-0.00236251
0.00198775
0.000402405
-2.76514e-05
0.00123165
-0.00037763
-0.000740607
0.000485551
0.000448647
-0.00225336
0.00301175
-0.00238057
-0.0126419
0.00466756
-0.00103458
0.00900888
-0.000175302
0.000329812
0.00241076
-0.00286646
-0.000282332
0.00380081
0.000364668
0.00209207
0.000726566
-0.00271844
0.000282319
0.00080309
-8.91734e-05
0.000847444
-0.00134254
0.00164886
-0.00198096
-0.00207576
0.0031103
0.00367546
-0.0021888
0.0147661
-0.00512267
-0.000135044
2.33262e-05
-0.00198564
-0.000395513
-0.000332886
-0.000418609
0.00048487
0.0434423
-0.0185047
-0.000183732
0.000610524
7.69223e-05
-0.000115599
0.000604219
-0.000129282
-5.84538e-05
-0.000197663
0.000566928
0.000340957
-0.0138221
0.00698077
-0.000970335
0.00354797
-0.00228684
0.00876634
-0.00397294
-0.00265299
-0.0102379
-0.00208916
0.00214245
-0.00073651
0.00660659
-0.00307498
-0.00638513
0.0121277
-0.000283567
0.00076106
-0.000630388
-0.000483774
-0.000114686
0.000314893
0.000556879
-0.000517321
0.000148187
-2.36059e-05
0.000202737
-5.56314e-05
-0.000239041
0.000679834
-0.00243901
-0.00118889
0.0012221
0.00189868
0.000495797
-0.0032414
0.00155671
-0.000100937
0.00151648
0.0011091
-0.00504111
-0.0043789
0.00120669
-0.000434859
0.000544275
0.00142166
0.000148199
-0.000363176
-0.00407488
-0.00419146
0.000548873
0.000167931
0.000399504
-0.000264083
-0.000344146
8.33817e-05
0.000292516
-0.000343588
-0.000358277
0.000218091
-0.00015886
-0.000503963
0.0034441
0.00622059
-0.00354343
0.000169884
-0.00269611
0.00117361
-0.00146749
-2.64308e-05
0.00331171
-0.00238338
-0.00044843
-0.000727315
-0.00244537
0.000259303
0.000578617
-0.000692993
-0.00245674
0.00485954
-0.00033338
-0.000666681
0.000840536
0.00180798
-0.00495795
0.00157992
0.000753973
0.00423702
-0.00245209
-0.00884144
0.0370894
0.00263266
-0.0190047
-0.00372085
0.00125067
0.00798623
0.00123012
-3.97639e-05
0.000979321
-0.000962411
0.000403665
0.00177959
-0.00325479
-0.00053479
0.00200999
-0.00383563
0.00144958
0.000949702
-0.00602988
0.000455182
-0.000531348
-0.00385745
0.00911996
-0.000349572
0.000243662
0.000272825
-0.000596063
-0.000635414
0.00158456
-0.00035308
0.000373206
-0.000366497
0.000142014
2.19704e-05
-0.00115431
-0.000755405
0.00188774
-0.000539494
0.00123468
0.000192714
-0.000887904
-0.00115752
0.00208257
-0.000204627
0.00276624
0.00191178
0.00249673
0.00395881
-0.00252394
0.000109751
-9.35037e-05
0.000381806
-0.00028449
0.00266221
-0.000181074
0.00208821
0.00521423
-0.00057919
-4.58301e-06
-0.000678489
0.000191232
-0.00168719
0.00320927
-0.00063924
0.000580126
-0.000916042
0.000554318
-0.00119235
0.00101101
0.000243419
0.00108965
-0.00145596
0.000759307
0.000866894
-0.00023918
0.000625969
-0.000267019
-0.00131901
-0.0021636
-0.00134385
0.000724471
-0.000198831
-0.000967446
0.000502765
-0.00260789
0.00132264
-0.000742061
0.00202731
-0.00424966
0.00197982
0.000831592
0.000699476
0.000130198
-0.00166127
-0.000748009
0.00162756
-0.000751397
-0.000955039
0.000184409
-0.0004019
0.00117253
0.00176631
0.00399155
-0.0019913
-0.000168839
0.00106537
0.00148037
0.000653664
-0.000848745
-0.000490328
-0.000589133
-0.00174683
-0.00716811
0.00238376
-0.00519901
0.00739759
-0.00300732
-0.000235978
0.000537324
0.000800322
-0.000166579
-0.000637159
3.41584e-06
-0.000604673
-0.00103251
3.60328e-05
9.25728e-05
0.000224219
9.65015e-05
-0.00068456
0.000822797
0.000205728
-0.000527269
-0.000610616
0.000536412
-0.000139922
-0.000209529
-0.00019507
0.00214306
-0.000376669
-0.00157132
0.00045329
-0.000629667
0.000400419
-0.000480081
0.00150433
-0.00356273
0.00156225
0.0033769
-0.00356438
0.00228053
-0.000105574
-0.00100977
0.0129618
-0.00565846
-0.00620329
-0.000407759
0.00198862
-0.00216886
0.00279301
-0.00538374
0.0044172
0.00971361
-0.0130197
0.00561839
-0.000259082
-0.00647988
0.00257438
-0.0060694
0.000572695
0.00669992
-0.00120321
-0.000263649
-2.52077e-05
-0.000620068
0.000908925
-0.00276607
0.000360564
0.00185902
-0.000630711
-0.00151024
-0.000214284
0.00235524
0.000929862
0.000331582
-0.000643977
-0.00024738
-0.00403311
0.00230344
-0.00130206
0.00126771
0.000708046
-0.00655411
0.00198367
-0.00829654
0.00318208
0.00147347
-0.00379914
0.000822954
0.00162915
0.00134704
0.00111925
0.00126474
0.00343791
0.000384938
-0.00298743
-0.00195411
-0.000523945
-0.000520078
-0.000475605
0.00039962
0.00097928
0.000853086
0.000162526
0.00600858
-0.000134554
-0.00251625
-0.00577295
0.00410966
0.00753293
-0.00265926
0.000372703
-0.00151258
-0.00120451
-0.00180973
0.00107163
-0.0021017
0.00830077
-0.00521925
-0.0137015
0.00165774
0.000486386
-0.00232128
0.000632346
0.00120255
0.00219316
-0.000843041
-0.00200121
-0.00531935
0.00374354
0.00357702
-0.000650896
-0.00100733
-0.000379251
0.000156122
-0.000435929
-0.000639427
-0.00159566
0.00249461
-0.00527622
0.00129292
-0.000788865
-0.000438866
-0.000545644
0.00136632
-0.00182325
-0.00214417
0.00168846
4.94307e-05
0.00165965
-0.00109512
-0.000707126
0.000142593
0.000426202
-0.000338067
-0.000864311
0.000524496
0.000103318
-0.000246989
0.000437832
-0.000190842
0.0110794
-0.0146544
-0.00601317
-0.0133354
0.0236904
-0.00559871
-0.00475623
0.0221417
0.00286018
-0.0129504
0.00313772
-0.000117498
0.000520472
-0.000694897
0.000705042
-0.00137489
0.000817486
0.0028669
-0.000491368
0.0213552
-0.0213674
-0.00338641
0.014933
0.0367125
0.00461888
-0.00175803
0.00407447
0.00603187
0.000735657
0.000302179
0.0020523
-0.00180152
-0.00180651
0.00477338
-0.00171699
-0.00124988
-0.000667116
0.00148685
-0.0031282
0.00202882
0.000396336
0.000533466
0.000320484
0.000239829
-0.000184661
-0.000601171
-0.00206439
0.00325589
-0.00188056
-0.00217509
0.0109204
-0.000731823
0.00105624
-0.00112827
0.000803855
0.000878987
-0.00210611
0.000356384
-7.658e-05
-0.000398453
0.000314732
-0.00126815
0.000505154
0.000237147
-0.0001354
-0.000265773
0.000354758
-0.000944901
0.000465173
-0.00070121
-0.00036589
0.000913784
-5.55278e-05
-0.000266413
-0.000105601
2.37723e-05
8.18282e-05
0.00160977
-0.0017879
-0.000271514
0.00261529
0.00033196
0.00262548
-0.000285949
-0.000488427
-0.00106209
0.000546993
-0.000289449
-0.000254785
0.000606094
0.00118167
-0.000892469
0.00259434
-0.00173501
-0.00010106
-0.000758269
0.00211051
-0.000443181
-0.00191297
0.00183949
-0.000103044
-0.00294011
0.000124596
0.00344323
0.0031263
-0.000751393
-0.000418744
0.000427162
0.000493739
-0.000502156
-0.00282985
-0.00277009
0.00310613
-0.00102903
-0.0003954
-0.000281561
0.0001407
-0.000307722
0.00246448
0.00462652
-0.000760934
-0.00768916
-0.00109564
0.000653682
-0.000585076
-0.000212035
0.001796
0.001365
0.000151375
0.000652127
9.88406e-05
0.000153764
-0.000809568
0.000647567
8.23652e-06
-0.00430232
0.00138962
0.000278596
0.00127449
-0.00263729
-0.00141254
0.00149577
-0.00277791
-0.00125346
0.000571971
0.000160525
-0.000299483
0.000646655
-0.00186641
0.00037047
-0.00102718
-0.00125002
0.000263
5.41895e-05
-0.000382226
-6.07635e-05
0.000266048
0.000228068
1.18894e-06
6.16365e-05
0.00107049
-0.00194785
-0.000252873
-0.000868629
0.000479183
-0.000594606
0.00140479
-0.000882949
0.000398116
-0.00111786
0.000420258
-9.52473e-05
0.000294388
0.000633313
0.000637351
-0.00147809
0.000984297
-0.000143563
-0.0009371
0.000452639
-0.00140736
-0.000592068
-0.000221185
0.00222061
0.00078748
0.00262861
-0.00387549
0.000701605
-0.00266235
0.00430958
0.000232323
0.00151237
0.00191979
8.74111e-05
-0.00331797
0.00228955
0.00218161
-0.000136526
0.00477471
-0.00176723
0.0014556
-0.00446308
-0.00334327
0.00430774
-0.000605787
-0.00028813
0.000438835
-0.000159664
-0.00173222
0.00108049
-7.35049e-05
0.00485708
0.000883312
-6.76561e-05
-0.000994083
0.0137259
-0.00578909
-0.00851668
0.00250089
0.0040275
-0.000143793
-0.00539286
-0.012613
0.00987832
-0.00196231
-0.00242897
-0.000638998
-0.00143032
0.00230508
-0.00524145
0.00328199
-0.0016637
-0.00301228
0.00270706
-0.00179188
0.00222559
0.00251405
-0.00168032
-0.0025613
0.000974393
-0.000951208
-0.00144393
0.000795836
0.00154593
-0.00176499
-0.00105624
0.000229904
0.00105135
-0.00140651
0.000218053
0.000229467
-0.000486336
3.88156e-05
0.00382217
0.00129888
0.000672827
-0.00315706
0.00233304
0.00164532
-0.00144401
0.000448314
-0.00427742
0.00559885
-0.00344637
0.000117298
0.00335338
0.000116234
-0.0029173
-0.000879401
0.000318092
0.000103599
-0.00179313
0.00187328
-0.00300506
-0.00251838
-0.000606002
-0.00228941
0.00366082
-0.000795448
-0.00143556
-0.00190131
0.00172691
-0.000429384
-0.0222624
0.0131825
0.0207888
-0.011709
-0.0250947
0.0261292
-0.0291893
-0.0293105
-0.00129122
0.000780714
-6.02697e-06
0.000815714
-0.000254409
-0.00058468
-0.00051393
-0.00012522
0.00122383
0.000549149
-0.000625149
-0.000930335
0.000608921
-0.00032727
-0.00140846
0.000266717
0.000349823
0.000791917
-0.00332418
0.000513758
0.00231386
0.00149532
-0.00210487
-0.00170431
0.000337677
0.00165278
-0.000899395
0.000809053
-0.00184949
-0.00213098
-0.00175531
-0.000983979
0.00354834
0.00106104
0.00163493
-0.00203241
0.000855425
0.00161106
0.00276198
-0.00215724
0.000877929
0.000574526
-0.000930159
-0.000538102
-0.000935648
0.000771302
0.000301555
-0.00196487
0.00253558
-0.00433058
0.00310135
0.00356409
0.00293591
-0.000777146
-0.00330886
0.00175919
-0.000392516
-0.000866866
-0.00238088
0.00140563
0.00477392
-0.00226818
-0.00120239
0.000485082
-0.00210324
-5.05635e-05
6.52568e-05
-0.00144462
0.00101646
-1.50179e-05
-0.000345142
0.00106553
-0.000448949
0.00080419
0.00286108
-0.00295936
-0.00102966
0.000331743
0.00477066
0.00146324
0.000548326
-0.00102494
0.00014011
-0.0013223
0.000453287
0.000670179
0.00102115
-0.000400697
-0.000476289
-0.000465942
0.000754165
0.000732923
-0.000278026
0.00135073
-0.000444493
-2.76248e-05
-0.00093717
0.00154492
0.00062906
-0.000970802
-0.000905099
-0.00031778
-0.00111966
-0.00161612
0.00197036
0.000277925
-0.000380266
-0.00057815
-0.000546801
3.48796e-06
-0.000553495
0.000459018
-0.000402781
-0.000675742
0.00067066
0.000407863
0.000595667
-0.000930898
-6.75495e-05
-0.000793609
0.000413256
0.00020724
-0.00422134
-0.0012524
0.00281448
-0.000279289
0.00408473
-0.00619764
-0.00504938
-0.00269781
0.000691011
0.00302612
-0.00164563
0.00431532
-0.0031951
0.00031215
-0.00352524
-0.00223201
-0.00405461
0.000959293
0.00161198
0.00148334
0.00093108
0.00110216
-0.00145652
-0.000576719
0.000332412
0.000808534
0.00096924
0.00103386
-0.00159206
0.00750663
-0.00253551
-0.000999371
-0.00162932
0.000553936
-0.00150349
0.00120803
0.0013815
6.18897e-05
-0.00232239
0.00157683
0.000730305
1.52542e-05
0.000462759
-0.0032111
0.0025194
-5.15303e-05
0.000717469
-0.000860604
0.00231519
0.00012225
0.00469229
0.00232951
-0.00169462
-0.00532718
-0.00175419
0.00532548
0.001121
-0.0128369
-0.0174903
0.00460944
0.0107867
-0.0121478
0.00542658
-0.000552564
0.00297762
0.00231538
-0.00278878
0.0024084
-0.001935
0.000910628
0.000394687
-0.000367255
-0.000656749
-0.000298293
0.000393443
9.17781e-05
-0.00500569
0.00828534
-0.00231319
0.00568546
0.00463468
-0.00194198
-0.00404045
0.00788
0.00308124
0.00347095
0.00574192
4.09242e-05
0.00202903
0.000285885
5.06711e-05
0.000723749
0.00563867
0.00409411
0.0028132
-0.00230679
0.000826366
0.000520796
0.000251026
0.00238184
-0.000958599
0.00344784
-0.00165198
-0.000719244
-0.00107662
0.000541638
0.00106354
0.00141549
-0.00466305
-0.00284588
-0.00216252
0.000582454
-0.00123
-0.00252022
-0.00078961
-0.00274858
0.00390996
-0.00110635
0.00315056
-0.00186507
0.00307052
-0.000161628
-0.00103182
0.00231011
-0.000702336
0.00124375
0.000254571
-0.000924198
0.000248608
-0.00216653
0.00163542
-0.00147863
0.000205934
0.00142331
0.00143293
-0.00327269
0.00135059
-0.000318973
0.00132048
0.00195942
-0.00282996
0.00118754
0.00217674
-0.000567229
-0.000289033
-0.00112508
0.00454466
-0.00322121
-0.000198377
-0.00327845
0.00105472
0.00461486
-0.00239114
0.00207943
-0.00376218
0.00230899
-0.00168797
-0.00262177
0.00241812
0.00189162
-0.00301814
-0.00114404
0.0023111
-0.000730876
0.000228678
-0.000246092
0.00058885
-0.0138283
0.0109018
0.00555915
0.0108065
0.00735417
-0.0155064
0.00326256
-0.00130756
0.00588581
-0.00970013
-0.0021717
0.00297278
0.0057262
0.00463266
-0.00152312
0.00830308
-0.000398713
0.00022563
0.000542372
-0.000684257
-7.93305e-05
-0.000777472
0.0002781
-5.22776e-05
-6.24217e-05
0.00069043
-0.00105875
-0.000355959
0.00349173
-0.0059611
0.0174644
0.00308921
0.0036102
0.0165182
0.00372816
-0.0155788
-0.00145612
6.44602e-05
-0.000910083
-0.00241894
0.00414382
0.000144821
0.00138467
-0.000673509
-0.0148547
-0.00186742
-0.00143552
-0.000306398
0.000580259
0.00033013
0.000566063
0.000207382
-0.000153434
-0.000223197
-0.000100024
0.000104327
-0.000670321
-0.0041796
-0.00384308
0.000873067
-0.000551188
0.0038137
-0.000210849
-0.000400484
-0.000167644
-9.31962e-05
-0.000239917
-0.00019765
0.000192772
-1.47472e-05
1.96259e-05
0.000574908
-0.0018793
0.00112728
-0.00073977
-0.000398948
-0.00187224
0.00173105
0.000185387
-0.000292908
-0.00111941
-0.00655577
0.0048157
0.00372374
-0.000228597
-5.88188e-05
0.000883083
0.000771908
-0.00226276
0.00141625
0.000744578
-0.0010728
1.18786e-05
0.000316341
0.00021733
4.69638e-06
-0.000771168
-0.00010907
0.000117126
-0.000181661
6.4535e-05
-0.000303066
0.00128379
-0.000494005
-3.64161e-05
-0.000133461
-0.00148285
0.00192211
0.00243299
-0.00102499
-0.000531815
0.00109737
-3.45719e-05
0.000793783
5.23807e-05
-0.000403097
5.30133e-05
-9.12621e-05
3.82489e-05
-4.04765e-05
-0.00012656
-0.00015235
7.23346e-05
-0.000239092
0.00120298
-0.00103623
-0.00106705
-0.0031267
-0.00297436
0.000837907
-0.000791313
-0.000149862
-0.000300621
-0.00314625
3.01316e-05
-0.000426082
5.18049e-05
-4.84409e-06
-2.35694e-05
-0.000258871
0.00168925
0.000694424
0.00177168
-0.0012281
-0.000522085
-0.0031053
0.00362809
-0.00368973
-7.32604e-05
0.00076676
-0.000251626
0.00069373
-0.000405867
-0.000361124
2.85448e-05
0.000418196
0.000333973
-0.000485768
-0.00213617
0.000944373
-0.000351745
0.000780712
0.000187414
-0.00132179
-0.000652308
0.00178668
-0.00852089
0.00938486
-0.000705343
-0.00946276
0.0102857
-0.00229246
-0.000402452
0.000760508
0.000678355
-0.00235044
-0.000789262
-0.000870528
0.00142837
0.000231421
-0.00163779
-0.000235463
-0.00202582
-0.000244873
-0.0005083
-1.89805e-05
0.000598799
-0.00053516
-4.46584e-05
0.00193359
-0.000515073
0.00108938
0.000116076
0.000433797
-0.00116106
-0.000142627
-0.000386529
0.00176037
-0.00701497
0.00443059
-0.00399983
0.00135414
0.0019278
8.74266e-05
3.15987e-05
0.00357131
0.00378298
0.00435355
-6.56833e-05
-0.000747519
0.000984098
-0.000542978
-0.00119087
5.09484e-05
-0.00060165
0.00355004
-0.0131063
-0.00906203
0.0127233
0.00141246
-0.00137264
-0.00587176
-0.00210531
-0.01034
-0.00181895
8.17696e-05
-8.98368e-05
0.00149522
0.00779135
-0.00583437
-0.00129711
-3.53161e-05
0.000858074
-0.000693893
-3.67018e-05
0.00165637
0.00241034
-0.0110841
0.0104332
-0.00159371
-0.000905074
-0.00177864
0.0318773
-0.00203563
0.00421738
0.00261092
0.000172036
-0.00256492
-0.000218045
-0.00136141
-0.0173205
-0.000519843
0.00177623
0.000155081
0.000637306
1.21031e-06
0.000735517
0.00269501
0.000484146
-0.000895128
0.000397676
-0.000424215
0.000921667
0.000386053
0.001574
-0.000780635
0.000529013
-0.00132238
0.000105877
0.000928066
0.00255476
0.000733572
0.000715732
-0.00364406
-0.00229907
0.00107281
-0.00179051
-0.00265738
-0.00153422
0.000918497
0.000959963
0.0102065
0.000383494
0.000829023
-0.000347263
-0.000249628
0.00165313
0.00632053
0.00347117
0.00117098
0.00108198
-0.000921922
-0.00217968
0.00129219
-0.000235757
-0.000478331
-0.00945344
0.00531405
-0.00162361
-0.0010378
0.00141417
0.0136417
7.5558e-05
0.00552664
0.000909027
-0.00651122
0.00699913
-0.0072915
0.00145534
-0.00132059
0.00108189
-0.0014329
0.00028472
4.76269e-05
-0.00292833
-0.0112525
-0.00283176
0.00547707
-0.00333837
-0.00188453
-0.00226732
0.00164627
0.00148921
-0.000751308
0.000891244
-0.00405443
0.00191309
-6.24392e-05
-0.00608672
-0.00174878
-0.00915476
-0.00256492
0.0134685
0.000615664
-0.00657908
0.00648406
-0.00247843
0.00257346
-5.8324e-05
0.000316365
0.00251241
0.00273963
-0.00207478
1.24093e-05
0.000136751
-0.00088309
-0.00128447
0.000868345
0.00045027
0.000464014
-0.000208212
-0.000246034
-0.000232007
-0.000386271
-0.00106625
0.00446373
-0.000665951
0.00777192
-0.00871769
-0.00559916
0.0262663
0.00186073
-0.000236699
0.000599652
0.000609086
-0.000470414
0.000220723
-0.000863128
0.000642406
-0.00218508
0.00154197
0.00186409
-0.00172595
-0.00184358
0.00119443
-0.00199081
0.00263997
-0.000576462
0.00105173
-0.00141392
0.000841151
0.00357369
-0.00270272
-0.00178819
0.000386392
-0.00101102
0.000641536
-0.000502215
0.00214212
-0.00306321
-0.00142026
0.00189396
-0.00213813
0.000817472
-0.000175936
-0.0024576
0.00251064
-0.000683744
0.00117462
0.000935167
-0.00101008
-0.000584012
-0.000244311
-0.000503415
-0.00659878
0.000185849
0.000487984
-0.00246123
0.00178739
0.00654011
-0.00404772
-0.00844191
-0.00340924
-0.00197716
0.00123072
-0.00130941
-0.000822493
0.000901185
-0.00332186
0.000846
-0.000884923
-0.00701581
0.00463964
0.00380265
-0.00142649
-0.00172783
0.00180219
-0.00386053
-0.00281623
0.00487457
0.00327073
-0.00306545
0.000200703
-0.000178082
-0.000186527
0.00934635
0.00185754
-0.0051692
-0.000949868
0.000574808
-0.000773512
0.000149885
-0.000445893
-6.06922e-06
0.000542037
-9.00744e-05
0.00073417
-5.67695e-05
-0.000652943
0.00263028
0.00019034
5.65783e-05
0.00052063
0.000460899
0.00131437
-0.00109691
-1.4278e-05
0.00034406
-0.000515907
0.000410191
0.000105716
6.27721e-05
0.000298281
0.000309606
-0.000791376
-0.0148575
0.000314464
0.000610889
0.000777528
-4.98081e-05
-0.000302983
0.000157053
-0.000397947
0.000303666
9.21703e-05
-0.000124548
0.000254435
-0.00012446
-0.00252911
-0.000140932
0.00462203
0.00130054
-0.000839264
0.000406172
-0.000841526
-0.00517743
0.000202219
-0.000483944
-1.25328e-05
0.000273944
0.00259202
-0.000180129
0.00249383
-0.00294759
-0.00305358
-0.0142117
-0.000891582
0.00216498
-0.00603724
-0.00246114
0.00380354
0.00127135
-0.00359058
6.90391e-05
-2.67708e-05
-0.00583846
-0.00277047
-0.0029341
0.00186385
-0.00229365
-0.00278173
-0.000102052
-0.00830077
-0.00270651
-0.000541705
-0.00398843
0.00956526
-0.00707274
-0.0046535
0.00180664
-0.00107769
-0.00380801
0.000157595
0.00241975
0.000467033
0.000174753
0.000580034
-0.000456506
0.000113607
-9.98022e-05
-0.00124076
0.00220837
-0.000845361
0.000713139
-0.00114114
-0.00342928
-0.00182918
-0.00065932
-0.0179788
-0.0113918
0.00426732
0.00946493
0.00238768
-0.00476428
-0.000217802
0.00259439
0.00011048
-0.00360861
0.0101932
0.000135022
-0.00920415
-0.00885782
0.00462552
-0.000883978
0.00471204
0.00257713
-0.00229521
0.00991127
0.000346349
-0.000726984
0.000504389
-0.000132415
0.000676326
0.000929453
0.00112199
-0.000538531
0.000181355
0.00633713
0.000537275
-0.00123573
0.00116283
-0.0016085
-0.000801091
-0.00110292
-0.000290542
0.000484685
0.000912465
-0.00153351
0.000295468
-0.000334576
0.000262128
-2.2223e-05
0.000911504
0.000807957
5.28427e-06
0.000247398
-0.00273374
0.00135603
0.000562865
0.00220563
-0.00162793
0.00203322
-0.00276458
0.000921737
-0.0008909
7.30542e-05
-0.000239775
-0.000236903
0.000229694
2.42662e-05
0.000818561
0.00112865
0.00161498
-0.00211566
0.00163806
0.000490509
0.00289519
0.00285529
-0.00191404
-0.000896708
-0.000676348
-0.00364649
0.000340764
0.00168957
0.000969225
0.000342107
-0.00525775
0.00212781
-0.00136997
-0.00821812
0.000744962
-0.00249243
0.000716239
-0.000106037
7.98287e-05
0.000499773
0.00183152
0.00255843
-0.00148761
-5.64774e-05
-0.00173508
0.000899333
-0.0301091
-0.0142533
0.0434631
0.000103213
-0.000168224
0.00295645
-0.00331556
-0.0075606
-0.000803979
0.000687098
0.00433241
3.68448e-06
-0.000832071
-0.00200511
0.00116914
-0.000119949
-0.000193185
-0.000804724
-0.000545852
-0.00346239
-0.00109051
0.00155427
0.000615529
0.00144115
-0.00243207
-0.000417488
0.000540862
0.00312631
-0.00501835
-0.00738917
-0.00582454
-0.000197697
0.0218976
0.0131939
0.00128212
-0.00268115
0.000493564
-0.00016799
-0.00489747
0.00378826
0.00282151
-0.00388852
-0.00272125
-0.00669576
0.00317789
-0.00237389
0.000617149
0.00153428
0.000135371
0.00025119
-0.000386561
0.00093569
-0.00155625
-6.51184e-05
0.00114542
-0.000505587
0.000696575
0.000731898
-0.0012846
0.00010256
-0.000298777
-0.000921475
0.00140449
-0.000553041
-7.54831e-05
-0.00685532
0.000622929
0.0025695
0.000829271
-0.00371083
0.00259431
-0.00225909
0.00335363
0.000483857
0.000317926
-0.000173773
0.000985141
0.00579522
0.000593879
-0.00172123
-0.00266996
0.00213296
0.000249372
-0.0028207
0.0034333
0.00887634
-0.0101752
0.000266013
-0.00226623
0.00164918
0.00493223
-6.82509e-05
-0.00182914
0.00279721
-0.000338723
0.00458904
5.28772e-05
8.33535e-05
0.00441672
0.0089241
-0.00964485
-0.0035156
0.00451538
0.00103472
-0.00283143
0.00147354
-0.000735794
-0.000807881
0.00676299
-0.00786016
-0.00131825
0.0108429
0.00402635
8.22946e-05
0.000974026
-0.00271355
0.0040834
-0.00749599
-0.00304736
-0.00904188
0.000323961
-0.000414433
0.00902733
-0.00144037
-0.00516789
0.0142297
0.00099537
0.00129412
-0.000867861
-0.000466839
0.00233384
-0.000608706
0.00392853
0.000346961
-0.000115955
-0.00331489
0.00339159
-0.000753046
-0.00705102
0.0107741
0.00265609
-0.00042803
0.00282252
-0.00943825
0.016805
-0.0103408
0.0194475
0.00349525
-0.00193037
-0.00548759
0.00217527
0.00380441
-0.000214109
-0.000227295
-0.000144354
0.000546828
-0.000510403
-0.000660773
-0.000474401
-0.000407417
-0.000593848
0.000894803
0.000876837
-3.05894e-05
0.0002573
-0.000212753
-0.000696007
6.81507e-05
0.000186024
0.000441832
0.0004012
0.000404504
0.000111775
0.00110237
-0.000927949
0.00297932
0.00127099
0.00055397
0.00822683
-0.0116907
0.00574366
-0.000886519
0.00331894
-0.00041448
-0.000128575
-0.00261478
-0.000364368
0.00090373
0.00100699
-0.00061328
-0.000554753
0.000337265
0.000246194
0.000386081
0.000495457
0.000505102
-0.000935092
0.000169201
-0.000713626
-0.000511241
0.00105567
0.00167954
0.00238043
0.0130342
0.000289318
0.00123666
0.00238191
-0.000231667
0.00455694
-0.00538499
0.00265957
-0.00423228
-0.00257702
0.00480789
0.00496994
-0.0022824
0.00188639
-0.00159531
0.00107086
0.000419696
9.59425e-05
-0.00104752
0.0211987
-0.000744874
-0.0011815
0.00100451
-0.000111751
-0.00660971
-0.00546781
-0.000217251
0.00086904
0.00101156
0.000490346
-0.000670315
0.00012155
-0.00054933
0.00288512
0.00520424
-0.00620537
-0.0100133
0.0116128
-0.00420096
0.00066846
0.00321186
-0.00692365
0.0027637
-0.00130237
-0.00252491
-9.44006e-05
-0.000948754
-0.000982961
-0.000507032
0.00508787
0.00643162
-0.0132775
-0.00311365
-0.0015182
-0.00399641
0.00177752
0.000124398
-6.6598e-05
-0.00045193
-0.000580408
0.00169376
-0.00291369
-0.000732496
-0.000187526
0.000764888
0.000155134
-0.000891561
-0.00174208
-0.000384494
0.000147678
-0.000553545
-0.0150574
-0.00214037
-0.00136117
0.007576
-0.0225937
0.00584984
0.00141595
0.00923017
0.0111509
-0.00463996
0.0240211
0.00444144
0.0119652
-0.000704512
-5.64099e-06
-0.000660633
-0.001055
0.000555258
-0.000990879
0.000565819
-0.000788299
-0.00244369
0.00124069
0.00083252
0.00834051
-0.0081635
-0.00189339
-0.000744182
-0.000356405
-0.00150509
-0.000460719
-0.00256324
0.000923981
0.000565656
0.000819568
0.000707473
0.000299465
-0.000826421
0.00112237
-0.000898799
-0.000223573
-0.000672373
0.00044806
0.00051087
0.00128737
-0.00258448
0.00113796
-0.00199756
0.000863493
-0.000704393
0.000654341
0.000247422
0.000149923
0.000446364
0.00425928
0.00256198
0.00385453
0.00107293
0.00251108
-0.00197755
0.000676363
-0.000380793
6.25461e-05
9.88399e-05
0.000143013
-0.00024511
-0.000557569
-2.64856e-05
0.000605473
-0.00366412
0.000781792
0.000853711
-0.00468166
0.00197256
-0.00108937
-0.000296374
0.00153934
0.00114035
-0.00326009
0.000624195
6.93069e-05
-0.000161937
9.55397e-05
-0.000873552
6.56483e-05
-0.000127168
0.000967758
-0.00250839
0.00324004
-0.000177896
-0.00530915
0.000248967
0.00116779
-0.00028934
-0.000313492
-0.000195714
-0.000260907
0.00208584
-0.00144441
-2.42875e-05
-0.00477063
0.0120497
-0.000457277
0.00103083
-0.0097255
-0.001508
0.00101674
0.00336193
-0.00217012
0.00334041
-0.00174693
0.00280289
0.000234233
-0.00247026
-0.000462764
-0.00485678
0.00589486
-0.000403064
0.000656377
0.00254251
0.00318016
-0.00631522
-0.000442931
-0.00125887
-0.000640874
-0.000301909
-0.00198056
-0.00293253
-0.000381954
0.00224
-0.00151169
0.00527718
-0.00646108
0.00215147
-0.0141283
-0.00212032
0.00372133
-0.00667056
0.00758414
0.0122699
-0.0131835
0.0172529
-0.031912
-0.00326152
-0.00626802
-0.00419813
0.0077236
-0.000720152
-0.00117398
-0.00876015
-0.00347529
0.00453756
0.00203568
-0.00492108
-0.00684686
0.000158548
-0.000321805
0.00534148
0.006117
-0.00119708
0.00429189
0.00697199
-0.000672843
0.00245102
0.00922512
-0.0135013
-0.00407578
0.000587702
0.000139329
0.000683167
0.000476575
-0.000417398
-0.000725695
-8.66438e-05
0.00177364
0.00368379
0.00299125
-0.00285706
-0.000264451
0.00018925
-0.000225662
0.00012532
0.00332806
-0.0026938
0.00021217
0.000341246
-0.000248687
0.00149648
-0.00155232
-0.001535
-0.0008864
0.000453988
-0.000172061
-0.000655214
0.000416629
-0.000627795
0.000541507
-0.000330342
-0.000382366
3.64629e-05
-0.000430552
0.000405765
-0.000244655
-0.000677828
-0.000541199
0.00142475
0.000498124
0.00029625
0.000282813
-0.000760711
-0.000664345
0.00123429
0.000618001
0.00110565
0.000802675
0.00130289
-0.00260969
0.00113599
-0.00582976
0.0122531
0.00468493
0.00803592
0.0125151
-0.0246632
0.0394118
0.00213404
-0.0310268
0.0217095
0.00173875
-1.27463e-05
-0.00217424
0.000995619
-0.000524992
0.00104537
0.00124716
0.000298804
-0.00109332
-0.00109573
-0.000329267
0.000220643
8.44118e-05
-0.000295528
-0.000497983
-0.001557
0.000440936
-0.0112623
-0.0027674
-0.00276005
-0.00451545
0.000156625
-0.00965098
-0.0056563
0.000198295
-0.0025464
0.00961634
-0.00646825
-0.0004404
-0.00497928
-0.00233699
0.00481724
-0.00384142
0.00049879
0.000632001
0.00260126
-0.00198402
-0.000537313
0.000529212
-0.000337752
-0.000453561
0.0134656
-0.0109856
0.00450083
-0.003998
0.00924679
0.000210949
0.000971844
-0.0147052
-0.0109973
0.000112247
-8.02946e-05
0.0238765
0.00293711
0.00115687
0.00266923
-0.0116759
0.00162295
-0.00111944
5.24171e-05
-0.00218434
-0.000251582
-0.00556967
0.000945524
0.0117476
0.00539227
0.0038088
0.00078631
0.00187986
0.00260605
0.00110349
-0.00213844
-0.000925938
0.000236898
-0.00647751
-0.00385033
0.00361938
-0.00783536
-0.00190529
0.00588632
-0.00228141
0.000125055
0.000943405
-0.00508875
-0.00074008
-0.00120238
-0.000327151
0.00110796
-0.00386273
0.00116005
-0.0015899
9.46816e-05
0.00105803
-0.00117177
-0.00139352
0.000614891
0.0010681
0.000277418
0.00252615
-0.000381365
0.00109156
-0.000638829
0.0031357
-0.000196256
0.000189624
0.0047413
0.000867568
-0.000803769
-0.0168595
0.0131778
-0.00792934
-0.0189772
0.0026544
-0.014787
-0.0048297
0.00291805
-0.00148787
-0.000577169
0.000285846
0.00262794
0.00125576
0.000615561
-0.000373761
0.000754175
0.00122869
0.00110762
0.00266134
0.011644
0.00826994
-0.00476676
0.000863122
0.00070632
0.000358928
-0.000584352
0.0015139
-0.00032469
0.000178893
0.00101743
-0.00104682
-0.000863113
-0.00190388
0.00011715
0.00114399
-0.000874771
-0.00358998
-0.0158625
-0.00129912
-0.00319098
0.00498968
-0.00231292
-0.00337216
-0.00166858
9.62207e-05
5.53457e-05
4.84743e-05
-0.00120167
0.00101094
0.00103781
-0.00185272
-0.00165344
-0.000404308
0.000902749
-0.0004694
-0.00573328
-0.000164082
-0.0014084
-0.003843
0.00199787
0.0115518
-0.0115388
-0.000667282
0.0115295
-0.00263535
-0.010395
0.00878956
-0.00263006
-0.00408865
0.0017445
-2.30827e-05
0.000551671
0.00144264
-0.000652458
0.00180438
-0.000679792
-0.00409341
-0.00159735
-0.00104663
-0.00161381
-0.000534639
0.00140427
-0.00302591
0.00305737
0.00102285
-0.000660931
-0.000723139
0.000431898
0.000154955
-0.00272054
0.000778777
0.00379168
0.0063917
0.00728786
-0.0073229
-0.0094398
0.00332243
-0.00225305
-0.00518965
0.00312588
-0.00112574
-0.00494739
0.00768434
-0.000290307
0.00665896
-0.000753664
0.0110876
0.00647109
-0.00665655
-0.00215894
0.00720126
0.00852113
-0.000405047
-0.000210236
-0.0118729
0.0187901
-0.012307
-0.00136332
-0.00057808
0.00105118
4.04652e-06
-0.00107238
-5.96308e-05
0.00157071
0.00106544
0.00276275
0.00277599
0.00137887
0.00557415
0.000385514
0.0175503
0.0143386
-0.00786774
0.000633763
-0.00151314
0.00504947
-0.00820807
0.00626443
-0.00436954
-0.00118355
-0.00190303
0.000395464
0.00030607
-0.000908563
0.000598995
0.00110908
-0.00156388
0.000477633
-0.000225467
-0.00212587
9.34108e-05
0.000334712
0.00318193
-0.00172053
0.000881918
-0.00211257
0.000585182
-0.0111652
0.00128051
-0.00170154
-0.000511978
-0.00578858
0.011757
0.00529917
-0.00934071
-0.0164722
-0.00214213
0.000287295
0.00121368
-0.00125987
0.000700747
-0.000305059
-0.00079899
-0.0045916
-0.00379769
-0.000779918
0.000722707
0.00259169
-0.0011523
-0.001325
0.00373031
-0.0021037
0.0031122
-0.00682783
0.000913549
0.000440487
-5.14047e-05
0.00198486
0.00116798
-0.00114909
0.002557
0.00332548
-0.00300963
-0.00144604
0.00259241
0.000195566
-0.000668845
-0.000283015
0.00385955
-0.00360538
0.00448712
-0.0125789
-0.00372364
0.00503982
-0.00217379
-0.00221096
-0.00323154
-0.00158147
-0.0100183
0.00878671
-0.00100163
-0.00178952
-1.18973e-05
-0.00181456
0.000736127
0.000190615
-0.000120648
-1.34423e-05
-8.54234e-06
-0.00147002
-0.00029791
0.00198254
0.000300184
-0.000377348
0.00105717
0.000711475
-0.00027521
-0.00158729
-0.000195939
0.000824681
0.00322326
0.000595803
0.000315652
-0.000390635
4.80515e-05
-0.00282152
0.00260714
0.0017567
0.00482912
0.00195398
-0.00161899
0.00463195
0.00233561
0.00581783
0.00704936
-0.00113538
-0.000387338
0.00103302
0.000660986
0.016389
-0.000453609
0.00339774
-0.00486792
-0.00610656
-0.00398073
-0.00544518
0.00405861
0.00060277
0.00383181
-0.004456
0.00306036
-0.00625711
-0.00116185
0.000770748
-0.00114764
0.00315446
-0.0134112
-0.00757071
-0.00293982
0.000809452
0.00932225
-0.000202394
0.011981
-0.00664081
-0.000317607
-0.00344929
0.00199569
-0.000594366
-0.000308536
-0.000959843
0.000151929
-6.35419e-05
-0.000236073
-0.000993395
-0.00311926
-0.00234138
-0.00199619
-0.000950229
-0.00389234
-3.88667e-05
0.00333574
0.00237504
-0.00127376
0.00531316
0.00248604
-0.00279077
0.00516748
0.0212621
-0.000746937
-0.00434633
-9.01637e-05
0.00192537
-0.00452374
0.0012864
-0.00667682
-0.00688152
-0.00238844
1.54518e-05
-0.00156652
0.00171368
0.000837147
-0.00141272
3.48793e-05
0.00104702
-0.000346835
-8.16762e-05
0.000779704
-0.00126098
0.000797114
0.000456201
-0.000538036
0.000583005
-0.000398852
0.00266296
0.00290268
0.00259433
0.00326568
0.000532658
-0.00156077
0.00056699
0.00137294
0.00120966
0.00213476
-0.00216394
0.00721045
-0.00340965
-0.00113916
0.00602369
0.0013753
-0.00279184
-0.000535131
0.000117506
-0.000620689
-0.00050239
0.000613811
-0.00157675
-0.00167885
-0.00331241
0.00401391
-0.00141914
-0.00117118
-2.26821e-05
-0.000614017
0.000201907
1.61459e-05
0.000370761
0.000379178
0.0010796
-7.16534e-06
0.00316911
-0.00312482
-0.00225403
0.0109793
0.0010001
0.00228531
0.000480303
-0.00538152
0.00440592
-0.000600824
-0.000117651
0.00057463
-0.000207113
0.000503273
0.000852643
-0.000100441
-0.000270428
-0.000101493
0.0353498
0.0302656
-0.00636255
0.00251286
0.008196
0.00076629
2.70343e-05
0.00414194
-0.00133039
-0.000270444
-0.0138287
-0.000105163
0.000648488
0.00250605
-0.00353806
-0.00275152
-8.44614e-06
0.0003517
-0.00158779
0.0216039
-0.017884
-0.0033206
0.00490363
0.00352223
-0.00296361
-0.00427438
0.00323663
0.0065611
-0.00348238
-0.00500849
0.00532232
0.0058056
0.000406773
-0.000167871
-0.00243988
0.00448638
0.000279362
0.000662111
-0.00110088
-0.000536959
-0.00153441
0.00606918
0.00648805
-0.0218738
0.00575211
-0.0148065
0.00182874
-3.1676e-05
0.00208331
-0.00070605
-0.000437123
-0.00159647
-0.000883045
0.00495908
1.93664e-05
-0.000555136
-0.0015311
0.00278963
0.00220517
0.000318357
-0.0082379
-0.0052707
-0.00504998
0.00682976
0.000292656
-8.93023e-05
-0.00117401
0.000533603
9.55344e-06
0.00637962
-0.000349515
-0.000363768
-4.9801e-05
-0.00212398
0.000333622
0.00140479
-0.000266632
-0.00161825
-0.000372158
-0.00147789
0.000695801
-0.000412135
-0.00135377
0.00284626
0.000504142
-0.0016761
-0.000215702
-0.000560609
0.000374907
-0.00139243
-0.000800833
0.000151453
0.000290733
0.000322049
-0.00079165
4.85881e-05
-0.000643266
0.000347123
-0.000490903
-5.93508e-05
0.000550254
0.00433876
-0.00697529
-0.00143836
-0.000998884
-0.0123456
0.0147462
-0.00307398
0.0102704
0.00400733
0.0020425
0.0124419
0.000107412
-0.000381747
-0.000461607
5.81738e-06
-0.00264577
-0.000465345
-0.00194497
-0.000423104
-0.000835824
0.000519898
0.000265107
0.000393227
-0.000213506
-0.000648829
-0.000818173
-0.00187206
-0.000622202
0.0005661
0.000171478
-0.000468718
0.000274936
-0.00669407
0.0112585
0.00309282
0.000178462
-0.00372824
0.00397059
-0.00280435
-3.22013e-05
0.000706706
0.000435156
0.0013822
2.57965e-05
-0.000256357
-0.000608805
-0.000946557
0.00125027
0.000540702
-0.00326099
0.000306947
0.00968726
0.00596691
0.00160532
0.0161307
-0.00532093
0.000460203
0.00127905
-0.00330923
0.00571499
-0.00321863
0.013982
0.00808292
-0.0130282
0.00471024
-0.00136974
-0.00319525
0.00625984
-0.0161014
0.000699806
-0.00332857
-0.00159555
-0.000487886
0.00155384
0.00282593
0.000778531
0.0105847
0.00102942
0.00272475
0.00387653
-0.000382895
-0.00328864
0.000754492
-0.00123505
-3.29059e-05
-0.000177944
-0.00716101
-0.00171593
-0.000963817
-0.00742372
0.00267178
0.00194553
-0.00141733
0.00158594
-0.00273117
0.000613231
-0.000159511
-0.00280123
0.00103961
0.000348988
6.18061e-05
0.00154878
0.000839852
-0.000766245
-0.000700748
0.000848917
-0.000860259
-0.00207833
-0.000503472
-0.000364619
0.00171708
-0.00193182
0.00331206
0.000903451
0.00257894
0.00487506
0.00865243
0.00380851
0.000399427
-0.00683165
0.0131982
-0.00409039
0.00208543
0.00397924
-0.00344792
-0.0116541
-0.000733797
-0.000119418
-0.00212298
-0.00186488
-0.000986718
-0.000323949
-0.000223345
0.00010573
0.00160643
0.000152068
0.000820823
-0.000711818
-0.00114258
0.00197502
-0.000121208
0.00331928
-0.00505817
-0.00123035
-0.0012016
0.0139748
-0.0039637
-0.00124464
0.0351199
9.52802e-05
-0.00111302
0.000761306
0.000492321
0.000929025
0.00308116
-0.00192114
0.00287592
-5.65138e-06
0.000517118
-9.44334e-05
-0.000229796
0.00170994
-0.000672166
0.00152443
2.14616e-06
5.19965e-05
0.00261416
-5.2815e-05
-0.000542169
-0.00274725
0.00211373
-3.65982e-05
0.00230042
-0.000533105
-0.00146615
0.000741087
0.000102741
-0.000366287
-0.000540538
-0.00427583
-0.000418457
0.000465512
0.00323648
0.000345876
0.000561933
0.000438006
0.0123655
-0.000742721
-0.00447314
-0.00135077
0.0041994
0.000627248
0.000200011
0.0014683
0.00391685
0.00185283
-0.00375663
0.00170064
-0.00316001
0.0117925
-0.00170493
-0.000759921
-0.00016358
-0.00159392
0.00131472
0.000826777
-0.00324465
0.00215823
-0.00107302
-0.000496583
-0.000363367
0.000707658
0.0016926
0.000802531
-0.00627212
-0.000141431
-0.00126007
0.00295475
0.000876079
-0.000161286
-0.000221005
0.000799034
0.000399882
0.000311049
-0.00332598
-0.000960532
-0.00195088
0.00159441
-0.000641778
-0.000232036
0.00398469
-0.00212086
-0.00413967
0.0149494
0.0217427
0.00283915
0.0206601
0.000908364
-0.00264314
-0.000461273
0.0049007
0.00439712
0.00203563
4.57113e-05
-0.000138347
0.000964751
0.00177561
-0.00158831
0.000176805
0.000150561
0.000261649
-0.000134857
0.000531469
-0.00217353
-0.00544249
0.00102586
0.00118738
-0.00190279
-0.00422665
-0.00492839
-0.003363
-0.00014831
-0.0041214
0.000395205
-0.000338831
0.00818316
0.000790128
-0.00116402
0.00332216
-0.0110819
-0.000589649
0.00248615
0.00816643
-0.0256079
-0.00072423
-0.00050238
0.000336603
-0.000192328
0.00131978
-0.000816606
-9.67312e-05
-0.000371369
0.000317182
-0.000209922
-0.00048014
-0.00109972
0.000481565
-0.00055748
-0.000508386
-0.00181824
0.000100596
-0.00085409
-4.88122e-05
0.00138225
0.0011173
0.0028016
-2.19258e-06
-0.00134547
0.000625344
-0.00229544
-0.00715391
0.00132017
-0.00154766
7.46514e-05
0.000957058
-0.00191541
-0.00021214
-0.0100529
-0.000307318
0.0123751
0.0028713
0.00346545
0.00859413
-0.0017261
0.0020172
0.014849
-0.000390265
-0.000706171
0.00206488
0.00558244
0.00447221
-0.000149204
0.00164342
-2.07955e-05
-0.000784773
-0.00245074
5.82157e-05
-0.000396049
-0.000350274
-0.00047816
0.00388508
-0.000397673
-0.000316416
0.000149696
-0.000683549
0.00772085
0.00104457
-0.0044945
-0.00190142
0.00193489
0.000220117
-0.00228342
1.07161e-05
-0.000144782
0.0040257
-0.00407201
-0.0101537
0.00652816
-6.75093e-06
0.00383446
0.00158152
0.00156036
0.000605795
-0.000118784
-0.00289038
0.00114797
3.91584e-05
-0.0100627
-2.43899e-05
-0.000633983
0.000325265
0.000479444
)
;

boundaryField
{
    outlet
    {
        type            calculated;
        value           nonuniform List<scalar> 0();
    }
    walls
    {
        type            calculated;
        value           uniform 0;
    }
    inlet
    {
        type            calculated;
        value           nonuniform List<scalar> 0();
    }
    model
    {
        type            calculated;
        value           uniform 0;
    }
    procBoundary9to6
    {
        type            processor;
        value           nonuniform List<scalar> 
131
(
0.000422854
-0.0066943
-0.0181232
-0.0100615
-0.00896206
-0.00169023
0.0020996
-0.00311251
-0.030559
-0.0170941
-0.0271096
-0.0324181
-0.00167803
-0.016257
-0.0286674
-0.0201971
-0.0060899
-0.0119108
-0.0171477
-0.0176492
-0.0338868
-0.00704513
-0.0391053
-0.0362767
-0.011327
-0.00585711
-0.0041321
-0.0114846
-0.0387458
-0.000291182
-0.0120481
-0.00649839
-0.0200185
-0.0196883
0.000544712
-0.000381828
-0.0104785
-0.0097635
-0.00197329
-0.0137375
-0.0045604
9.84323e-06
-0.000219308
0.000842449
0.00183825
-0.0079459
-0.0164686
-0.00744972
-0.0129136
0.000126998
-0.0278688
-0.0251783
-0.00233485
-0.00909652
-0.0055292
-0.00366402
-0.00504808
-0.00363613
0.000464922
-0.000194656
-0.00630573
-0.0126988
-0.0087135
-0.0164043
-0.00160683
-0.000260661
-0.00860923
0.00271382
-0.00568515
-0.0129403
-0.00445833
-0.0317421
-0.0549505
-0.00169166
-0.0150007
-0.0240237
-0.000177342
-0.000817418
-0.00463974
0.000606949
0.000742696
-0.00713637
-0.000680317
-0.00961054
-6.62618e-05
-0.00572152
-0.00763446
-0.0447186
-0.0266321
-0.00422641
-0.00870661
7.10759e-05
0.00173642
-0.011419
-1.43326e-06
-0.000310767
-0.00740745
-0.0111235
-0.00610288
0.00010336
-0.0125262
-0.00102353
-0.0237557
-0.0145933
-2.64102e-05
-0.00412822
0.000280928
-0.0105801
-0.00416208
0.00074034
-0.0151592
-0.00780722
-0.0103738
-0.0043463
-0.00785018
-0.00642806
-0.00836206
-0.0098992
-0.0150973
-0.0016259
-0.00987384
-0.00194892
-0.00872229
-0.001138
-0.0147861
-0.0114591
-0.0348766
-0.0114335
-0.00648347
-0.0030304
-0.0241726
)
;
    }
    procBoundary9to8
    {
        type            processor;
        value           nonuniform List<scalar> 
43
(
-0.0371579
0.0353297
-0.00463104
-0.00213391
0.00205237
0.0047886
0.00301461
0.00363623
0.0223267
-0.00194201
-0.000709327
-0.00579959
0.0137844
-0.00869919
0.00650517
-0.000625743
0.0179175
0.000735012
0.0152525
-0.00605034
-0.00111767
-0.00125125
0.0106232
0.0221628
-0.00714571
-0.0123055
0.0120505
0.0206579
0.00471537
0.0122911
0.0141677
0.000808735
-0.00192619
-0.0007256
-0.00179661
-0.000911229
-0.00527344
0.00182515
0.0002781
-0.00721328
-0.0159584
0.0171206
-0.00207437
)
;
    }
    procBoundary9to10
    {
        type            processor;
        value           nonuniform List<scalar> 
120
(
0.0396842
-5.81242e-05
-0.000592883
-0.000588648
-0.000224911
0.0123253
-0.000272166
0.0475712
-0.00014916
-0.000222953
0.00480133
0.00220232
-0.000161649
0.000852328
-0.000232726
9.82378e-05
0.000684131
-0.000348923
0.000787967
-0.000546451
-5.95597e-05
2.28787e-05
0.00288489
-0.000583528
0.0417024
0.00118287
0.00502003
0.00444875
0.00416756
-0.000222057
-3.6486e-05
0.000175279
-5.74092e-05
0.00158546
0.000992042
-0.000825544
5.1264e-05
0.00242246
0.000657371
0.01469
-0.000189058
8.22032e-05
-0.000528381
0.0143328
-0.000623953
0.016788
0.00495998
0.000165208
0.00162679
0.000564756
0.00630419
0.00382001
-6.57524e-05
-0.000415121
0.00449925
0.0224323
0.0013731
3.35862e-05
0.00790642
0.000702982
0.0288968
0.00109185
0.0102579
0.00806641
0.00243686
0.0224485
0.00126625
-0.000511499
0.00102085
0.00983054
0.0027777
0.0136565
0.00016283
0.00831091
0.0168295
-0.00120736
-0.00116526
-0.00124457
0.0119757
0.000278895
0.0091753
0.00477216
0.00937545
0.00291338
0.00967232
0.00145142
0.00319031
-4.97611e-05
-6.18593e-05
0.00496177
0.0032819
0.00184442
0.00271955
0.0107018
-0.000127479
-0.000275291
0.00981879
0.00143832
0.0106365
-0.00166732
-0.000450122
0.00170524
0.000484478
-0.00011689
0.0248298
-0.000112051
0.00189624
0.039013
0.0061308
-0.00010352
0.0123017
0.00123045
-0.000423233
0.000269923
0.00532016
-0.00397479
0.00585764
0.00881985
-0.00053324
0.00123083
)
;
    }
    procBoundary9to11
    {
        type            processor;
        value           nonuniform List<scalar> 
138
(
0.0104566
0.00207508
0.0018127
0.00255128
0.00866072
0.00363029
-0.0251801
0.00779744
0.00388665
0.00268948
0.00497835
0.00134389
0.00152598
-0.00116957
0.00585618
0.00767054
0.00310662
0.0121247
0.0018134
0.00369675
0.000700767
0.0014318
0.00207521
0.00302775
0.00448279
-3.58759e-06
-0.00221579
0.00211071
0.00172713
0.00371983
0.0024198
0.000303104
-0.000335524
0.00316443
-0.00075913
0.00544142
0.0143882
-0.0018378
0.0318644
0.00438264
0.00123715
0.00217003
0.00133713
0.00471561
0.00430465
0.00462729
0.00297626
0.00984954
0.0187639
0.00207382
0.00747301
0.0432992
0.0012394
0.00505689
-0.0334929
0.00162669
0.000677706
0.00669363
-0.00449287
0.0109815
0.000636057
0.00588467
0.00144654
0.00309273
0.00767538
0.00202808
0.0295346
-0.00325104
0.00316267
0.00204356
0.00270866
0.0025026
0.00125106
0.00101254
0.00224393
0.00788971
0.0069639
0.00169307
0.00270351
0.00141446
0.00730383
0.00550793
-0.000486865
0.00642155
-0.000218882
0.0035901
0.00191988
0.00322954
0.00122263
0.00321339
-0.00185162
0.00287408
0.00253369
-0.00387519
-0.000178267
-0.000880431
0.0001116
0.0127371
0.00291174
0.0011465
0.00202622
0.0118474
-0.000242534
0.00480901
-0.00911872
0.00453131
0.0028834
0.00598868
0.00249975
0.00622068
0.0028346
0.000171402
0.000134661
0.00126966
0.00600048
0.0442379
0.0274652
0.0383329
0.00228223
0.00165833
0.00323079
0.00251254
0.0013398
0.00213568
0.0128849
0.0127608
0.00794554
0.00158698
0.00117313
0.00250249
0.00210166
0.00205002
0.00176036
0.0339544
0.00262755
0.00749012
0.000222545
0.00778475
)
;
    }
}


// ************************************************************************* //
