/*--------------------------------*- C++ -*----------------------------------*\
| =========                 |                                                 |
| \\      /  F ield         | OpenFOAM: The Open Source CFD Toolbox           |
|  \\    /   O peration     | Version:  2506                                  |
|   \\  /    A nd           | Website:  www.openfoam.com                      |
|    \\/     M anipulation  |                                                 |
\*---------------------------------------------------------------------------*/
FoamFile
{
    version     2.0;
    format      ascii;
    arch        "LSB;label=32;scalar=64";
    class       volScalarField;
    location    "0.0207921";
    object      k;
}
// * * * * * * * * * * * * * * * * * * * * * * * * * * * * * * * * * * * * * //

dimensions      [0 2 -2 0 0 0 0];

internalField   nonuniform List<scalar> 
3989
(
0.36815
0.382036
0.359812
0.37119
0.369578
0.369773
0.365901
0.363545
0.371529
0.363437
0.380391
0.367931
0.375987
0.36614
0.369441
0.389713
0.370048
0.364034
0.371119
0.370384
0.385011
0.363945
0.360645
0.361382
0.372759
0.36152
0.385405
0.366077
0.373953
0.366571
0.374439
0.359042
0.3697
0.367365
0.379059
0.374852
0.365929
0.365262
0.36407
0.371423
0.365524
0.365614
0.368593
0.365683
0.378489
0.368972
0.371639
0.388067
0.370008
0.361733
0.362621
0.370257
0.377563
0.367561
0.363785
0.364518
0.37752
0.369363
0.38002
0.370653
0.367404
0.386357
0.571893
0.694424
0.382128
0.371376
0.357447
0.365158
0.359065
0.361515
0.392829
0.366315
0.372098
0.371544
0.365292
0.366472
0.368262
0.364446
0.37853
0.364091
0.37868
0.369822
0.361643
0.36458
0.367092
0.386102
0.366817
0.369254
0.363135
0.367332
0.365685
0.361959
0.367164
0.360752
0.367711
0.37147
0.368116
0.361095
0.368458
0.35791
0.362956
0.365999
0.365258
0.378842
0.363022
0.370125
0.371302
0.363151
0.362304
0.382779
0.360589
0.372739
0.382561
0.38468
0.376902
0.385751
0.379082
0.364165
0.365882
0.37932
0.375641
0.367086
0.368108
0.367924
0.382227
0.366194
0.37584
0.369093
0.386709
0.370313
0.375768
0.38288
0.380731
0.388441
0.37979
0.390795
0.369488
0.369664
0.369134
0.368103
0.374068
0.371188
0.360325
0.369426
0.366428
0.396523
0.367832
0.352288
0.365221
0.357396
0.363894
0.370641
0.363013
0.375176
0.401522
0.389374
0.363293
0.357072
0.365181
0.379409
0.368201
0.370953
0.366312
0.38015
0.383362
0.38554
0.366892
0.367806
0.371606
0.356091
0.367039
0.377205
0.391302
0.363104
0.369149
0.365478
0.36961
0.373248
0.375278
0.36805
0.388729
0.364691
0.377134
0.367914
0.385496
0.367024
0.368777
0.368853
0.365787
0.367487
0.36092
0.372771
0.371015
0.400246
0.363988
0.414547
0.699962
0.397567
0.368981
0.372338
0.382823
0.365842
0.39035
0.368013
0.38036
0.364465
0.367582
0.367173
0.414321
0.418666
0.366831
0.437887
0.437762
0.362642
0.358228
0.733304
0.432717
0.378261
0.389295
0.384381
0.363726
0.367684
0.370729
0.37279
0.393452
0.357736
0.362921
0.370774
0.384702
0.363646
0.373146
0.382545
0.365237
0.365694
0.365595
0.400899
0.403486
0.366025
0.373475
0.357937
0.385409
0.36499
0.365268
0.390075
0.380087
0.38003
0.378983
0.367419
0.370173
0.371025
0.381954
0.369031
0.367454
0.369066
0.376785
0.365117
0.382662
0.38168
0.369873
0.378766
0.364471
0.35716
0.364743
0.363394
0.362884
0.378965
0.372052
0.422869
0.385883
0.382546
0.372062
0.386596
0.381082
0.367955
0.375909
0.359486
0.399404
0.383321
0.3614
0.390038
0.367545
0.369152
0.37558
0.368611
0.368505
0.365613
0.371272
0.390568
0.382423
0.39304
0.381244
0.384868
0.382203
0.355768
0.364011
0.389652
0.364481
0.373349
0.488848
0.441061
0.362598
0.398122
0.38094
0.396869
0.386506
0.425625
0.358442
0.373345
0.370642
0.367607
0.363576
0.361321
0.441914
0.476792
0.368438
0.378712
0.366114
0.36687
0.363102
0.360379
0.367198
0.361522
0.35861
0.369536
0.369797
0.396767
0.374186
0.38611
0.384472
0.363438
0.364921
0.37631
0.397832
0.361868
0.368817
0.367877
0.359177
0.368163
0.381446
0.374118
0.440718
0.359759
0.360754
0.359565
0.363383
0.384264
0.570931
0.370484
0.363344
0.370529
0.371986
0.36709
0.368373
0.362474
0.361121
0.382536
0.365178
0.355837
0.831
0.362753
0.354881
0.380685
0.377568
0.608857
0.439497
0.372076
0.360986
0.365144
0.359567
0.36953
0.365677
0.3615
0.387568
0.372948
0.355645
0.370097
0.361697
0.369324
0.360691
0.364535
0.378399
0.367171
0.36678
0.381273
0.372651
0.384304
0.359787
0.401461
0.363633
0.390939
0.365779
0.375132
0.365624
0.394255
0.375438
0.367001
0.366035
0.382492
0.389657
0.364916
0.363476
0.359835
0.368488
0.379539
0.365747
0.365313
0.364665
0.483752
0.364257
0.399374
0.363142
0.425787
0.389001
0.781052
0.368383
0.46248
0.375404
0.372829
0.370512
0.366058
0.771583
0.388114
0.391642
0.6738
0.361764
0.365316
0.36882
0.499011
0.387065
0.374132
0.364699
0.359449
0.367861
0.35864
0.558999
0.368713
0.368614
0.380038
0.375721
0.367499
0.370836
0.395338
0.382856
0.383404
0.363809
0.372371
0.364911
0.367303
0.383431
0.364983
0.368522
0.358594
0.361437
0.363485
0.42913
0.363063
0.380003
0.370936
0.365601
0.368807
0.366827
0.364775
0.386533
0.370621
0.381812
0.366394
0.375202
0.38925
0.394358
0.362066
0.371601
0.383894
0.363837
0.380338
0.360593
0.365505
0.367305
0.401603
0.39251
0.377776
0.381867
0.368396
0.368279
0.362112
0.368246
0.370211
0.371969
0.385715
0.362823
0.36369
0.388844
0.360069
0.373939
0.369911
0.3716
0.364789
0.36335
0.359785
0.380471
0.367238
0.380097
0.365946
0.361549
0.356418
0.368104
0.392321
0.373475
0.363759
0.373652
0.37894
0.363189
0.402911
0.399131
0.364812
0.358443
0.388975
0.367316
0.360215
0.377776
0.360607
0.360691
0.35435
0.383937
0.372761
0.372311
0.362653
0.364535
0.372268
0.366122
0.359649
0.381405
0.364605
0.38292
0.36655
0.360713
0.362245
0.378586
0.357469
0.370861
0.364699
0.372507
0.36536
0.380507
0.969977
0.859613
0.369745
0.377343
0.368782
0.368264
0.36178
0.363667
0.366686
0.375392
0.380576
0.364202
0.369161
0.36509
0.3575
0.367066
0.367318
0.372042
0.396408
0.358143
0.38033
0.364363
0.357379
0.381287
0.382313
0.366919
0.362408
0.359828
0.365554
0.392321
0.464885
0.371745
0.364559
0.365156
0.36412
0.370295
0.398818
0.360076
0.362644
0.36908
0.406935
0.388252
0.366888
0.358263
0.364903
0.371105
0.370153
0.362185
0.366373
0.371406
0.603685
0.734511
0.392242
0.369936
0.374198
0.375315
0.384656
0.367285
0.376184
0.360411
0.369143
0.355733
0.371167
0.363031
0.36482
0.363413
0.369779
0.376767
0.38731
0.369275
0.361616
0.366048
0.363685
0.367995
0.372239
0.372369
0.378453
0.369372
0.362147
0.358321
0.366704
0.363633
0.369486
0.368827
0.368861
0.371666
0.3937
0.382511
0.37635
0.376936
0.366879
0.37002
0.366913
0.369975
0.368706
0.36565
0.370765
0.362952
0.371489
0.363053
0.370571
0.38949
0.362195
0.365412
0.366915
0.388898
0.368522
0.370726
0.364292
0.362805
0.367579
0.379488
0.364956
0.370238
0.366438
0.369937
0.371257
0.376887
0.385521
0.358621
0.378751
0.369027
0.374139
0.368642
0.375869
0.387557
0.364572
0.366076
0.368994
0.381106
0.359199
0.367201
0.376475
0.38096
0.366355
0.384773
0.379734
0.377939
0.365846
0.367909
0.367769
0.368382
0.368563
0.367689
0.381167
0.370414
0.372825
0.370014
0.366573
0.368165
0.382771
0.378545
0.363647
0.376774
0.370279
0.373257
0.361591
0.39282
0.362733
0.384593
0.361208
0.374241
0.363767
0.368774
0.377817
0.358975
0.375775
0.367625
0.387092
0.373018
0.373916
0.372949
0.39569
0.362905
0.36074
0.391496
0.368582
0.383249
0.362703
0.382873
0.374672
0.369057
0.380694
0.360006
0.382112
0.365561
0.367102
0.391578
0.362113
0.360232
0.362355
0.374509
0.367644
0.374739
0.364689
0.37452
0.365053
0.374762
0.359155
0.381962
0.387185
0.545611
0.37296
0.360939
0.525361
0.358796
0.394483
0.370383
0.359518
0.366743
0.380277
0.582399
0.756812
0.800824
0.385375
0.363122
0.362364
0.363731
0.361612
0.359635
0.366415
0.371573
0.369916
0.358986
0.361795
0.378815
0.3663
0.379672
0.378941
0.385853
0.3628
0.367043
0.3911
0.389356
0.362091
0.383753
0.371237
0.36367
0.365573
0.370669
0.358758
0.368237
0.370437
0.359971
0.360985
0.365578
0.381846
0.36432
0.359371
0.374768
0.400389
0.362612
0.363926
0.367845
0.372729
0.372721
0.372076
0.393402
0.384844
0.374808
0.382503
0.360131
0.359965
0.364452
0.361462
0.356543
0.356163
0.367887
0.36674
0.371323
0.371288
0.376759
0.410473
0.43163
0.421507
0.42512
0.375944
0.373868
0.378167
0.364349
0.36319
0.38789
0.415572
0.354357
0.371104
0.361103
0.379165
0.366538
0.383872
0.362341
0.364689
0.361581
0.364507
0.358868
0.364479
0.370398
0.360596
0.372527
0.367077
0.491233
0.422598
0.370215
0.365964
0.363259
0.390693
0.379976
0.363842
0.363543
0.367144
0.398253
0.375025
0.356206
0.361333
0.364931
0.371547
0.359051
0.393402
0.365218
0.363334
0.372075
0.363796
0.358
0.367825
0.365191
0.620749
0.465396
0.361515
0.378042
0.459326
0.371232
0.424523
0.463407
0.362969
0.374787
0.366292
0.40071
0.39524
0.365838
0.64658
0.356786
0.366214
0.498267
0.394833
0.355468
0.361049
0.371472
0.373172
0.376837
0.362297
0.361392
0.361744
0.366205
0.361323
0.374882
0.413813
0.358607
0.359151
0.470167
0.361669
0.43661
0.362855
0.360697
0.440953
0.748776
0.542427
0.689381
0.803185
0.541465
0.375648
0.389011
0.373283
0.915191
0.757947
0.367388
0.415298
0.39212
0.712821
0.418621
0.447897
0.368423
0.375451
0.382487
0.363272
0.364834
0.370292
0.37194
0.373194
0.463811
0.3753
0.378996
0.367685
0.367585
0.361799
0.376441
0.390517
0.376336
0.392018
0.631371
0.719132
0.381014
0.403516
0.376379
0.478199
0.361739
0.363829
0.399795
0.376927
0.367502
0.357755
0.376737
0.402448
0.424451
0.374063
0.357547
0.358082
0.367937
0.370758
0.36796
0.360518
0.362739
0.368048
0.368319
0.366043
0.370208
0.360339
0.39096
0.370053
0.361971
0.35456
0.364173
0.364859
0.369837
0.433632
0.386014
0.37037
0.371433
0.367771
0.369126
0.37222
0.367781
0.367693
0.355097
0.382185
0.361198
0.361066
0.37084
0.360367
0.366822
0.359157
0.365499
0.373406
0.359739
0.402668
0.358817
0.363216
0.36972
0.380786
0.365761
0.357233
0.372949
0.359872
0.39175
0.377954
0.373634
0.363794
0.363027
0.359824
0.362267
0.373878
0.366256
0.404563
0.371863
0.365417
0.361853
0.35799
0.380396
0.364493
0.364802
0.361416
0.36357
0.363551
0.364092
0.363838
0.363031
0.37096
0.368459
0.369972
0.372001
0.361258
0.368083
0.361261
0.362594
0.398737
0.374299
0.372243
0.362509
0.369912
0.373549
0.368667
0.368682
0.367971
0.368446
0.379371
0.38189
0.387641
0.388079
0.366352
0.393639
0.386712
0.364664
0.365593
0.370761
0.367253
0.361827
0.364192
0.357405
0.362153
0.402552
0.394773
0.363646
0.366468
0.369605
0.358372
0.365251
0.367881
0.365034
0.366782
0.367036
0.366879
0.37777
0.368378
0.367429
0.36939
0.368641
0.367573
0.385521
0.384575
0.473522
0.460369
0.386644
0.362571
0.363591
0.365955
0.370606
0.361625
0.370925
0.377582
0.368313
0.376548
0.36116
0.359637
0.35698
0.359619
0.36617
0.3677
0.370347
0.365933
0.366659
0.36589
0.364522
0.791126
0.367489
0.370128
0.384325
0.36538
0.364337
0.371963
0.357772
0.391811
0.365767
0.360489
0.369316
0.363437
0.36506
0.356059
0.396325
0.362159
0.364048
0.373938
0.489676
0.409323
0.366216
0.366619
0.367275
0.457667
0.493148
0.498425
0.431231
0.406097
0.43184
0.368862
0.360702
0.369664
0.371513
0.35819
0.389364
0.393719
0.360201
0.374896
0.361597
0.388385
0.371909
0.372941
0.363318
0.362489
0.367515
0.383407
0.396162
0.372857
0.366714
0.36712
0.365809
0.368429
0.363969
0.364822
0.394523
0.371365
0.364122
0.365082
0.372468
0.362895
0.368983
0.382898
0.382467
0.370179
0.428137
0.361638
0.377742
0.367785
0.363201
0.363815
0.367839
0.378934
0.371718
0.373082
0.375197
0.36131
0.368087
0.365354
0.363844
0.363226
0.363543
0.36119
0.378194
0.386359
0.368218
0.363213
0.374588
0.382012
0.373277
0.373323
0.372185
0.360739
0.363349
0.366852
0.366281
0.365801
0.370784
0.377174
0.359161
0.369444
0.360824
0.373487
0.358963
0.376589
0.375275
0.369912
0.381807
0.375558
0.36427
0.370128
0.36462
0.378016
0.380838
0.361583
0.361065
0.360937
0.363689
0.372339
0.367187
0.367895
0.365574
0.379726
0.369974
0.367106
0.369553
0.378682
0.367918
0.361965
0.362689
0.36934
0.360173
0.365882
0.37948
0.364887
0.364141
0.364123
0.362764
0.364967
0.366912
0.382398
0.376373
0.394784
0.378604
0.357535
0.359071
0.379836
0.392964
0.373132
0.369642
0.398292
0.38179
0.380756
0.371208
0.371024
0.396825
0.376223
0.371969
0.369927
0.386898
0.370992
0.399484
0.380995
0.369347
0.356294
0.384588
0.381553
0.379271
0.382956
0.373696
0.371736
0.425379
0.425927
0.369455
0.366681
0.365649
0.371484
0.370415
0.370278
0.383797
0.361613
0.392095
0.360835
0.368743
0.368842
0.377306
0.358364
0.381117
0.364888
0.368864
0.369506
0.366717
0.370076
0.382761
0.391346
0.367843
0.367548
0.374921
0.359963
0.386084
0.359289
0.365134
0.375173
0.358662
0.379607
0.360822
0.363133
0.373448
0.365735
0.362092
0.365155
0.371751
0.369831
0.364677
0.370318
0.370874
0.363036
0.363084
0.385761
0.367024
0.361572
0.360874
0.371016
0.379726
0.381233
0.381098
0.38072
0.373079
0.367358
0.408255
0.383948
0.371643
0.373928
0.363457
0.363594
0.365035
0.370548
0.379777
0.360207
0.417809
0.35787
0.373869
0.64381
0.355908
0.494665
0.736991
0.367989
0.365681
0.378217
0.360739
0.365117
0.370961
0.367275
0.371812
0.362053
0.372106
0.376151
0.371161
0.368961
0.375676
0.375816
0.369477
0.371031
0.369993
0.370146
0.366625
0.366024
0.370019
0.370687
0.376424
0.368957
0.364195
0.362682
0.371723
0.365722
0.370635
0.367265
0.372036
0.375649
0.368564
0.367388
0.369101
0.37084
0.383035
0.370155
0.386079
0.371111
0.37105
0.366097
0.370918
0.364521
0.374116
0.367966
0.370314
0.369127
0.35717
0.367705
0.369536
0.369985
0.370621
0.366848
0.366983
0.363888
0.368925
0.364459
0.363457
0.364731
0.368354
0.366814
0.369521
0.36618
0.36577
0.382199
0.394123
0.409569
0.362923
0.374523
0.373883
0.366974
0.358131
0.367659
0.36121
0.363704
0.378013
0.361338
0.364678
0.363691
0.367711
0.370824
0.811435
0.754093
0.802255
0.736268
0.827731
0.54197
0.362696
0.3712
0.359235
0.399591
0.370285
0.370772
0.367689
0.370753
0.370071
0.393203
0.374516
0.469647
0.404223
0.40429
0.359657
0.371222
0.555099
0.363791
0.362643
0.379378
0.363141
0.364771
0.3699
0.381195
0.362373
0.376579
0.366289
0.364242
0.363909
0.366008
0.359841
0.358366
0.371887
0.395006
0.366968
0.515297
0.3572
0.41282
0.376843
0.370249
0.383278
0.356995
0.381385
0.393333
0.35975
0.360539
0.462705
0.366997
0.613706
0.377438
0.360888
0.371008
0.362478
0.39624
0.385341
0.366791
0.365179
0.363208
0.365321
0.389258
0.362478
0.366005
0.365724
0.390007
0.365822
0.364653
0.385891
0.381649
0.3742
0.362619
0.365459
0.540033
0.369477
0.702573
0.701095
0.365537
0.365452
0.388396
0.370361
0.368495
0.358949
0.366408
0.358794
0.369627
0.393907
0.367535
0.362099
0.361555
0.378759
0.363538
0.370218
0.38002
0.38261
0.358856
0.365498
0.367416
0.37292
0.379482
0.358567
0.379265
0.366814
0.387534
0.362789
0.363303
0.360237
0.386022
0.368626
0.370285
0.501838
0.39149
0.367122
0.389039
0.375264
0.366724
0.357927
0.362919
0.369689
0.38795
0.362881
0.359275
0.382363
0.37922
0.368008
0.361675
0.363616
0.418057
0.3563
0.676486
0.826522
0.394715
0.366651
0.884076
0.481404
0.35973
0.361193
0.36436
0.377352
0.365395
0.487351
0.381405
0.383181
0.36587
0.378223
0.363022
0.376919
0.364826
0.367761
0.376387
0.391457
0.3671
0.392686
0.377453
0.363829
0.370027
0.376381
0.385627
0.442929
0.376842
0.480624
0.381656
0.520273
0.57896
0.393125
0.399477
0.376082
0.356828
0.389671
0.370208
0.375883
0.390779
0.405062
0.364746
0.367864
0.357643
0.444914
0.368088
0.390867
0.383299
0.370718
0.366745
0.385457
0.605216
0.372478
0.378167
0.384055
0.38363
0.37237
0.367094
0.369039
0.368266
0.374156
0.396695
0.387905
0.780785
0.376414
0.37246
0.358806
0.366342
0.380159
0.363258
0.370106
0.369076
0.356784
0.357077
0.365221
0.35355
0.361187
0.368512
0.373723
0.381235
0.356495
0.357956
0.375158
0.370189
0.361315
0.358639
0.35513
0.364858
0.365422
0.367471
0.360145
0.355693
0.36545
0.362826
0.365862
0.377191
0.367681
0.366762
0.388053
0.394344
0.36554
0.373314
0.368809
0.362321
0.362144
0.359918
0.3748
0.363527
0.365287
0.392665
0.366922
0.409832
0.418202
0.369687
0.365384
0.364256
0.363002
0.467413
0.450515
0.437016
0.450297
0.373442
0.366298
0.365984
0.36711
0.388309
0.380278
0.361565
0.383927
0.366785
0.396702
0.375065
0.403602
0.387095
0.364002
0.365627
0.367088
0.381732
0.387453
0.382632
0.383633
0.37689
0.390917
0.400077
0.374084
0.370607
0.370138
0.369918
0.364959
0.367721
0.3665
0.369514
0.367416
0.36985
0.370336
0.369387
0.367964
0.371626
0.397781
0.387291
0.372838
0.376529
0.400347
0.365213
0.36643
0.368775
0.367254
0.371232
0.386423
0.377985
0.370247
0.358555
0.366905
0.370194
0.369855
0.370717
0.374535
0.368466
0.367395
0.376731
0.369453
0.369286
0.385457
0.367705
0.37194
0.3646
0.366661
0.362846
0.366799
0.365523
0.36747
0.389862
0.374444
0.367837
0.37951
0.44985
0.383526
0.366477
0.364182
0.367439
0.371256
0.377045
0.372573
0.362573
0.393739
0.386816
0.39911
0.391602
0.367469
0.360794
0.364102
0.362183
0.364402
0.371815
0.363083
0.388505
0.368453
0.36643
0.365455
0.363551
0.36007
0.362319
0.361126
0.370556
0.381215
0.372477
0.386763
0.374598
0.366709
0.371106
0.385498
0.383436
0.370993
0.368917
0.36783
0.358334
0.380223
0.370203
0.367463
0.36593
0.39103
0.370403
0.367718
0.384726
0.373997
0.385611
0.36657
0.371118
0.371556
0.370219
0.385191
0.380135
0.362614
0.372029
0.360434
0.369843
0.361441
0.3581
0.378181
0.377605
0.369601
0.365739
0.3718
0.365217
0.363524
0.36377
0.360818
0.366306
0.36916
0.364356
0.435578
0.466834
0.512138
0.386397
0.367347
0.373116
0.438837
0.358354
0.373211
0.363014
0.362251
0.470376
0.397285
0.38495
0.369325
0.369698
0.368228
0.361603
0.372602
0.364669
0.362189
0.362554
0.357977
0.359177
0.383684
0.367967
0.386366
0.370424
0.375573
0.368438
0.365062
0.361769
0.37409
0.370385
0.365981
0.369745
0.365087
0.36541
0.367301
0.365771
0.366645
0.372435
0.368584
0.357182
0.363854
0.363538
0.357297
0.364238
0.372127
0.374764
0.378215
0.368531
0.386479
0.364231
0.355776
0.367086
0.367402
0.398902
0.369757
0.363437
0.361219
0.372058
0.36111
0.366904
0.392823
0.372434
0.385961
0.376514
0.381447
0.36806
0.363338
0.394552
0.362973
0.362327
0.364046
0.384688
0.389253
0.359952
0.378282
0.376117
0.399506
0.399646
0.36711
0.39717
0.391913
0.406004
0.376584
0.395061
0.776294
0.395248
0.380235
0.384494
0.365308
0.363027
0.388998
0.361309
0.372375
0.371567
0.37176
0.370145
0.389003
0.372091
0.368539
0.370412
0.392513
0.399261
0.393029
0.374424
0.35791
0.386224
0.374369
0.373347
0.390443
0.395081
0.400575
0.364126
0.360144
0.387728
0.364194
0.358961
0.369827
0.361635
0.362998
0.372064
0.364205
0.374843
0.387307
0.358119
0.372519
0.367688
0.363638
0.376373
0.376025
0.372228
0.365146
0.36104
0.37314
0.366778
0.387181
0.363681
0.363578
0.393553
0.363159
0.369001
0.364356
0.358596
0.378982
0.361995
0.393692
0.481742
0.36013
0.373694
0.392491
0.849096
0.379216
0.381589
0.384862
0.398556
0.365466
0.389837
0.374309
0.362177
0.368377
0.359411
0.355714
0.36838
0.360815
0.382997
0.381873
0.368814
0.378265
0.359058
0.372327
0.387786
0.355001
0.383185
0.368112
0.367065
0.363877
0.369795
0.369458
0.411281
0.396807
0.368545
0.35536
0.37075
0.374301
0.373389
0.39576
0.365084
0.364676
0.368861
0.368671
0.370123
0.387612
0.375747
0.375636
0.366332
0.372892
0.417378
0.373182
0.449186
0.365792
0.365932
0.397772
0.371705
0.377509
0.363666
0.410738
0.527995
0.434624
0.786896
0.384422
0.371988
0.37725
0.391175
0.37285
0.374359
0.367552
0.367097
0.368803
0.384955
0.362391
0.382774
0.363789
0.367488
0.383493
0.372329
0.38448
0.356937
0.359657
0.359983
0.372432
0.367634
0.363895
0.375885
0.387574
0.363554
0.379972
0.372319
0.358354
0.358295
0.350418
0.369584
0.370173
0.369521
0.370164
0.393314
0.371194
0.363217
0.386806
0.366207
0.364381
0.457164
0.355642
0.377039
0.365929
0.365849
0.363203
0.376371
0.379934
0.375481
0.357954
0.358388
0.37416
0.373805
0.365984
0.356572
0.382767
0.358882
0.365946
0.366026
0.370049
0.367369
0.365551
0.364536
0.361805
0.372616
0.363496
0.372063
0.369243
0.389787
0.371458
0.421304
0.401491
0.364344
0.363012
0.362392
0.356744
0.368047
0.362485
0.362106
0.359071
0.362236
0.364481
0.568851
0.367547
0.672554
0.389073
0.413216
0.407519
0.363132
0.363796
0.375348
0.368102
0.445414
0.49977
0.429808
0.367995
0.36206
0.361468
0.369492
0.368791
0.36408
0.396097
0.401228
0.361714
0.359446
0.365623
0.368565
0.385303
0.440744
0.387802
0.377355
0.3726
0.369557
0.366322
0.354892
0.356516
0.355649
0.358498
0.367834
0.363406
0.369234
0.364069
0.419424
0.381579
0.367525
0.359207
0.388231
0.361582
0.391961
0.390098
0.367602
0.366355
0.480035
0.503577
0.373681
0.378954
0.376954
0.363852
0.378014
0.371757
0.384147
0.368246
0.373235
0.383344
0.368136
0.363373
0.38971
0.366678
0.358553
0.366213
0.373514
0.385284
0.365911
0.363576
0.417234
0.367594
0.406743
0.365588
0.363782
0.381678
0.383508
0.361567
0.412011
0.378588
0.362577
0.37102
0.430782
0.857704
0.714231
0.367357
0.366533
0.364206
0.363773
0.3733
0.366935
0.368149
0.360431
0.363964
0.359289
0.371107
0.429512
0.385207
0.384426
0.373686
0.371174
0.364605
0.362934
0.603632
0.865124
0.370887
0.459087
0.363887
0.364744
0.821441
0.438726
0.697278
0.371184
0.400532
0.379101
0.379889
0.498116
0.432005
0.375393
0.361092
0.359391
0.366956
0.36731
0.360033
0.365492
0.361836
0.359045
0.357576
0.384436
0.373793
0.375717
0.375527
0.363069
0.363975
0.364673
0.361061
0.361264
0.362964
0.369067
0.373473
0.361775
0.363101
0.357323
0.366458
0.357744
0.363479
0.367937
0.358914
0.371665
0.366709
0.364795
0.365395
0.369929
0.361951
0.374218
0.369905
0.382299
0.375529
0.364007
0.365589
0.368524
0.362645
0.368573
0.374975
0.379362
0.36561
0.366115
0.377146
0.362597
0.367775
0.37648
0.364413
0.365531
0.370945
0.372833
0.366453
0.366316
0.37239
0.369391
0.37033
0.383767
0.387781
0.385956
0.364381
0.389171
0.382023
0.386748
0.363636
0.370399
0.389742
0.364555
0.368561
0.373045
0.367275
0.361619
0.362037
0.367543
0.361618
0.361032
0.396644
0.383008
0.366458
0.362755
0.40822
0.370266
0.393904
0.88808
0.808676
0.392715
0.356204
0.665062
0.431152
0.358145
0.367443
0.366759
0.352719
0.364098
0.358898
0.354745
0.376026
0.364475
0.375106
0.367416
0.36165
0.367995
0.363421
0.372271
0.363435
0.375568
0.367178
0.368433
0.417785
0.369081
0.367998
0.364868
0.366795
0.372621
0.378371
0.366507
0.364762
0.367925
0.36793
0.383229
0.366317
0.377505
0.360865
0.367956
0.366287
0.36751
0.374574
0.365792
0.397585
0.373584
0.375866
0.363395
0.404645
0.38946
0.368184
0.371188
0.369763
0.371696
0.386972
0.36841
0.367755
0.367071
0.374646
0.365617
0.359273
0.356188
0.364418
0.372623
0.354354
0.37236
0.37032
0.367725
0.370074
0.371789
0.372488
0.377333
0.377604
0.381972
0.387515
0.372364
0.398914
0.374853
0.367888
0.363056
0.37131
0.376631
0.373058
0.373765
0.371512
0.36869
0.370184
0.368927
0.36971
0.371499
0.371942
0.370617
0.370714
0.379276
0.384833
0.389418
0.357585
0.362257
0.361491
0.364051
0.365429
0.369016
0.375967
0.365508
0.374082
0.367263
0.370795
0.370984
0.383385
0.370326
0.392013
0.370575
0.363392
0.367805
0.367038
0.365237
0.36907
0.379441
0.369996
0.374
0.392593
0.362873
0.363751
0.365468
0.368821
0.371886
0.369369
0.383935
0.367674
0.369522
0.364888
0.367886
0.353622
0.365774
0.365994
0.375876
0.354224
0.386166
0.361813
0.363165
0.358442
0.36385
0.359831
0.3626
0.359578
0.361207
0.36189
0.364123
0.36431
0.369942
0.372384
0.354846
0.364488
0.361013
0.37393
0.401207
0.3577
0.357962
0.360037
0.376109
0.383884
0.36794
0.365247
0.360254
0.363
0.374983
0.367724
0.370792
0.370587
0.381952
0.383494
0.362236
0.362454
0.363011
0.377135
0.365777
0.376139
0.385684
0.373851
0.366043
0.386669
0.368158
0.383547
0.36714
0.367816
0.367682
0.361818
0.360974
0.377967
0.371151
0.357222
0.373145
0.361694
0.373078
0.373019
0.36043
0.351647
0.366058
0.364857
0.374334
0.363245
0.364307
0.789949
0.370122
0.360502
0.373662
0.366287
0.364073
0.36523
0.365074
0.882277
0.445252
0.366591
0.357037
0.371689
0.356868
0.36536
0.372209
0.361851
0.365708
0.359266
0.373793
0.362949
0.367769
0.379192
0.363573
0.39185
0.364851
0.368013
0.372324
0.372787
0.365091
0.370031
0.37041
0.364974
0.359239
0.369742
0.3556
0.366203
0.360157
0.367241
0.358613
0.355334
0.35824
0.549296
0.371212
0.566457
0.370149
0.35999
0.612989
0.387188
0.356443
0.363667
0.358929
0.372972
0.381319
0.381023
0.364678
0.390769
0.377431
0.366765
0.360663
0.365225
0.3599
0.359415
0.369194
0.372666
0.375085
0.363468
0.373362
0.359045
0.363767
0.36151
0.363747
0.364991
0.378303
0.37169
0.370055
0.372858
0.370119
0.368266
0.375128
0.366139
0.366212
0.364396
0.361571
0.362764
0.3623
0.361207
0.3768
0.361155
0.36816
0.372816
0.371547
0.36468
0.369465
0.373475
0.373392
0.361303
0.368308
0.369111
0.370789
0.368747
0.364076
0.364412
0.361843
0.368544
0.371407
0.361318
0.364313
0.386209
0.378004
0.362558
0.37065
0.3672
0.366573
0.421573
0.383647
0.371011
0.39637
0.404734
0.405474
0.373377
0.364892
0.374862
0.370028
0.400905
0.377105
0.362078
0.455504
0.374848
0.367284
0.359324
0.362102
0.360262
0.370037
0.362756
0.366692
0.370123
0.367083
0.366112
0.369316
0.373749
0.360987
0.368291
0.370183
0.363153
0.370765
0.372898
0.373791
0.362025
0.369427
0.359798
0.361768
0.36787
0.364975
0.37905
0.381262
0.372882
0.409645
0.459249
0.410355
0.412844
0.364425
0.359644
0.381435
0.37368
0.371678
0.375514
0.363132
0.360656
0.380785
0.373303
0.378999
0.379089
0.378432
0.380011
0.357848
0.365269
0.390169
0.460572
0.379221
0.702915
0.383378
0.361005
0.360618
0.391971
0.359833
0.36347
0.364157
0.368403
0.921617
0.360005
0.359516
0.46024
0.61165
0.36559
0.369826
0.369144
0.380445
0.581306
0.523031
0.358166
0.374168
0.364708
0.380156
0.387759
0.376242
0.402163
0.368896
0.3753
0.363749
0.450515
0.398629
0.462918
0.380417
0.367124
0.425088
0.393421
0.62294
0.444965
0.356739
0.857367
0.821185
0.379498
0.368501
0.38136
0.366073
0.387219
0.362291
0.373885
0.434611
0.359929
0.370906
0.367871
0.50072
0.37135
0.464991
0.367734
0.408084
0.370374
0.360554
0.3676
0.376623
0.356537
0.370932
0.368605
0.493106
0.385152
0.382004
0.41023
0.415673
0.364029
0.369725
0.366424
0.375568
0.372164
0.378017
0.361486
0.376638
0.441513
0.77227
0.390927
0.365271
0.361416
0.360588
0.357911
0.384488
0.386566
0.366435
0.367408
0.376496
0.381017
0.368291
0.360271
0.367944
0.359597
0.369363
0.37233
0.360747
0.368714
0.367894
0.358457
0.376835
0.366525
0.36492
0.36286
0.364783
0.359531
0.368718
0.372381
0.357729
0.477704
0.367048
0.359768
0.361081
0.358123
0.378116
0.357699
0.36132
0.36161
0.37078
0.372724
0.379542
0.366155
0.358803
0.365387
0.3637
0.363652
0.359593
0.363314
0.358777
0.366384
0.366147
0.364001
0.367983
0.392223
0.399721
0.38637
0.390549
0.383724
0.374766
0.368386
0.394633
0.363561
0.385039
0.383768
0.364554
0.367632
0.359797
0.359257
0.367294
0.37837
0.372065
0.375085
0.360635
0.360596
0.369487
0.387768
0.363122
0.371176
0.366192
0.372141
0.356778
0.37643
0.364171
0.369653
0.363936
0.366909
0.361681
0.363391
0.376878
0.369082
0.396315
0.367729
0.364096
0.470509
0.376499
0.363476
0.406949
0.36296
0.392942
0.3985
0.364437
0.366469
0.36534
0.364561
0.364415
0.371608
0.370057
0.362976
0.359183
0.36736
0.363304
0.366614
0.366547
0.363068
0.366503
0.437705
0.378495
0.755415
0.369488
0.364911
0.367121
0.366255
0.367134
0.358208
0.377592
0.375043
0.365014
0.36632
0.355868
0.359831
0.361561
0.368632
0.363522
0.370042
0.381477
0.360998
0.394924
0.361304
0.363226
0.373014
0.363062
0.373766
0.363504
0.359996
0.361362
0.357685
0.362396
0.36306
0.367724
0.365879
0.357832
0.364058
0.362034
0.389071
0.361121
0.717601
0.453179
0.400849
0.799302
0.371561
0.367418
0.360661
0.364642
0.45524
0.509731
0.426573
0.363325
0.358112
0.377587
0.369897
0.362495
0.365966
0.371565
0.483096
0.491226
0.452039
0.373057
0.372226
0.380592
0.367325
0.361088
0.37119
0.385789
0.366508
0.366127
0.365561
0.365879
0.366368
0.364611
0.364321
0.369167
0.367911
0.366407
0.371856
0.381772
0.369273
0.374871
0.433319
0.354217
0.364585
0.361057
0.370208
0.370578
0.380086
0.374867
0.368272
0.366158
0.369841
0.361856
0.365893
0.369811
0.364953
0.36414
0.363284
0.387608
0.366702
0.369967
0.365659
0.375077
0.368443
0.367739
0.379526
0.385565
0.369772
0.375134
0.370348
0.389913
0.388964
0.370601
0.381798
0.388443
0.38236
0.37958
0.369218
0.36338
0.37625
0.378865
0.384216
0.37731
0.402055
0.368889
0.384819
0.368035
0.397324
0.393026
0.374405
0.38129
0.372979
0.365211
0.372441
0.382052
0.371078
0.393202
0.36592
0.377027
0.385053
0.39083
0.386062
0.388515
0.380081
0.382737
0.360522
0.376117
0.37185
0.36042
0.358652
0.365871
0.362156
0.362784
0.363289
0.353199
0.356533
0.365569
0.369036
0.369747
0.366688
0.384689
0.362543
0.370251
0.369304
0.371139
0.369618
0.419662
0.40365
0.379747
0.367633
0.414288
0.41386
0.367332
0.369644
0.362933
0.370335
0.36925
0.372369
0.378737
0.373873
0.390606
0.379469
0.370258
0.371568
0.385594
0.373893
0.368169
0.396305
0.37408
0.370135
0.361774
0.36679
0.364891
0.384687
0.374942
0.371698
0.367782
0.39551
0.364966
0.364944
0.368259
0.383395
0.369699
0.364914
0.365174
0.364669
0.365874
0.375331
0.363647
0.370217
0.362614
0.379538
0.37312
0.370978
0.375034
0.372834
0.365989
0.369364
0.368987
0.373835
0.364992
0.370554
0.367659
0.365292
0.368816
0.379711
0.38893
0.385835
0.428486
0.379826
0.387303
0.385979
0.379558
0.379587
0.402742
0.386164
0.367162
0.36814
0.364317
0.379173
0.37977
0.38203
0.362819
0.389494
0.361055
0.363322
0.360189
0.362193
0.365243
0.374373
0.394421
0.377335
0.381435
0.374659
0.373208
0.362543
0.381221
0.363779
0.398843
0.362494
0.361377
0.375077
0.372643
0.376577
0.373777
0.376501
0.37191
0.367976
0.370101
0.369774
0.369472
0.370862
0.370527
0.380344
0.384462
0.366562
0.373058
0.365226
0.364198
0.362977
0.363851
0.363869
0.811191
0.550167
0.364343
0.361786
0.359587
0.368948
0.369452
0.368258
0.369641
0.367444
0.369982
0.366692
0.372079
0.361709
0.361852
0.360689
0.360129
0.360031
0.786844
0.405144
0.364943
0.369812
0.376068
0.357433
0.364905
0.371154
0.362382
0.361445
0.371904
0.373777
0.367282
0.373376
0.369153
0.379497
0.367524
0.371191
0.373586
0.367614
0.3617
0.385758
0.383895
0.385988
0.370242
0.369378
0.377887
0.364209
0.371167
0.378493
0.380676
0.378016
0.38542
0.362584
0.382774
0.371206
0.385337
0.3705
0.370218
0.370011
0.369338
0.372041
0.36893
0.370717
0.36472
0.366491
0.365288
0.379708
0.370445
0.360613
0.358584
0.357806
0.361105
0.361349
0.362523
0.36236
0.366169
0.364176
0.37021
0.364245
0.378699
0.362888
0.372017
0.372538
0.374805
0.36501
0.369456
0.359245
0.379732
0.36116
0.358564
0.363046
0.361512
0.358427
0.360938
0.375437
0.3718
0.388679
0.36654
0.375699
0.366291
0.367552
0.3766
0.373945
0.35467
0.379126
0.365426
0.415291
0.401167
0.360943
0.362561
0.363252
0.383005
0.363768
0.369598
0.362692
0.364956
0.365268
0.360503
0.368853
0.364676
0.363943
0.365516
0.364618
0.360515
0.364143
0.381358
0.368222
0.377492
0.366042
0.357669
0.394745
0.361837
0.364931
0.355088
0.37181
0.377552
0.382673
0.364982
0.362504
0.382947
0.373524
0.37336
0.362892
0.381658
0.359816
0.375948
0.365841
0.371609
0.361598
0.365693
0.364447
0.362067
0.375042
0.363062
0.374734
0.385884
0.381519
0.361049
0.359826
0.359311
0.374448
0.379135
0.364885
0.356785
0.366765
0.37901
0.365369
0.364426
0.365494
0.371818
0.365898
0.357105
0.358362
0.392322
0.359919
0.375085
0.390547
0.363608
0.368491
0.372415
0.365137
0.373842
0.370879
0.392152
0.372296
0.367447
0.367445
0.360273
0.360051
0.368829
0.361767
0.365922
0.360682
0.364161
0.363382
0.365592
0.363389
0.3646
0.360562
0.365347
0.373049
0.374051
0.369698
0.4037
0.372291
0.370284
0.363517
0.367174
0.354444
0.381147
0.363785
0.371318
0.363013
0.364817
0.360422
0.375788
0.379379
0.374892
0.364112
0.807149
0.526907
0.548233
0.400066
0.388645
0.415436
0.362045
0.37294
0.359235
0.367379
0.402205
0.372968
0.374373
0.370506
0.381706
0.367621
0.382018
0.385097
0.374132
0.404096
0.390222
0.404045
0.390318
0.363389
0.360223
0.375486
0.385642
0.363787
0.360405
0.381388
0.383636
0.364173
0.365976
0.367692
0.378501
0.363253
0.368161
0.371121
0.373436
0.366218
0.364398
0.365324
0.376537
0.36888
0.359552
0.363575
0.363282
0.368005
0.367068
0.365821
0.383534
0.39405
0.38729
0.377544
0.388602
0.392171
0.362549
0.373535
0.362982
0.366058
0.370651
0.360579
0.360072
0.367098
0.380531
0.361064
0.38226
0.372889
0.374952
0.366853
0.368286
0.396871
0.391143
0.387351
0.366726
0.368027
0.360235
0.361442
0.377809
0.368918
0.363494
0.361
0.362566
0.36008
0.362927
0.378684
0.361917
0.371284
0.363711
0.392482
0.359684
0.372701
0.36726
0.373635
0.39004
0.367029
0.367137
0.400244
0.377835
0.401127
0.367131
0.364363
0.359489
0.359734
0.378606
0.356776
0.366493
0.373025
0.3645
0.385626
0.367224
0.362808
0.376996
0.397109
0.370402
0.368941
0.369035
0.370383
0.361222
0.363126
0.364254
0.577008
0.36967
0.370269
0.373014
0.371068
0.371302
0.624098
0.524044
0.637369
0.388656
0.376437
0.368811
0.380654
0.400771
0.382545
0.377133
0.368162
0.372301
0.389289
0.372774
0.362405
0.360231
0.367448
0.370587
0.37499
0.381377
0.367209
0.365178
0.370003
0.369603
0.367511
0.393036
0.373513
0.382743
0.360983
0.356104
0.363069
0.370094
0.370386
0.387625
0.391218
0.358719
0.381692
0.37109
0.383203
0.3683
0.368438
0.389287
0.371903
0.365079
0.367949
0.368271
0.372218
0.371224
0.370803
0.369248
0.359501
0.448028
0.405649
0.36597
0.378918
0.361949
0.366485
0.379378
0.363553
0.363167
0.377628
0.364663
0.369573
0.369081
0.371062
0.38196
0.372749
0.37226
0.371661
0.396787
0.38567
0.376286
0.38169
0.376253
0.370085
0.382285
0.372704
0.372741
0.369243
0.374775
0.372098
0.357853
0.37726
0.377771
0.383402
0.370473
0.37053
0.382402
0.359605
0.37168
0.366363
0.367071
0.356719
0.374398
0.359336
0.376384
0.368172
0.384868
0.384663
0.369199
0.384866
0.363472
0.379951
0.374459
0.371651
0.369006
0.370607
0.379312
0.380465
0.365468
0.366442
0.367924
0.369452
0.364684
0.364672
0.430605
0.369452
0.369469
0.370173
0.36445
0.379907
0.414437
0.433816
0.434092
0.420085
0.421728
0.41176
0.371422
0.359147
0.361111
0.391739
0.389229
0.368736
0.399747
0.407157
0.408657
0.361938
0.367596
0.365022
0.369444
0.383234
0.378042
0.355888
0.363998
0.377188
0.363133
0.36402
0.368882
0.366385
0.370468
0.371482
0.363832
0.401568
0.368802
0.366152
0.367059
0.371289
0.36939
0.370196
0.367438
0.371086
0.374746
0.370849
0.361912
0.359728
0.366164
0.394692
0.374023
0.396152
0.362475
0.368128
0.373758
0.364473
0.368313
0.36456
0.371189
0.365917
0.386711
0.355707
0.381869
0.384659
0.378321
0.396619
0.366421
0.364142
0.366439
0.372726
0.364827
0.376827
0.38363
0.365626
0.3629
0.367541
0.364756
0.36202
0.382004
0.357891
0.388599
0.376109
0.37305
0.397897
0.398671
0.377889
0.375146
0.370741
0.385091
0.370484
0.394487
0.360875
0.380022
0.378483
0.362308
0.362662
0.373042
0.365169
0.367539
0.363957
0.369045
0.360543
0.362755
0.378638
0.358644
0.370203
0.380396
0.367531
0.365789
0.366812
0.373361
0.358448
0.359472
0.372553
0.372477
0.363666
0.360632
0.367594
0.375348
0.367325
0.366519
0.358194
0.361677
0.362078
0.378074
0.36983
0.373504
0.366915
0.367151
0.364837
0.368834
0.362065
0.375969
0.369889
0.379354
0.359002
0.371621
0.360574
0.399036
0.367596
0.371097
0.382382
0.383623
0.369787
0.374338
0.372018
0.385589
0.360854
0.366238
0.377955
0.385735
0.365013
0.376148
0.364351
0.369855
0.362362
0.364793
0.385691
0.362412
0.369842
0.361705
0.381289
0.362455
0.368371
0.365084
0.374562
0.380324
0.380216
0.366898
0.366475
0.381745
0.358779
0.365213
0.400252
0.365722
0.366283
0.368748
0.368784
0.378024
0.35891
0.374581
0.362232
0.368775
0.364524
0.365737
0.394147
0.364569
0.362923
0.378673
0.374237
0.369292
0.376769
0.364881
0.373356
0.364964
0.375202
0.369836
0.363771
0.38893
0.366897
0.392214
0.364505
0.362738
0.370006
0.363204
0.365287
0.365271
0.375546
0.36587
0.365336
0.366929
0.393164
0.845316
0.412471
0.366398
0.374461
0.356653
0.365126
0.360148
0.364681
0.364038
0.353971
0.357175
0.359782
0.361194
0.381812
0.368187
0.369797
0.379054
0.366025
0.369186
0.382697
0.375951
0.367956
0.368289
0.370475
0.370847
0.359212
0.383199
0.370629
0.36837
0.358671
0.363361
0.357063
0.387555
0.364918
0.358066
0.366024
0.356798
0.36646
0.361905
0.359781
0.372074
0.366573
0.356283
0.366373
0.36822
0.379338
0.372068
0.361071
0.369736
0.375294
0.383806
0.367092
0.371029
0.368353
0.367397
0.36277
0.367375
0.369602
0.370117
0.410503
0.368157
0.360919
0.360099
0.391041
0.365122
0.404431
0.383848
0.421783
0.352545
0.400479
0.47855
0.937535
0.853708
0.754714
0.3668
0.356381
0.381108
0.385764
0.377026
0.648692
0.628418
0.442141
0.381264
0.421967
0.770409
0.752225
0.374447
0.436971
0.399605
0.414632
0.373921
0.454402
0.370424
0.384166
0.369107
0.406176
0.385976
0.39162
0.380645
0.400947
0.37158
0.375813
0.385898
0.36431
0.363805
0.362928
0.362813
0.364214
0.360634
0.362887
0.367632
0.365445
)
;

boundaryField
{
    outlet
    {
        type            zeroGradient;
    }
    walls
    {
        type            kqRWallFunction;
        value           nonuniform List<scalar> 
516
(
0.381244
0.384868
0.378712
0.389289
0.381082
0.386084
0.37979
0.386596
0.378399
0.388441
0.38015
0.383753
0.38094
0.383362
0.38036
0.386506
0.380338
0.39035
0.383894
0.373487
0.380087
0.390075
0.394358
0.381732
0.381435
0.397772
0.390606
0.393203
0.384688
0.393202
0.400244
0.405062
0.390779
0.399646
0.391913
0.385284
0.384844
0.393164
0.383884
0.393907
0.378194
0.397109
0.401568
0.396152
0.394692
0.396702
0.403602
0.396825
0.382761
0.393452
0.379972
0.391739
0.399484
0.398122
0.380995
0.400347
0.376887
0.382662
0.381962
0.379836
0.387453
0.386898
0.390795
0.383203
0.388309
0.380278
0.401127
0.394784
0.39304
0.387728
0.39717
0.387188
0.393402
0.385405
0.384659
0.394773
0.374896
0.379538
0.378261
0.387095
0.379734
0.389229
0.392095
0.385735
0.383797
0.38448
0.38169
0.385853
0.383436
0.376529
0.383623
0.376759
0.383395
0.378016
0.381289
0.38168
0.383927
0.380694
0.385375
0.378545
0.395061
0.388729
0.384687
0.398914
0.397781
0.387291
0.402552
0.392482
0.39004
0.383684
0.379488
0.383229
0.382632
0.381519
0.389287
0.382402
0.374734
0.385691
0.39096
0.379526
0.382774
0.378759
0.380396
0.378016
0.379265
0.378489
0.374672
0.382382
0.378918
0.376117
0.368396
0.38072
0.383035
0.39551
0.389862
0.382779
0.378004
0.396523
0.384833
0.4037
0.39282
0.386366
0.379607
0.385758
0.383633
0.39175
0.381798
0.396305
0.381447
0.388443
0.390693
0.3911
0.388679
0.378965
0.392665
0.378453
0.369372
0.385521
0.391175
0.38611
0.378167
0.387625
0.381435
0.396097
0.388505
0.396408
0.387557
0.385988
0.376638
0.377939
0.374198
0.394344
0.388053
0.396619
0.375173
0.36536
0.371689
0.38363
0.372209
0.378815
0.383402
0.380216
0.372701
0.378604
0.376774
0.394552
0.384593
0.384472
0.384773
0.392242
0.383872
0.377306
0.378013
0.375568
0.381235
0.375158
0.372834
0.380324
0.379732
0.38731
0.377191
0.37726
0.377771
0.385891
0.37314
0.390169
0.376584
0.377188
0.372164
0.373513
0.378303
0.382743
0.375393
0.381745
0.392491
0.382004
0.368743
0.380576
0.3742
0.374983
0.378017
0.375392
0.374562
0.384304
0.381319
0.369664
0.386644
0.37643
0.378215
0.376827
0.386479
0.378842
0.381812
0.380038
0.378983
0.37932
0.386102
0.392013
0.400899
0.384819
0.401461
0.385883
0.401603
0.383431
0.379409
0.376785
0.380391
0.381867
0.383948
0.38925
0.389039
0.382545
0.381098
0.390939
0.399131
0.39251
0.384862
0.391457
0.383181
0.390443
0.383404
0.382492
0.379747
0.387612
0.385715
0.384689
0.381954
0.380645
0.386533
0.38288
0.387608
0.393036
0.399261
0.379711
0.381952
0.385337
0.38567
0.378483
0.386709
0.388844
0.381221
0.396787
0.375438
0.387574
0.39149
0.377985
0.381385
0.379726
0.3937
0.393029
0.392321
0.374867
0.392829
0.392513
0.383937
0.374852
0.376151
0.38729
0.374787
0.38236
0.373347
0.379951
0.379708
0.3768
0.374768
0.38002
0.39185
0.37948
0.386423
0.387555
0.393333
0.395081
0.391642
0.389742
0.37725
0.379907
0.387534
0.376139
0.385684
0.383547
0.38196
0.388114
0.378371
0.395248
0.38789
0.389258
0.376148
0.379378
0.400575
0.393026
0.37894
0.389003
0.382873
0.385761
0.389295
0.394924
0.381649
0.386669
0.377887
0.378217
0.376767
0.371757
0.384702
0.382536
0.387181
0.384656
0.386079
0.37922
0.376373
0.380022
0.377135
0.384422
0.388067
0.381233
0.384436
0.376919
0.382363
0.383005
0.381553
0.393553
0.378982
0.375866
0.375077
0.384575
0.375641
0.381023
0.375969
0.381014
0.385341
0.378501
0.377817
0.387092
0.375331
0.371188
0.382185
0.383249
0.390007
0.373694
0.381812
0.378682
0.384147
0.383278
0.379441
0.37625
0.370383
0.379338
0.391578
0.38946
0.382299
0.393692
0.398556
0.381147
0.376424
0.375294
0.375775
0.371232
0.381388
0.370374
0.378223
0.375043
0.383636
0.385642
0.37246
0.38136
0.390038
0.381117
0.375486
0.378265
0.381873
0.386022
0.387786
0.377509
0.388898
0.379378
0.373078
0.373885
0.385152
0.371665
0.378638
0.383185
0.380396
0.376835
0.376223
0.374334
0.380685
0.376026
0.374309
0.380003
0.403486
0.39569
0.408255
0.394487
0.383493
0.387351
0.402911
0.381477
0.391143
0.401207
0.391496
0.38893
0.382823
0.381589
0.379276
0.379539
0.38261
0.385097
0.391302
0.396871
0.389374
0.394255
0.385091
0.381446
0.389837
0.392964
0.399404
0.379482
0.383321
0.400246
0.399506
0.387568
0.389418
0.388998
0.398292
0.390568
0.401522
0.38226
0.381656
0.414547
0.398671
0.385961
0.397897
0.392823
0.389494
0.383378
0.385457
0.379976
0.385835
0.378167
0.381692
0.381658
0.391218
0.385589
0.393125
0.384494
0.392593
0.379216
0.385521
0.387307
0.385594
0.388385
0.400947
0.397324
0.406004
0.383385
0.376954
0.382997
0.382398
0.387768
0.38203
0.380756
0.380531
0.399036
0.388599
0.380838
0.376082
0.38292
0.377776
0.380507
0.386972
0.376109
0.391811
0.375514
0.389671
0.38179
0.394147
0.385011
)
;
    }
    inlet
    {
        type            fixedValue;
        value           uniform 0.375;
    }
    model
    {
        type            kqRWallFunction;
        value           nonuniform List<scalar> 
15
(
0.827731
0.821185
0.88808
0.755415
0.882277
0.857367
0.859613
0.791126
0.714231
0.717601
0.712821
0.6738
0.637369
0.603685
0.631371
)
;
    }
    procBoundary6to3
    {
        type            processor;
        value           nonuniform List<scalar> 
51
(
0.357692
0.37968
0.368797
0.378231
0.371476
0.374929
0.36791
0.363218
0.364931
0.352265
0.398727
0.364091
0.368241
0.363237
0.369045
0.376733
0.363755
0.365732
0.357764
0.365504
0.371231
0.376753
0.360193
0.364802
0.388663
0.371476
0.365495
0.365495
0.365496
0.366902
0.364899
0.381657
0.357893
0.37047
0.357166
0.364687
0.374929
0.368053
0.369976
0.368507
0.377629
0.369214
0.372295
0.365496
0.372295
0.370889
0.364091
0.366532
0.365749
0.363436
0.383321
)
;
    }
    procBoundary6to4
    {
        type            processor;
        value           nonuniform List<scalar> 
32
(
0.357421
0.36947
0.364001
0.367168
0.367168
0.364171
0.36544
0.365286
0.378152
0.361431
0.357317
0.360094
0.364366
0.363299
0.361827
0.377542
0.36544
0.361979
0.363759
0.358639
0.35993
0.370683
0.362642
0.364607
0.358602
0.363533
0.370194
0.357827
0.375116
0.36414
0.36414
0.362669
)
;
    }
    procBoundary6to7
    {
        type            processor;
        value           nonuniform List<scalar> 
87
(
0.38637
0.364901
0.368723
0.367333
0.390371
0.398142
0.365092
0.358656
0.364462
0.36593
0.365574
0.365574
0.368562
0.369343
0.36403
0.370146
0.362499
0.362499
0.365963
0.364675
0.360419
0.364193
0.359126
0.36316
0.363056
0.39175
0.363715
0.366151
0.364901
0.371101
0.364231
0.364231
0.364448
0.357996
0.365847
0.386791
0.367661
0.38614
0.365411
0.366136
0.377049
0.363468
0.363658
0.3609
0.389132
0.366626
0.38637
0.384619
0.364669
0.364471
0.364646
0.361847
0.368127
0.362021
0.397837
0.385071
0.385071
0.362021
0.367641
0.362105
0.36461
0.362671
0.362264
0.363214
0.370121
0.363214
0.369023
0.370002
0.366682
0.382049
0.367293
0.36403
0.392851
0.365451
0.394027
0.365859
0.376202
0.36817
0.3609
0.363918
0.371546
0.378987
0.361372
0.362105
0.386648
0.372449
0.380342
)
;
    }
    procBoundary6to8
    {
        type            processor;
        value           nonuniform List<scalar> 
92
(
0.668993
0.458452
0.460745
0.506812
0.379179
0.447535
0.50863
0.745936
0.429377
0.475157
0.374063
0.37138
0.408015
0.381472
0.414908
0.443406
0.419408
0.376109
0.44941
0.41065
0.559699
0.395129
0.510265
0.533625
0.810726
0.96602
0.408539
0.74096
0.439216
0.37138
0.473453
0.50756
0.511676
0.425651
0.421192
0.450748
0.507647
0.471341
0.533769
0.614679
0.774322
0.872806
0.434083
0.396084
0.384307
0.799738
0.416142
0.370321
0.367095
0.433394
0.364967
0.405757
0.685737
0.460745
0.376674
0.40352
0.422595
0.493896
0.421543
0.483661
0.511676
0.747667
0.448885
0.874394
0.376674
0.381851
0.584542
0.572389
0.426153
0.584542
0.440995
0.389627
0.42098
0.388505
0.648698
0.491855
0.540551
0.514339
0.450941
0.438942
0.410822
0.390129
0.38539
0.968425
0.396134
0.575912
0.41503
0.417723
0.406474
0.413052
0.413052
0.399522
)
;
    }
    procBoundary6to9
    {
        type            processor;
        value           nonuniform List<scalar> 
131
(
0.758047
0.387698
0.388479
0.388853
0.368269
0.424923
0.438421
0.36621
0.362748
0.371876
0.394398
0.365161
0.426438
0.382744
0.372133
0.365637
0.384484
0.393634
0.369907
0.368027
0.38589
0.393401
0.383721
0.373304
0.372
0.375033
0.37034
0.367144
0.36408
0.540465
0.37542
0.385386
0.365726
0.366613
0.613617
0.505536
0.378281
0.367105
0.446737
0.395157
0.419574
0.45258
0.494279
0.436342
0.793876
0.365535
0.365704
0.377171
0.378381
0.597107
0.381836
0.37946
0.396535
0.401897
0.403861
0.389824
0.365421
0.40769
0.418134
0.497695
0.375318
0.365421
0.38061
0.38307
0.420056
0.629476
0.393551
0.399981
0.415868
0.381318
0.367876
0.390571
0.367193
0.472063
0.378185
0.367309
0.674569
0.564384
0.393401
0.545516
0.679586
0.38415
0.485864
0.366168
0.501998
0.387091
0.378237
0.374022
0.364512
0.392054
0.395206
0.568708
0.822299
0.406779
0.336963
0.438421
0.411554
0.37725
0.38396
0.391311
0.367222
0.415738
0.368484
0.370106
0.657534
0.36722
0.525128
0.376338
0.402998
0.803695
0.396239
0.408702
0.416413
0.395514
0.402311
0.394039
0.386574
0.381309
0.371739
0.402998
0.398221
0.43681
0.409952
0.381693
0.37113
0.36526
0.362024
0.374079
0.368523
0.397025
0.366858
)
;
    }
    procBoundary6to11
    {
        type            processor;
        value           nonuniform List<scalar> 
128
(
0.369506
0.373955
0.356496
0.389494
0.373673
0.352702
0.385045
0.367231
0.367231
0.403358
0.392811
0.370021
0.369249
0.369249
0.363232
0.366033
0.372238
0.404905
0.395493
0.443678
0.370313
0.367439
0.358127
0.847512
0.906642
0.910518
0.379254
0.366715
0.389494
0.36326
0.489605
0.363507
0.361378
0.377943
0.364262
0.400329
0.438188
0.605717
0.5148
0.47749
0.442736
0.703917
0.50923
0.38314
0.381709
0.393213
0.358894
0.364458
0.388199
0.367314
0.939058
0.369928
0.373211
0.3669
0.355226
0.400329
0.36539
0.373716
0.366303
0.365587
0.363186
0.724852
0.360793
0.605717
0.368296
0.365356
0.368491
0.380565
0.413289
0.369228
0.47749
0.36325
0.36118
0.373001
0.44458
0.371812
0.376345
0.370397
0.385962
0.365913
0.365434
0.370216
0.37655
0.371916
0.367221
0.35411
0.355688
0.36534
0.357813
0.360183
0.36932
0.362439
0.364165
0.362483
0.365643
0.834869
0.486533
0.391197
0.391197
0.448525
0.365996
0.362517
0.380712
0.371041
0.365122
0.36754
0.358033
0.361041
0.365463
0.36815
0.370761
0.371043
0.370744
0.364561
0.366488
0.363118
0.375612
0.385135
0.375112
0.36829
0.36829
0.378966
0.372131
0.36095
0.375612
0.422527
0.714504
0.370515
)
;
    }
}


// ************************************************************************* //
