/*--------------------------------*- C++ -*----------------------------------*\
| =========                 |                                                 |
| \\      /  F ield         | OpenFOAM: The Open Source CFD Toolbox           |
|  \\    /   O peration     | Version:  2506                                  |
|   \\  /    A nd           | Website:  www.openfoam.com                      |
|    \\/     M anipulation  |                                                 |
\*---------------------------------------------------------------------------*/
FoamFile
{
    version     2.0;
    format      ascii;
    arch        "LSB;label=32;scalar=64";
    class       volScalarField;
    location    "0.0207921";
    object      nut;
}
// * * * * * * * * * * * * * * * * * * * * * * * * * * * * * * * * * * * * * //

dimensions      [0 2 -1 0 0 0 0];

internalField   nonuniform List<scalar> 
3989
(
0.00743318
0.00738341
0.00751442
0.0073929
0.00753526
0.0073802
0.00742828
0.00750777
0.00539354
0.0056337
0.00261655
0.00456759
0.00304732
0.00737785
0.00563278
0.0051895
0.00745174
0.00588257
0.00721386
0.00748972
0.00472178
0.00577454
0.00704622
0.00725514
0.00747446
0.00586786
0.00461086
0.00746789
0.00610763
0.00742777
0.00509625
0.00504729
0.00682652
0.00742391
0.00246458
0.00508717
0.00736327
0.00734242
0.00484179
0.00678063
0.00653014
0.00747236
0.0047483
0.0058328
0.00418443
0.00745793
0.00743022
0.00398401
0.00749287
0.00382433
0.00744095
0.00721561
0.00582223
0.00742157
0.00749571
0.00734459
0.00745436
0.00510135
0.00279802
0.00458609
0.00488415
0.00213551
0.000669988
0.000709871
0.00667714
0.00737569
0.00560936
0.00754792
0.00612986
0.00486728
0.00300688
0.00701681
0.00749601
0.00744827
0.00690339
0.00729179
0.00738683
0.00582102
0.00722027
0.00723392
0.00711292
0.00387117
0.00539181
0.00745644
0.00751958
0.00192717
0.00749861
0.00504015
0.00750501
0.0056061
0.00745405
0.0048183
0.00439347
0.00697086
0.00713613
0.00738662
0.00720579
0.00595836
0.00737038
0.00465052
0.00541984
0.00425866
0.00479527
0.0028508
0.0053386
0.00749072
0.00632799
0.00526809
0.00562718
0.00298362
0.00618306
0.00736969
0.00382185
0.00489666
0.00716721
0.00361465
0.00395101
0.00525625
0.00473669
0.00373957
0.0066687
0.00741684
0.00723196
0.00749999
0.00736968
0.00751662
0.00733254
0.00755072
0.00443064
0.00535192
0.00392708
0.00286587
0.0039225
0.00338465
0.00334676
0.00349437
0.00722263
0.00595137
0.00563377
0.00539
0.00473388
0.0059207
0.00449187
0.00748711
0.00747926
0.00264502
0.00732594
0.00386705
0.00540861
0.00609956
0.00746201
0.00500464
0.00497647
0.00498595
0.00231488
0.00227952
0.00754731
0.00681147
0.00562209
0.00295513
0.00742296
0.00741853
0.00539115
0.00390105
0.00391748
0.0060938
0.00735426
0.00436833
0.00746053
0.00445609
0.00672749
0.00754249
0.00378161
0.00682545
0.00473037
0.00709464
0.00745812
0.00748266
0.00267229
0.00660173
0.00444225
0.00745634
0.00505673
0.00745727
0.00379532
0.00479576
0.00722072
0.00460685
0.00553642
0.00740631
0.00731934
0.00519536
0.00418144
0.00197647
0.00756446
0.00201152
0.000694593
0.00474378
0.00681011
0.0074507
0.0042033
0.00479155
0.00259322
0.0043294
0.00255983
0.00576611
0.00728729
0.00560871
0.00184117
0.00224281
0.00624291
0.00127962
0.00185381
0.00652167
0.00636187
0.00137246
0.00160006
0.00391956
0.00436128
0.00746232
0.00743399
0.00727187
0.00746399
0.0073249
0.00396869
0.00549479
0.00677134
0.00737402
0.00447446
0.00752058
0.00411263
0.00313892
0.00503272
0.00653432
0.007465
0.00196379
0.00373924
0.00510088
0.00722551
0.00679788
0.00674547
0.00742952
0.00566731
0.0028883
0.00285109
0.00753783
0.00288381
0.00343043
0.00573351
0.00538339
0.00289503
0.00751233
0.00457985
0.00613834
0.00437351
0.00730999
0.00396057
0.00461999
0.00742765
0.00751667
0.00691831
0.007392
0.00499602
0.00738711
0.00435894
0.00327854
0.00745481
0.00160127
0.00410359
0.00373612
0.00365607
0.00358726
0.00356169
0.00693138
0.00355432
0.00434698
0.00350826
0.00374285
0.00714816
0.00180926
0.00568718
0.00638983
0.00250807
0.0064026
0.00721622
0.00707887
0.00624751
0.002796
0.00221285
0.00206355
0.00351219
0.00352881
0.00344732
0.00651036
0.0047182
0.00724265
0.00746961
0.0047423
0.000902126
0.00150038
0.00699095
0.00248865
0.00243439
0.00318031
0.00245206
0.00191147
0.00709575
0.00445147
0.00633799
0.007398
0.00747645
0.00750255
0.00157415
0.00103193
0.00576858
0.00350061
0.00752073
0.00554377
0.00731827
0.00721708
0.00357387
0.00645539
0.0058576
0.00734805
0.00495152
0.00308919
0.00439153
0.00478035
0.00290094
0.00713962
0.00745031
0.00748029
0.00438143
0.00723501
0.00751752
0.00666497
0.00627375
0.00674763
0.00378462
0.00535802
0.00199527
0.00424224
0.00473896
0.00460454
0.00751173
0.00386779
0.000709278
0.00742031
0.00734002
0.00686022
0.00345326
0.00711128
0.00712116
0.00684874
0.00732281
0.00446186
0.00334316
0.00424379
0.000308716
0.00575322
0.00575443
0.00338952
0.00737615
0.000398129
0.00156469
0.00443301
0.0050279
0.00373443
0.00729781
0.00537373
0.00407397
0.00688364
0.00295094
0.00692921
0.00613727
0.00749816
0.00673577
0.00741239
0.00456242
0.00636792
0.00334067
0.00563176
0.0060298
0.0040799
0.00271933
0.00280333
0.00445659
0.00231698
0.00509063
0.00368339
0.00732003
0.00254301
0.00747587
0.00369598
0.00360949
0.00749824
0.00745813
0.00296705
0.00397167
0.00652855
0.0066695
0.00534546
0.00528273
0.00336866
0.00597471
0.00709946
0.00743782
0.00152377
0.00474605
0.00300539
0.00739515
0.00206304
0.0068867
0.000575272
0.00418261
0.00110222
0.00743066
0.00745773
0.00725617
0.00379828
0.000791093
0.0042471
0.00426635
0.000294553
0.00743154
0.00735032
0.00744279
0.000954082
0.00279518
0.00659736
0.00661695
0.0038751
0.00733398
0.00738219
0.000928081
0.00733869
0.00741663
0.00411649
0.00707836
0.00750388
0.00735766
0.00362654
0.00500512
0.00361918
0.00733716
0.00741686
0.00579048
0.00623814
0.0022309
0.00743739
0.00564253
0.00470596
0.0045148
0.007389
0.00229496
0.00705967
0.00307956
0.00386486
0.00753748
0.00745505
0.00660589
0.00599037
0.00251103
0.00366082
0.00249572
0.004935
0.00421525
0.00420364
0.00213276
0.00624861
0.00309732
0.00210428
0.00554146
0.00255976
0.00642311
0.00449604
0.00404559
0.00321621
0.00317953
0.0034319
0.00237806
0.00466923
0.00590202
0.00414859
0.00753187
0.00747607
0.00363221
0.00238996
0.0041394
0.00743939
0.00337622
0.00754382
0.00537175
0.00746114
0.00736141
0.00618766
0.00688529
0.00698467
0.00744168
0.00543552
0.00754641
0.00578673
0.0065587
0.00663641
0.00551488
0.00366108
0.00357435
0.00563993
0.00488081
0.00514528
0.00741692
0.00354754
0.00370397
0.00669438
0.00393164
0.00379271
0.00450913
0.00722305
0.00422824
0.00717631
0.00695174
0.00526309
0.00422405
0.00646886
0.00293909
0.00734232
0.00750725
0.00465301
0.00684742
0.00751703
0.0047874
0.00715942
0.00351099
0.00740655
0.00658964
0.00374349
0.00485093
0.00510602
0.00343269
0.0059142
0.00751625
0.00571675
0.00469403
0.000267313
0.000621543
0.00733205
0.00704755
0.00741191
0.00509498
0.00753111
0.00746684
0.00661638
0.0033826
0.00272888
0.00413534
0.00604549
0.00481364
0.00459163
0.00747307
0.0072572
0.00339668
0.00279253
0.00644726
0.00566587
0.00715564
0.00751863
0.00498687
0.00669283
0.00541951
0.00732737
0.00719563
0.00749528
0.00493236
0.00101974
0.00745669
0.00521036
0.00740273
0.00706289
0.00754381
0.00358373
0.00690195
0.00587556
0.00715509
0.00245409
0.00574711
0.00740719
0.00556553
0.00664169
0.00739077
0.00745003
0.00684154
0.0074683
0.00737146
0.000422998
0.000604466
0.00327653
0.00749413
0.005088
0.00463752
0.00433521
0.00735683
0.00742362
0.00650212
0.00575521
0.00742682
0.0075362
0.00731238
0.0074437
0.0057597
0.00749304
0.00463509
0.00377464
0.00749667
0.00749279
0.00623386
0.00713322
0.00453983
0.00433388
0.0071514
0.00327642
0.00442994
0.00737288
0.00611846
0.00521926
0.00751653
0.00374985
0.00734889
0.00738647
0.00739072
0.00418981
0.00741676
0.00727425
0.00730715
0.00719756
0.00748419
0.00738766
0.0074953
0.00543526
0.00740509
0.0074224
0.00518157
0.00748473
0.00681401
0.00733967
0.00735976
0.00659848
0.00737609
0.00750883
0.00339441
0.00739226
0.00522086
0.00692322
0.00573664
0.00729587
0.00392593
0.0073948
0.00745683
0.00758041
0.00451246
0.0053395
0.00483616
0.00371339
0.00667325
0.00732384
0.00683465
0.00585665
0.0048832
0.0066093
0.00276114
0.00731023
0.0075441
0.0071835
0.00280292
0.00570556
0.00728889
0.0059953
0.00333554
0.00459797
0.00266641
0.00650844
0.00511334
0.00748582
0.0074843
0.00746604
0.00745582
0.0074498
0.00730395
0.00448052
0.00700769
0.00624323
0.00709197
0.00744683
0.0074588
0.004174
0.00588184
0.0073229
0.0048169
0.00733063
0.00555063
0.00697911
0.0024303
0.00746454
0.00247956
0.00748876
0.00564511
0.004223
0.00666462
0.00325658
0.00727762
0.00396272
0.00749811
0.00329642
0.00744558
0.00744949
0.00734917
0.00279808
0.00726364
0.00660781
0.00278178
0.00749661
0.00327992
0.00676378
0.00432502
0.00449699
0.00533086
0.0045331
0.00734506
0.00732599
0.00754339
0.00732692
0.00331549
0.00747406
0.00749588
0.00742112
0.00747787
0.00746812
0.00566269
0.00448229
0.00747627
0.00723339
0.00743499
0.00750704
0.003957
0.00610953
0.000746389
0.0074614
0.00533156
0.000823082
0.00570795
0.00479257
0.00383113
0.00478355
0.00624186
0.0059386
0.00063833
0.00040328
0.000328401
0.00593472
0.00747284
0.00738486
0.0075404
0.00752007
0.00726729
0.00748302
0.00740646
0.00748965
0.00690243
0.0050091
0.00337444
0.00738985
0.0071795
0.00476449
0.00663721
0.00359237
0.00698619
0.00252723
0.00746901
0.00699272
0.00391938
0.00742405
0.00744059
0.00539203
0.00740347
0.0066669
0.00442113
0.00755912
0.00688886
0.00556513
0.00640999
0.00559742
0.00708452
0.00718853
0.00554631
0.00595228
0.00754797
0.00755065
0.00582724
0.00744015
0.00337516
0.00754298
0.00465859
0.00460778
0.00467461
0.00476109
0.00744664
0.0075518
0.00752643
0.00748238
0.00613825
0.00607931
0.00685035
0.00690615
0.0075281
0.00736229
0.00459003
0.00178031
0.0014624
0.00215747
0.00158491
0.00743121
0.00548668
0.00473077
0.00535224
0.00730039
0.003027
0.00248002
0.00417614
0.00752685
0.00693682
0.00465662
0.00707781
0.00324122
0.00742814
0.00705821
0.00587731
0.00744941
0.00663
0.007017
0.00748092
0.00618468
0.00754638
0.00740432
0.0011248
0.00191516
0.00758756
0.00740792
0.00627125
0.00352411
0.0058298
0.00723044
0.00729499
0.00735425
0.0022576
0.00467555
0.00440948
0.00664368
0.00752041
0.00632211
0.00715145
0.00433184
0.00601123
0.00705335
0.00748457
0.00751252
0.0045573
0.0070452
0.00745794
0.000337656
0.000891882
0.00749236
0.00733598
0.00121465
0.00401896
0.00269655
0.000835372
0.0074721
0.00359056
0.00691857
0.00269495
0.00569301
0.00740804
0.000907477
0.00748057
0.00734022
0.00128952
0.00254786
0.00747922
0.00554634
0.00520423
0.00547032
0.00466385
0.00703931
0.00674723
0.00689424
0.00410191
0.00424413
0.00740305
0.00289468
0.004667
0.00695525
0.00161926
0.00745289
0.00144423
0.00707155
0.00701345
0.00147931
0.000728117
0.001106
0.00163901
0.000419197
0.00105188
0.00549979
0.00522029
0.00632354
0.000630752
0.000567627
0.00747816
0.00209237
0.00381604
0.000330411
0.00206236
0.00173872
0.00752734
0.00540776
0.00619018
0.00504106
0.00746744
0.0064078
0.00627394
0.0074273
0.000896245
0.00706998
0.00414705
0.00746255
0.00740265
0.00541473
0.00426889
0.00366501
0.00725629
0.00351661
0.000313491
0.000870911
0.00305335
0.00282738
0.00574046
0.00119364
0.00693688
0.00696442
0.00483632
0.00736085
0.00356026
0.00658386
0.00642508
0.0039546
0.00209516
0.00545349
0.00437697
0.00453996
0.00485012
0.00641932
0.00742218
0.00677529
0.00450028
0.00746486
0.00750041
0.00746708
0.00734793
0.00552167
0.00352523
0.00749168
0.00683502
0.0060185
0.00733761
0.00745775
0.00749523
0.00192876
0.00729891
0.00745976
0.00740676
0.00687404
0.00701604
0.00734868
0.00737336
0.00699055
0.00581089
0.00381081
0.0053383
0.00703156
0.00740843
0.00724108
0.00745073
0.0059582
0.00741875
0.00742991
0.00730653
0.00387889
0.00716459
0.00712651
0.00748547
0.00651228
0.00747002
0.00744162
0.00751943
0.00673939
0.00398902
0.00658324
0.00673101
0.00535273
0.00754851
0.00690573
0.0073328
0.00743562
0.00717692
0.00394288
0.00608319
0.00495133
0.00501428
0.0065211
0.00364642
0.00691062
0.00669864
0.00535374
0.00636228
0.00683588
0.00684541
0.00728999
0.00602079
0.00753098
0.00743458
0.00744197
0.00749047
0.00584581
0.00748321
0.00719514
0.00732564
0.00378384
0.00707823
0.00710896
0.00654355
0.00587449
0.00701422
0.00749371
0.00753291
0.00753258
0.00753137
0.00425794
0.00486341
0.0037571
0.0035898
0.00738366
0.00304045
0.00417923
0.00720055
0.00746508
0.00748164
0.00727555
0.00697784
0.00668349
0.00624109
0.0060298
0.00273245
0.00270589
0.00738353
0.0074019
0.00751588
0.0038617
0.0074313
0.00746465
0.0071054
0.0070868
0.00748438
0.00747991
0.00735969
0.0067951
0.00635017
0.00726821
0.00688178
0.00680765
0.00330684
0.00305801
0.00128648
0.00127907
0.0028165
0.00703205
0.00753538
0.00753237
0.00751625
0.00749057
0.0059658
0.00408529
0.00661368
0.00520495
0.00577234
0.00388429
0.00391361
0.00422555
0.00745826
0.00747108
0.00749228
0.00643437
0.00734831
0.00625205
0.00587119
0.000377013
0.00723876
0.00744561
0.0037556
0.00731142
0.00685125
0.00749277
0.00699872
0.0047634
0.00361241
0.00695416
0.00595403
0.00746456
0.00737821
0.0055697
0.00299124
0.00704649
0.00694646
0.00342882
0.00084611
0.00218444
0.00725282
0.00558529
0.00747744
0.00112544
0.000832199
0.00115491
0.00205995
0.00329182
0.00184368
0.00735439
0.0036022
0.00445373
0.00457171
0.00748927
0.0040748
0.00729156
0.00735952
0.00390214
0.00739231
0.00361991
0.00330038
0.0056181
0.00742518
0.00722177
0.00641201
0.00741357
0.00371464
0.00745507
0.00557508
0.00741109
0.00719617
0.00749999
0.00728238
0.00750286
0.00280284
0.00736129
0.00679132
0.00696194
0.00718806
0.0069969
0.00475303
0.00742711
0.00738519
0.00661244
0.00119694
0.00701005
0.00738908
0.00562562
0.00610777
0.00576748
0.00739413
0.00737896
0.00741533
0.00738016
0.00739272
0.0061525
0.00544477
0.0066955
0.00574816
0.00743026
0.00740223
0.00506853
0.00580602
0.00738673
0.00718004
0.00624118
0.00501326
0.00711996
0.00555041
0.00731364
0.00741908
0.00719005
0.00716741
0.00730175
0.00575773
0.00549561
0.00749511
0.00677926
0.00639471
0.00725849
0.00518228
0.00391282
0.00680641
0.00728947
0.00418308
0.00748902
0.00501934
0.00480649
0.00623105
0.00696951
0.00698634
0.00582045
0.0058365
0.0071021
0.00736991
0.00513153
0.00749026
0.00736749
0.007284
0.00738917
0.00735756
0.00738069
0.00649271
0.00733644
0.0062107
0.00454753
0.00737503
0.00617716
0.00700219
0.00683274
0.00662684
0.00748301
0.00678708
0.00729227
0.00734688
0.00736446
0.00735391
0.00721045
0.00744761
0.0050077
0.00728895
0.0016741
0.00482871
0.0051999
0.00705655
0.00410631
0.00347971
0.00731662
0.00749214
0.00381531
0.00369537
0.00469549
0.00714243
0.00749706
0.00342104
0.00320657
0.0033258
0.00506795
0.00398248
0.00526463
0.00399923
0.006595
0.00746687
0.00453477
0.0073604
0.00537728
0.00723305
0.00728069
0.00411769
0.00340038
0.00267088
0.00215851
0.00748521
0.00716986
0.00526983
0.0075204
0.00538748
0.00749432
0.00529194
0.0054437
0.00485766
0.00430685
0.00417537
0.0051706
0.00542965
0.00729505
0.00348902
0.00745215
0.00749064
0.00747465
0.00746161
0.00748876
0.0047991
0.00436727
0.00746481
0.00597045
0.00718088
0.00728423
0.00358489
0.00617697
0.00754785
0.00445314
0.00446622
0.00393071
0.00695269
0.00744041
0.00585374
0.00657893
0.00632183
0.00510035
0.00678836
0.00750997
0.00699521
0.00724026
0.00468004
0.00681685
0.00551609
0.00378182
0.00562127
0.0071327
0.00749928
0.00736439
0.00333635
0.0037843
0.00363672
0.00439599
0.00725526
0.00478716
0.0037615
0.00417487
0.00480626
0.00746019
0.00676914
0.00500692
0.00740475
0.00748589
0.00477432
0.006889
0.00270161
0.00321099
0.00340862
0.000874768
0.00427099
0.000960392
0.000715935
0.00749287
0.0066575
0.00595365
0.00712044
0.00579896
0.00727621
0.00554932
0.00746237
0.0069694
0.00666632
0.00350981
0.00741277
0.00740598
0.00720108
0.00715789
0.00365184
0.00534556
0.00717143
0.00743782
0.00721957
0.0074607
0.00749313
0.00731519
0.00252792
0.00751017
0.00741498
0.00753343
0.00741137
0.00719114
0.00742312
0.00747986
0.00567874
0.00731394
0.00753288
0.00752664
0.00752354
0.0074803
0.00467658
0.00500155
0.00537787
0.00731443
0.00645623
0.00595188
0.00740952
0.00695113
0.00523003
0.00752416
0.00752861
0.00752298
0.00649391
0.00747353
0.00749336
0.00750013
0.00748452
0.00744296
0.00732094
0.00740645
0.00745816
0.0074067
0.00731465
0.007409
0.0074739
0.00527819
0.00727687
0.00710174
0.00742239
0.00653326
0.0073587
0.00263832
0.00753125
0.00745503
0.0050551
0.00433352
0.00538903
0.00744616
0.00456083
0.00747163
0.00482472
0.00673709
0.00536373
0.00647761
0.00746096
0.00750495
0.000478172
0.000566093
0.000375662
0.000315337
0.000173264
0.000653201
0.00737215
0.0062089
0.00511815
0.00741425
0.00742801
0.00734327
0.0069892
0.00675012
0.00512171
0.00336943
0.00571995
0.00159195
0.00214793
0.00309579
0.00658674
0.00718274
0.000674379
0.00725582
0.00489566
0.00348091
0.00742234
0.00697158
0.00754614
0.00665107
0.00750043
0.00353087
0.00444346
0.00535287
0.00631653
0.00748424
0.00655575
0.00513377
0.00560217
0.00375261
0.00435968
0.00103396
0.00635887
0.001624
0.00640584
0.00490043
0.00350224
0.0052324
0.00416085
0.00375834
0.0063029
0.00732338
0.00183544
0.00730513
0.000706344
0.004996
0.00750678
0.00548476
0.0050026
0.00286625
0.00382643
0.00743336
0.00697317
0.0073539
0.00745331
0.00303229
0.00608538
0.00739568
0.00435176
0.00384967
0.00450509
0.007549
0.00267014
0.00680643
0.0035101
0.00698716
0.00709614
0.000686444
0.00609794
0.000766695
0.000775747
0.00742757
0.00723636
0.00554511
0.0075514
0.00747129
0.00613573
0.00739331
0.00699135
0.0061981
0.00357011
0.007388
0.0071972
0.00715508
0.00587705
0.00576021
0.00667506
0.00558503
0.00250196
0.00750091
0.00682251
0.00357831
0.00374094
0.0050198
0.00481183
0.00418863
0.00542469
0.00424397
0.00754813
0.00451909
0.00716564
0.00352045
0.00700556
0.00558619
0.000895621
0.00413326
0.00712059
0.00359322
0.00695535
0.00724543
0.00422772
0.00453446
0.00498977
0.00482406
0.00688026
0.00686571
0.00466947
0.00532974
0.00743978
0.00693953
0.00666554
0.00176939
0.00439362
0.000885943
0.000945741
0.00716856
0.0061117
0.000686859
0.00133442
0.00603837
0.0071702
0.00681574
0.00742551
0.00491967
0.000711995
0.00480818
0.00405192
0.00750342
0.0036164
0.00691708
0.00594333
0.00698872
0.00439411
0.00736616
0.00409575
0.00334162
0.0043675
0.0059746
0.00413802
0.00726209
0.00698469
0.00734712
0.00132788
0.0046902
0.00115653
0.00500287
0.00091497
0.000605345
0.00374999
0.00270766
0.00542722
0.00616443
0.00354185
0.00422501
0.00245547
0.00205772
0.00209502
0.00742633
0.00710209
0.00746968
0.00138328
0.00715064
0.00494292
0.00453644
0.0074986
0.00748426
0.00276007
0.000722375
0.00510255
0.00417746
0.00278164
0.00738068
0.00749196
0.0074676
0.00322929
0.00742448
0.00742626
0.00492268
0.00512034
0.000320849
0.00712138
0.00286824
0.00397829
0.00752678
0.00718769
0.00735805
0.00749484
0.00560128
0.00601692
0.00555588
0.00743531
0.00510791
0.00521724
0.00471262
0.0073537
0.00448897
0.00677693
0.00585444
0.00541422
0.00717603
0.00558499
0.00589575
0.00622852
0.00691227
0.00739303
0.00737219
0.00408822
0.00587927
0.0074008
0.00442995
0.00499734
0.00335654
0.00426509
0.0046105
0.00438966
0.00442517
0.00749966
0.00747288
0.00744537
0.00742275
0.00379801
0.00717707
0.00312708
0.00537801
0.00526626
0.00253229
0.00737211
0.00405244
0.00251795
0.00701816
0.00756431
0.00753901
0.00602243
0.00101497
0.00158913
0.00151519
0.00128122
0.00656018
0.00581657
0.00547466
0.00582522
0.0033484
0.00331353
0.00563422
0.00455232
0.00745587
0.00363395
0.00491731
0.00366563
0.00482655
0.00567183
0.00602444
0.00649738
0.00345341
0.00414736
0.00435864
0.00436432
0.00742263
0.00739339
0.00741855
0.00554835
0.00749125
0.00748637
0.00748459
0.0074467
0.00747677
0.00747248
0.0074756
0.00747143
0.00748674
0.00747387
0.00747066
0.00741013
0.00505819
0.00304164
0.00300114
0.00472531
0.00458866
0.00262623
0.00607641
0.0075225
0.0068533
0.00729843
0.00363283
0.00372513
0.00734176
0.0062944
0.00709244
0.00727498
0.00743191
0.0074682
0.00742904
0.00745686
0.00733998
0.00745748
0.00550531
0.00446683
0.00749068
0.00393129
0.00719394
0.0072832
0.00713056
0.00749205
0.00723119
0.00737138
0.00741047
0.00738539
0.00444868
0.00528502
0.00703134
0.00533299
0.00121868
0.00400207
0.00590234
0.00606786
0.00626746
0.0054674
0.00478736
0.00744255
0.00601223
0.00386915
0.00370273
0.00305837
0.00338215
0.0071758
0.00753467
0.00717464
0.00704345
0.00729029
0.00744782
0.00579939
0.00291641
0.00604851
0.00750115
0.00721779
0.0069813
0.00460907
0.00698673
0.00733299
0.00726947
0.00741267
0.00755433
0.00704101
0.00746088
0.00713552
0.00560425
0.00727749
0.00537414
0.00724375
0.00688058
0.00736909
0.0050839
0.00727727
0.00519652
0.00747638
0.00738694
0.00333336
0.00754377
0.00743904
0.0042543
0.00745064
0.00737408
0.00731969
0.00715001
0.0072649
0.00719205
0.00579937
0.00509685
0.00369647
0.00322709
0.00697291
0.00595662
0.00700641
0.00434668
0.00698271
0.00750774
0.00737115
0.00741858
0.00655298
0.00732144
0.00733781
0.00726332
0.00367972
0.00748555
0.00748656
0.00747009
0.00152766
0.00123677
0.000773173
0.00345051
0.0074617
0.00539374
0.00170923
0.00710202
0.00451546
0.00744926
0.00681764
0.0013318
0.00397239
0.00741124
0.00352357
0.00736416
0.0074056
0.0068003
0.00729164
0.00555043
0.00568344
0.00395798
0.00544543
0.00410898
0.00584816
0.00522677
0.00396141
0.00699023
0.00748449
0.00570053
0.00744257
0.00745923
0.00716686
0.00736088
0.00748138
0.00749651
0.00731812
0.00589044
0.00749265
0.00738146
0.00747667
0.00752008
0.00725602
0.00744612
0.00748232
0.00667024
0.00546454
0.00666471
0.0073659
0.00538227
0.0035187
0.00398726
0.00320461
0.00461054
0.006631
0.00743565
0.00721089
0.00351759
0.00738119
0.0073664
0.00717728
0.0074477
0.00662948
0.00676249
0.00350289
0.0031898
0.00347201
0.00653479
0.00472827
0.00446521
0.00568117
0.00251151
0.00747736
0.0074745
0.00742617
0.00333271
0.00370721
0.00553148
0.00322614
0.00362405
0.00282789
0.00282191
0.00745689
0.00281304
0.00279441
0.00375092
0.00271458
0.00447844
0.000943716
0.00428612
0.0046045
0.00505286
0.00602375
0.00620762
0.00341018
0.00469641
0.0074727
0.00741366
0.00746729
0.00748288
0.00303132
0.007485
0.00571754
0.00570172
0.00300565
0.00268059
0.00418629
0.00420662
0.0070062
0.0072117
0.00739541
0.00510696
0.00228491
0.00311348
0.00313517
0.00729863
0.00723972
0.00443643
0.00730736
0.00697411
0.00490082
0.0059607
0.00573837
0.00457276
0.00757175
0.00658703
0.00503981
0.00677115
0.00738098
0.00672885
0.00524738
0.00675919
0.0074955
0.00737627
0.00509029
0.0075425
0.00262563
0.00478949
0.00397944
0.00638374
0.00623038
0.00401221
0.00722722
0.00748145
0.00515279
0.00665028
0.00326166
0.00471568
0.00332451
0.000871913
0.00573181
0.00374652
0.00275993
0.000326966
0.00657608
0.0049487
0.00335887
0.00334508
0.00743101
0.00252543
0.00315489
0.00584322
0.00742724
0.00444335
0.0046705
0.00367519
0.00429493
0.00702027
0.00309801
0.00599336
0.00308338
0.00449626
0.00366489
0.0035285
0.00413577
0.00271726
0.00293329
0.00747892
0.00750793
0.00747124
0.00750703
0.00281994
0.00390421
0.00309744
0.00471904
0.00743383
0.0056278
0.00745063
0.00497025
0.0054489
0.00747479
0.00745351
0.00747926
0.00747591
0.00264116
0.00739028
0.0071973
0.00721607
0.00714228
0.00229255
0.00730866
0.00155769
0.00674431
0.00506058
0.00352541
0.00750215
0.00361724
0.00685472
0.00270078
0.000735788
0.00177385
0.000854138
0.00377523
0.00747569
0.00373975
0.00440719
0.00744768
0.00489251
0.00739543
0.00746608
0.00584286
0.0070746
0.0068886
0.00748791
0.00743056
0.00729839
0.00346083
0.00735142
0.00538147
0.00630035
0.00681911
0.00718329
0.00304891
0.00719656
0.00736233
0.00488363
0.00366745
0.00745053
0.00526532
0.00740894
0.00745636
0.00744046
0.00380033
0.00683496
0.00750411
0.00751141
0.00752263
0.00609956
0.00740671
0.00740138
0.00730921
0.00603714
0.00671081
0.000943092
0.00365227
0.00749246
0.00725397
0.00659486
0.00753315
0.00471547
0.00446609
0.00752144
0.0054848
0.00752733
0.0074304
0.007373
0.00637702
0.00431264
0.00739025
0.00539831
0.00733199
0.00745094
0.0074696
0.00746436
0.00678503
0.00749789
0.00714498
0.00603766
0.00757319
0.00654061
0.00722665
0.00380016
0.00637176
0.00171233
0.00253671
0.00733099
0.00729414
0.00385778
0.00633372
0.00751827
0.00431683
0.00415597
0.00527322
0.00754415
0.00743444
0.000630251
0.00735854
0.000662609
0.00320313
0.00204078
0.0023018
0.00743114
0.00719658
0.00630473
0.00669246
0.00143855
0.000839082
0.00207729
0.00722701
0.00690496
0.00470591
0.0075118
0.00752146
0.00735348
0.00294484
0.00248402
0.00692707
0.00680873
0.0075037
0.00753038
0.00472614
0.00163132
0.00410694
0.00742192
0.00752185
0.00750648
0.00612402
0.00744706
0.00751213
0.00442207
0.00714894
0.00453643
0.00725656
0.00718786
0.00748639
0.00196262
0.00741542
0.00752726
0.0054651
0.00406229
0.00410698
0.00445557
0.00529491
0.00745378
0.00734257
0.00108413
0.000725873
0.00735012
0.00743417
0.00690159
0.00704837
0.00744776
0.00527696
0.00458034
0.00690446
0.00712656
0.00746239
0.00741882
0.00733778
0.00700287
0.00737861
0.00741345
0.00722749
0.00670586
0.00289174
0.00740038
0.00749635
0.0024602
0.00740724
0.00224265
0.00746261
0.00731378
0.00395716
0.00327869
0.0054554
0.00193816
0.00565671
0.00537612
0.00615782
0.00176373
0.000337815
0.000211096
0.00730581
0.00745712
0.00713525
0.00755508
0.00748475
0.00736112
0.00749666
0.00694734
0.00749756
0.00754081
0.00752145
0.0016698
0.00612197
0.00730932
0.0060792
0.00627979
0.00408178
0.00738201
0.000627901
0.000447528
0.00741299
0.00129388
0.00543589
0.00742778
0.000333505
0.00144298
0.00163229
0.00752449
0.00333702
0.00731719
0.00719234
0.000883068
0.00188569
0.00419582
0.00572529
0.00378641
0.00652242
0.00717866
0.00740134
0.00749718
0.00268785
0.00637767
0.00689084
0.00324488
0.00326249
0.00743208
0.00673263
0.00693459
0.00749345
0.00724442
0.0068472
0.00728394
0.00753063
0.00746162
0.00740676
0.00675459
0.0075427
0.00747844
0.00727573
0.00457934
0.00752268
0.00730767
0.00706275
0.00363892
0.00513371
0.00746719
0.00753604
0.00749026
0.00544252
0.0068154
0.00405906
0.00349777
0.00752818
0.00748936
0.00691145
0.00732028
0.0069275
0.00744703
0.00720646
0.00505715
0.00480046
0.00717922
0.00693804
0.00733348
0.00750703
0.00742112
0.00605258
0.0075331
0.00754165
0.00739784
0.00747416
0.00741421
0.00742944
0.00739092
0.00740674
0.00715491
0.00727079
0.00737585
0.0045907
0.00743587
0.00749132
0.00740497
0.00438879
0.00392367
0.00357278
0.00576201
0.00724467
0.00737796
0.00695499
0.00750267
0.00603924
0.00750237
0.00712874
0.00703123
0.00274985
0.00554497
0.00699851
0.0070069
0.00262045
0.00745672
0.00246958
0.000178581
0.000715862
0.00320653
0.00466722
0.000709574
0.00116975
0.00749604
0.00618376
0.00724713
0.00486853
0.00664167
0.00747609
0.00426277
0.00252634
0.00746908
0.00688275
0.00741736
0.00591257
0.00743781
0.0073609
0.00645661
0.00742637
0.00749216
0.00420602
0.00746742
0.00312748
0.00723134
0.00512051
0.00660724
0.00739243
0.00727225
0.00374536
0.00743269
0.00717408
0.00732528
0.00471885
0.00584476
0.00746553
0.00746038
0.00737798
0.00567112
0.00622638
0.00411012
0.00513783
0.00696493
0.00745723
0.00745645
0.00567358
0.00589072
0.0073312
0.00322169
0.00746942
0.00747515
0.00738334
0.00356379
0.0041996
0.00546406
0.0058491
0.00728713
0.00740954
0.00619566
0.0072312
0.00735243
0.00609264
0.00733693
0.00412357
0.0072446
0.00717035
0.00517461
0.00514954
0.00725444
0.00740362
0.00386641
0.00749755
0.00729927
0.00736502
0.00646191
0.00450041
0.00710649
0.00700564
0.00705891
0.00663706
0.0070511
0.00564872
0.0058319
0.00721502
0.00744598
0.00747929
0.00743163
0.00722084
0.00716304
0.00740778
0.00747755
0.00741534
0.00377387
0.00260565
0.00382399
0.00531303
0.00748925
0.0074975
0.0074508
0.00739613
0.00556096
0.0035605
0.00738559
0.00749165
0.00740081
0.00747133
0.00746842
0.00374285
0.00746818
0.00194177
0.00748441
0.00749319
0.0074582
0.00749054
0.00659522
0.00612878
0.00455212
0.00748739
0.00474228
0.00318952
0.00725688
0.00732021
0.00726345
0.00584243
0.007498
0.0038493
0.00732387
0.00735513
0.00542622
0.00739457
0.00716743
0.0037293
0.00752663
0.00655341
0.0074468
0.00580896
0.00462797
0.00755507
0.00743573
0.00747257
0.00735191
0.00740957
0.00719551
0.00747041
0.0074691
0.00739137
0.00757737
0.00753401
0.00310346
0.00747523
0.0062499
0.00573171
0.00517914
0.00751277
0.0028161
0.00540069
0.0062582
0.00700432
0.00434573
0.00264022
0.00716753
0.00738478
0.00749244
0.00530008
0.00297927
0.00587483
0.00729606
0.00447227
0.00306118
0.00356617
0.00644363
0.0064519
0.00674533
0.00378544
0.0052119
0.00442432
0.00519083
0.00749825
0.00573111
0.003076
0.00742267
0.0056673
0.00724029
0.00682634
0.00425498
0.00574243
0.00679582
0.00728664
0.0073258
0.0043118
0.00361084
0.00717843
0.00335549
0.00340778
0.00711213
0.00441712
0.00376957
0.00742206
0.00319858
0.00742019
0.00725745
0.000411697
0.00504002
0.00630311
0.0075421
0.00696264
0.00692894
0.00695668
0.00693941
0.000265612
0.00133601
0.00354998
0.00575145
0.0036976
0.00366306
0.00366601
0.00370016
0.00723967
0.00676451
0.00752173
0.00692394
0.00621091
0.0074586
0.00740655
0.00754473
0.00572848
0.00747045
0.00637204
0.0056363
0.00726631
0.00743916
0.00749169
0.00741594
0.00741425
0.00708966
0.00743642
0.00582438
0.00703855
0.00704174
0.00751205
0.00750257
0.00423671
0.00741902
0.00108887
0.00714281
0.00125702
0.00425849
0.00610573
0.000812223
0.00277738
0.00554423
0.00746946
0.00629769
0.00743402
0.00308548
0.00571225
0.00719227
0.00439352
0.00741106
0.00506999
0.00659682
0.00680999
0.00372114
0.00531006
0.00749091
0.00747575
0.0074887
0.00403467
0.00704357
0.00751465
0.00549257
0.00635623
0.00742867
0.00754546
0.00291596
0.00746445
0.00752466
0.00751006
0.00749192
0.00737852
0.00751649
0.0074247
0.0074786
0.0072994
0.00726781
0.00754674
0.00753765
0.00698685
0.00392567
0.00641654
0.00588992
0.00743785
0.00745431
0.00730177
0.00743552
0.00751502
0.00743855
0.00666632
0.00728001
0.00752029
0.00736553
0.00739749
0.00486986
0.00729897
0.00724421
0.00670259
0.006842
0.00747498
0.00749057
0.00702378
0.0046781
0.00721748
0.00752481
0.00747465
0.0074916
0.0022892
0.00461233
0.00729614
0.00264566
0.00306276
0.00298363
0.00743185
0.00734505
0.00754285
0.00732632
0.00367676
0.00745315
0.00694472
0.0017038
0.00725011
0.00728561
0.00417861
0.00662459
0.00679448
0.00720958
0.00749565
0.00722644
0.00725641
0.00747267
0.00699876
0.00745382
0.00744137
0.00722847
0.00740217
0.00748797
0.00741009
0.00744796
0.00516038
0.0073151
0.00556286
0.00745165
0.00734012
0.00711069
0.00735703
0.00711398
0.00558147
0.0045238
0.00746368
0.00268869
0.000922179
0.00305932
0.00286663
0.00737706
0.00749034
0.00460616
0.00502306
0.00743634
0.00347681
0.00607575
0.00625229
0.00729019
0.00676629
0.00728958
0.00729582
0.00729055
0.00728992
0.00468802
0.00742755
0.00276323
0.00119935
0.00510228
0.000762571
0.00303855
0.00750012
0.00639424
0.00251957
0.00750775
0.00740962
0.00747653
0.00252588
0.000420026
0.00546811
0.00704988
0.000852354
0.000597502
0.0074681
0.00469033
0.00736513
0.00408077
0.000554132
0.000749324
0.00615284
0.00742128
0.00599044
0.00354616
0.00401377
0.00582169
0.00276672
0.00751815
0.00489212
0.00685188
0.00122492
0.00356255
0.00146461
0.00487557
0.00568302
0.00213554
0.00268002
0.000946797
0.00114291
0.00431924
0.000202256
0.00016541
0.00743643
0.00751832
0.00290233
0.00656895
0.00625645
0.00670603
0.00355364
0.00190236
0.0070887
0.00748167
0.00675494
0.00139638
0.00664846
0.00109029
0.00703201
0.00207022
0.00501905
0.00673725
0.00751579
0.00737894
0.00539542
0.0074251
0.00752306
0.000818748
0.00301251
0.00551625
0.00341689
0.00179593
0.00742585
0.00745349
0.0052041
0.00445541
0.00512858
0.00422757
0.00754866
0.00510469
0.000960097
0.00129521
0.00381388
0.00373217
0.00564036
0.00504146
0.00446601
0.00373343
0.00404426
0.00678102
0.00717526
0.00688277
0.00617714
0.00721772
0.00677231
0.00738707
0.0070119
0.0066709
0.00634434
0.00732889
0.00753917
0.00743836
0.00663406
0.00297981
0.00701394
0.00744475
0.00596445
0.00616611
0.0074988
0.00403912
0.00753665
0.00745658
0.00127432
0.00552932
0.00694292
0.00719402
0.00589424
0.00502316
0.00667641
0.00600263
0.00578879
0.00735001
0.00744376
0.0066326
0.00743888
0.00749299
0.00743166
0.0074055
0.00740257
0.00745771
0.00740728
0.00745255
0.00747104
0.00648413
0.00743215
0.00738116
0.00404755
0.00283043
0.00651266
0.00483403
0.00537109
0.00750048
0.0074942
0.00455109
0.00642318
0.00600648
0.00629597
0.0074683
0.00729892
0.00648324
0.0063328
0.00662129
0.00743978
0.00736279
0.00747898
0.00567315
0.00559136
0.00740118
0.004204
0.00505758
0.0066905
0.0071996
0.00748124
0.00629634
0.00352051
0.00742
0.00732665
0.00732369
0.00727532
0.00730481
0.00739193
0.00652679
0.00741618
0.00458035
0.00754509
0.0068048
0.00149256
0.00749561
0.0072152
0.00354678
0.00732372
0.00455442
0.00342891
0.00740609
0.00752174
0.0074202
0.00754219
0.00751472
0.00740427
0.00721266
0.00746389
0.00676947
0.00748324
0.00733347
0.00745653
0.00743546
0.00688591
0.00727308
0.00216075
0.00746764
0.000585718
0.00744869
0.00677307
0.00656165
0.00648662
0.00613648
0.00435946
0.00742427
0.00395881
0.00697551
0.00607508
0.00366109
0.00544871
0.00710301
0.00746051
0.00691622
0.00739773
0.00274595
0.00742763
0.00310875
0.00576435
0.00744713
0.00634449
0.00728281
0.00571176
0.00745154
0.00748921
0.00724947
0.00744426
0.00688678
0.00743559
0.00727684
0.00749019
0.00746301
0.00753255
0.00448891
0.00576369
0.00519034
0.000194272
0.00140449
0.00275503
0.00039281
0.00745176
0.00498475
0.00727241
0.00751237
0.00108671
0.00111618
0.00236654
0.00751528
0.00613077
0.00744575
0.00622225
0.00441195
0.00752256
0.00747705
0.0010423
0.00106113
0.0013823
0.00750231
0.00753429
0.00660708
0.00744701
0.00447382
0.00730363
0.00747184
0.00618517
0.00740298
0.00733643
0.00745995
0.007421
0.00741702
0.00745604
0.00735553
0.00752438
0.00747835
0.00705645
0.00534672
0.00545813
0.00602349
0.00150783
0.00598331
0.00751384
0.00688939
0.00752232
0.00511366
0.00560136
0.00569876
0.005091
0.00748111
0.0074762
0.0054204
0.00747893
0.00749308
0.0074489
0.00749802
0.00753337
0.00443582
0.00747607
0.00749131
0.00748475
0.00570584
0.00622776
0.00507214
0.0037375
0.0072757
0.00687064
0.00715147
0.00415308
0.00738826
0.00750435
0.00754197
0.00473036
0.00378113
0.00353871
0.00741114
0.00448928
0.00674787
0.00333865
0.00426713
0.00387495
0.00440271
0.00243937
0.00610164
0.00406084
0.00475052
0.00386271
0.00310538
0.00647916
0.00724839
0.00744106
0.00721196
0.00636331
0.00530661
0.00749117
0.00232213
0.00632582
0.00737451
0.00747929
0.00339543
0.00729944
0.00684747
0.00607566
0.00745871
0.00683781
0.00471795
0.00748695
0.00739256
0.00633991
0.005913
0.00559865
0.00698974
0.00742346
0.0047811
0.00416649
0.00728755
0.00748567
0.00748922
0.00744352
0.00414147
0.00513907
0.00724189
0.00747029
0.0074089
0.00749131
0.0025505
0.00369223
0.00439057
0.00747049
0.00232134
0.00288539
0.00394745
0.00737812
0.00543805
0.00747373
0.00740936
0.00750653
0.00453666
0.00503265
0.0034934
0.00739999
0.00596561
0.00749061
0.00316092
0.00740498
0.0073002
0.00354935
0.00736151
0.00749062
0.00710229
0.00731661
0.00733188
0.0046067
0.00735903
0.00730904
0.00507929
0.00448105
0.00736995
0.00729468
0.00494029
0.00463044
0.00351494
0.0073351
0.00733079
0.00745899
0.00655472
0.00537919
0.00564794
0.00738197
0.00581634
0.00650667
0.00637993
0.00749828
0.00741186
0.00490481
0.00509286
0.00598458
0.00688117
0.00521982
0.00569565
0.00724414
0.00684059
0.00657584
0.00694321
0.00576849
0.00423672
0.0042197
0.00197488
0.00430907
0.00416207
0.00406675
0.00366599
0.00452234
0.00222286
0.00458411
0.00736053
0.00741527
0.00708417
0.00742291
0.00714492
0.00359013
0.00709385
0.00364732
0.00631585
0.00536785
0.00585515
0.00710388
0.00647944
0.00575576
0.00519866
0.00513079
0.00411493
0.00485287
0.0049486
0.0074214
0.00313344
0.0054726
0.00365204
0.00752924
0.00703944
0.00530076
0.00752914
0.00753015
0.00737539
0.0075162
0.00735727
0.00676373
0.00425214
0.00629656
0.00754278
0.00753324
0.00754384
0.00751176
0.00683266
0.00371374
0.00746519
0.00717102
0.00613897
0.00441335
0.00435834
0.00742975
0.000416345
0.000734202
0.00736666
0.00695152
0.00527467
0.00750292
0.00749522
0.00748078
0.00749441
0.0072816
0.00731514
0.00654117
0.00671763
0.00724188
0.00726084
0.00708717
0.00553853
0.00502669
0.000284867
0.00274238
0.0070384
0.00606963
0.00752684
0.00585174
0.00630615
0.00497546
0.005885
0.00721941
0.00746302
0.00735005
0.00424612
0.00714342
0.00604861
0.00739825
0.00656403
0.00589305
0.00744201
0.0072302
0.00691021
0.00395828
0.00725929
0.00396366
0.00737105
0.00736882
0.004642
0.00753498
0.00731877
0.0075482
0.00734365
0.00418189
0.00735628
0.00753486
0.00375339
0.00735221
0.00307474
0.00748664
0.00748494
0.00742827
0.00746907
0.0074276
0.00750253
0.00749749
0.00740993
0.00742059
0.00748982
0.00250433
0.00527409
0.00701239
0.00673859
0.00660252
0.00689616
0.00673084
0.00750453
0.00748359
0.00747232
0.00688603
0.00743314
0.00696207
0.00551194
0.00438766
0.005423
0.00572534
0.00575354
0.00470914
0.00731643
0.00629654
0.0037374
0.00726422
0.00526164
0.00582411
0.00571496
0.00737087
0.00520477
0.00424402
0.00342495
0.00251946
0.00740506
0.00750965
0.00716433
0.00739677
0.0074368
0.00748381
0.00742026
0.00427043
0.00492369
0.0028212
0.00341345
0.00710868
0.00718592
0.00647913
0.00305991
0.00736862
0.00717908
0.00736717
0.00739996
0.00745771
0.00712218
0.0042364
0.00400982
0.00739616
0.00721932
0.00704282
0.00533895
0.00732792
0.00742456
0.00733158
0.0074928
0.00712268
0.00619181
0.00527276
0.00665374
0.00726041
0.00509671
0.00748933
0.0073136
0.00396766
0.00467669
0.00683018
0.00382066
0.00749257
0.00747314
0.00747098
0.00331366
0.00724033
0.00748886
0.00724317
0.0074469
0.00713478
0.00648539
0.00741411
0.00728386
0.003435
0.00733397
0.00468632
0.00372459
0.00435243
0.00411069
0.00629974
0.00597658
0.00419047
0.00434981
0.00652921
0.00752105
0.00751412
0.00498543
0.00704572
0.00708931
0.00702339
0.00681158
0.00742038
0.00747716
0.00747936
0.00315015
0.00668974
0.00466075
0.00581286
0.00592433
0.00753961
0.00749033
0.00494425
0.00739828
0.00749692
0.00615226
0.00755485
0.00747849
0.00746286
0.00671174
0.00516502
0.00753801
0.00737711
0.00671565
0.00433682
0.00745462
0.00743417
0.0069545
0.00623456
0.00695295
0.00419649
0.00568752
0.00738362
0.00748105
0.00515589
0.00246382
0.00707763
0.00754979
0.00745405
0.00741324
0.00426547
0.00336033
0.00740329
0.00753167
0.00728109
0.00732446
0.00691029
0.0057216
0.00466426
0.00530119
0.00750801
0.000515041
0.000825904
0.000709645
0.00356654
0.00535797
0.00189481
0.00675366
0.00750868
0.00464535
0.00364212
0.00342859
0.00729052
0.00619321
0.0053922
0.00617121
0.00732979
0.00396475
0.00344458
0.00566224
0.00243795
0.00448201
0.0048863
0.00677641
0.00717185
0.004946
0.00347208
0.00169802
0.00735652
0.00633376
0.00356977
0.00358022
0.00698363
0.00746251
0.0075432
0.00317594
0.00742025
0.00681061
0.00748908
0.00745423
0.00724749
0.0050955
0.0064162
0.00747186
0.00740994
0.00732896
0.00651739
0.00742369
0.00739952
0.00746904
0.00741782
0.00407161
0.00329335
0.00411089
0.00376292
0.00320964
0.00244192
0.00726941
0.00742318
0.00560713
0.00740952
0.00742309
0.00543329
0.00561578
0.00661037
0.00416448
0.00744405
0.00276934
0.00614196
0.00441076
0.0042625
0.00529507
0.00256669
0.00365516
0.00363739
0.00645896
0.00753994
0.00362082
0.0043029
0.00743242
0.00351312
0.00720891
0.00442938
0.00741187
0.00531067
0.00676719
0.00301572
0.00453475
0.00357798
0.00362559
0.00269797
0.00687448
0.00638086
0.00314626
0.00451571
0.00242166
0.00727056
0.00576803
0.00339954
0.00457708
0.0030743
0.00548008
0.0075166
0.00749456
0.00722471
0.00320679
0.00748793
0.00706336
0.00531772
0.00690489
0.00592538
0.00739976
0.00594806
0.00528887
0.00358468
0.0074894
0.00749917
0.00750124
0.00253634
0.00708584
0.00699492
0.00750146
0.000838215
0.00747979
0.00743557
0.00730063
0.00746337
0.00752449
0.0008747
0.000953311
0.000311012
0.00435853
0.00662967
0.00748792
0.00533322
0.00283934
0.00755179
0.00745172
0.00752779
0.0075376
0.00354911
0.00754234
0.00669755
0.0072529
0.00749459
0.00745122
0.00605366
0.00735882
0.00731841
0.00707693
0.00749555
0.0074923
0.00426102
0.00290363
0.00513801
0.00423676
0.00730019
0.00602033
0.00712042
0.00713736
0.00746326
0.00464351
0.00292697
0.00595213
0.00289103
0.00427593
0.00346019
0.00746833
0.00712198
0.00439655
0.00722007
0.00728578
0.0074811
0.00744042
0.0062198
0.00742941
0.00743009
0.00734762
0.00754011
0.00138787
0.00234237
0.00586334
0.00392722
0.00753712
0.00672634
0.00393904
0.00505149
0.0045245
0.00739941
0.00525999
0.00750479
0.00737335
0.00750856
0.00486018
0.00471061
0.00682022
0.00389178
0.00371091
0.00307606
0.00538409
0.00528101
0.00665145
0.00565192
0.00736289
0.00738713
0.00575694
0.00479444
0.00754957
0.00753175
0.00594767
0.00245577
0.00335894
0.00339473
0.00569169
0.00724855
0.00348638
0.00743009
0.00382302
0.00751131
0.00545595
0.00721464
0.00735902
0.00742344
0.0074973
0.00742101
0.00743554
0.00739034
0.00724753
0.00738868
0.00718836
0.00299576
0.00744194
0.00746554
0.00656444
0.00736383
0.00732219
0.0075285
0.00601954
0.00753103
0.00747828
0.00749253
0.00737018
0.00745887
0.00129462
0.00731778
0.00743368
0.00741245
0.00734038
0.00394179
0.00150813
0.00106867
0.00163212
0.00245144
0.00178045
0.00182686
0.00753636
0.00753708
0.00577403
0.00396014
0.00483964
0.00600367
0.00371696
0.00337507
0.00200096
0.00739597
0.00744468
0.00741197
0.0074578
0.00606195
0.00746021
0.00496313
0.00439063
0.00420577
0.00414454
0.00738301
0.00747623
0.00738398
0.00747591
0.00740809
0.00746156
0.00360488
0.00745994
0.00714892
0.00746233
0.00748498
0.00748003
0.00748749
0.00748884
0.00748381
0.00746815
0.00742892
0.00728986
0.00728415
0.00361332
0.00357368
0.00502538
0.00363144
0.00673942
0.00746323
0.00467151
0.00738216
0.00737872
0.00741052
0.00735801
0.00731362
0.00732993
0.00463801
0.00367297
0.00264287
0.00345879
0.00443802
0.00751306
0.00751814
0.00735531
0.00338801
0.00663978
0.00316431
0.00320161
0.00751542
0.00542577
0.00313081
0.00339252
0.00492257
0.00272273
0.00701819
0.00395447
0.00314001
0.00308593
0.00352558
0.00371669
0.00584547
0.00519637
0.00747738
0.00365271
0.00584086
0.00351011
0.00481346
0.00536648
0.00561878
0.00755399
0.00756087
0.00326438
0.00472302
0.0070376
0.00463577
0.00752277
0.00756287
0.007537
0.00270118
0.00390128
0.00618118
0.00249235
0.00627453
0.00729915
0.00746519
0.00754429
0.00722315
0.00695288
0.00690735
0.00685126
0.00592757
0.00543532
0.00731432
0.00748147
0.00612789
0.00732164
0.00704198
0.00743063
0.00754806
0.00748188
0.0074913
0.00489245
0.00733716
0.00588896
0.00724506
0.00596887
0.00690275
0.00667163
0.00639856
0.00752151
0.00482613
0.00748259
0.00601084
0.003871
0.00741661
0.00741832
0.00420603
0.00661804
0.00748298
0.00584018
0.0072208
0.00344688
0.00579992
0.00745336
0.00711608
0.00530527
0.00693238
0.00428682
0.00743222
0.00744172
0.00690048
0.00500872
0.00350123
0.00623482
0.00751907
0.00636411
0.00584568
0.00708876
0.00382373
0.00668187
0.00277209
0.00374037
0.00338052
0.00738168
0.00620344
0.00272178
0.00361038
0.00666981
0.00542936
0.00752662
0.00753086
0.00755187
0.00755277
0.00735169
0.00635625
0.00757838
0.0073346
0.00743218
0.00659042
0.00688799
0.00423851
0.00702981
0.00563478
0.00742209
0.00735887
0.0073245
0.00736376
0.0073199
0.00754345
0.00735298
0.00569748
0.00752397
0.00737039
0.00404008
0.00702333
0.00310154
0.00747346
0.00743903
0.00730029
0.00747972
0.00744778
0.00746821
0.00581897
0.00574629
0.00680977
0.00705767
0.002672
0.000508392
0.00209427
0.00717352
0.00453268
0.00731246
0.00756293
0.00612109
0.0071151
0.00677297
0.00429588
0.00740935
0.0075198
0.00745519
0.00378707
0.00749935
0.00752666
0.0074137
0.00742234
0.00752769
0.00592565
0.00594264
0.00746652
0.00751446
0.00748574
0.00731146
0.00611221
0.0074486
0.00718035
0.00752637
0.00740416
0.00744082
0.00734503
0.00420686
0.00732861
0.00750046
0.00718637
0.00750172
0.00753016
0.00590821
0.0075136
0.00670253
0.00672332
0.00749241
0.00745006
0.00708089
0.00303706
0.00433856
0.00596766
0.00714342
0.00366671
0.00417537
0.00668783
0.00708273
0.00717538
0.00743549
0.00750843
0.00744149
0.00751155
0.00745537
0.001917
0.00698158
0.00422706
0.00677688
0.00374477
0.0046178
0.00233449
0.00440657
0.00202761
0.00374605
0.00274707
0.00112802
0.000736617
0.000641903
0.00132268
0.00713355
0.00491881
0.00504984
0.00423205
0.00653408
0.000631775
0.000796406
0.00113252
0.00421955
0.00123077
0.000628627
0.00038859
0.00610333
0.00154964
0.00292981
0.00301197
0.00755323
0.00152719
0.0072777
0.00729822
0.00727949
0.0036464
0.00431936
0.00409528
0.00374604
0.00346229
0.0074184
0.00256706
0.00448134
0.00749623
0.007554
0.00747001
0.00727169
0.00742826
0.00701202
0.00746237
0.00743712
0.00722195
)
;

boundaryField
{
    outlet
    {
        type            calculated;
        value           nonuniform List<scalar> 0();
    }
    walls
    {
        type            nutkWallFunction;
        blending        stepwise;
        value           nonuniform List<scalar> 
516
(
0.000392063
0.000393769
0.000390866
0.000395838
0.000397128
0.000399511
0.000375066
0.000399754
0.000374434
0.000378966
0.000431685
0.000433554
0.000279684
0.000433352
0.000292988
0.000281569
0.00029298
0.00029652
0.000244319
0.000432872
0.000323625
0.000327518
0.000247394
0.000386026
0.000453298
0.000393388
0.000390119
0.000377385
0.000373609
0.000267708
0.000380474
0.000243318
0.000239285
0.000320559
0.000317683
0.000327877
0.000502698
0.00030482
0.000301475
0.000397986
0.000620827
0.000399467
0.000401519
0.000404257
0.00039835
0.000404515
0.000407726
0.000382701
0.000521764
0.00043854
0.000567858
0.000437664
0.000441606
0.000285454
0.000697291
0.000300006
0.00052544
0.00043771
0.000437343
0.000452428
0.000456558
0.000439923
0.000390206
0.000386708
0.00037522
0.000371634
0.00038086
0.000378081
0.000239929
0.000485603
0.000319642
0.000315911
0.000507776
0.000503032
0.000301756
0.000308396
0.000431779
0.000688759
0.00043355
0.000524454
0.000688921
0.000525773
0.000527538
0.000571773
0.00057046
0.000579239
0.000569405
0.000701328
0.000578521
0.000500814
0.000699479
0.000500954
0.000504968
0.000622226
0.000624677
0.000503934
0.000497165
0.000495246
0.000633363
0.00062822
0.000489782
0.000486176
0.000502604
0.00049196
0.000343505
0.000339304
0.000311187
0.000307569
0.000278336
0.00062492
0.000434194
0.000624582
0.000477815
0.000477178
0.000481598
0.0003894
0.000510545
0.000390934
0.000393376
0.000415042
0.000416667
0.00062773
0.000285854
0.000460024
0.000460719
0.000460287
0.000491649
0.000462448
0.000434315
0.000513695
0.000508849
0.000481569
0.000517991
0.000490036
0.000486824
0.000337478
0.000509715
0.00030199
0.000297843
0.000282808
0.000279253
0.000437781
0.000434676
0.000437465
0.000478386
0.000440564
0.00051492
0.000395835
0.000514704
0.000419485
0.000393252
0.000289547
0.000288717
0.000368027
0.000290083
0.000367799
0.000509465
0.000370939
0.000482665
0.000519887
0.000514973
0.000506261
0.000502549
0.00033341
0.00033045
0.00031749
0.0003142
0.000438008
0.000551986
0.000552855
0.000550351
0.000484449
0.000480899
0.000485725
0.000487255
0.000407784
0.000411008
0.000360093
0.000411272
0.0003779
0.000379994
0.000378541
0.000676603
0.000524665
0.000523505
0.00028787
0.000284485
0.000328865
0.000304237
0.000367819
0.00036419
0.000583999
0.000524291
0.00048749
0.000490839
0.000582479
0.000532238
0.000415359
0.000415062
0.000418839
0.00037607
0.000281961
0.000376336
0.000304645
0.000299953
0.000314437
0.000309336
0.000462449
0.000554369
0.000555286
0.000330431
0.000465554
0.000461441
0.000310083
0.000314082
0.000310181
0.000459399
0.000310845
0.000391849
0.000337018
0.000464651
0.000378749
0.000315365
0.000318657
0.000348079
0.00048734
0.000320018
0.000392919
0.000392749
0.000356252
0.00036042
0.000323595
0.000286197
0.000453464
0.000327047
0.000415271
0.000225108
0.000226711
0.000229095
0.000447835
0.000267159
0.000452116
0.000361587
0.000257951
0.000334498
0.000479291
0.000298984
0.000273685
0.000459317
0.000462209
0.000453805
0.000353592
0.000404786
0.000409547
0.00041346
0.0003578
0.000376303
0.000451355
0.00044696
0.000263732
0.000403007
0.000335747
0.000481011
0.000301593
0.00027496
0.000455996
0.000328227
0.000415935
0.000287829
0.000325181
0.000485539
0.000329128
0.000305746
0.000617173
0.000345537
0.000346943
0.000347081
0.000602548
0.000485024
0.000378087
0.000353029
0.000412345
0.000402017
0.000407927
0.000455111
0.000768813
0.000457911
0.000373988
0.000460854
0.000460494
0.000407279
0.000610367
0.000339896
0.000339769
0.000464302
0.000550292
0.00039181
0.00045287
0.000454268
0.000394765
0.000552242
0.000338738
0.000458242
0.000434176
0.00059542
0.000599212
0.000613261
0.000715734
0.000413786
0.000462551
0.000417162
0.000350952
0.000468542
0.000398244
0.000415294
0.000435812
0.000466287
0.000484394
0.000560499
0.0006073
0.000527823
0.000466606
0.000415859
0.000470511
0.000341978
0.000342533
0.000470608
0.000435534
0.000353189
0.000350112
0.000556004
0.00034243
0.000474439
0.000419563
0.000478063
0.000350458
0.000717595
0.000347068
0.000506114
0.000635169
0.000505428
0.000569012
0.000489406
0.000488144
0.000439615
0.000475448
0.000578913
0.000574197
0.00071306
0.000577797
0.000419943
0.000418895
0.000440075
0.000419802
0.000364563
0.000634174
0.000508845
0.000345394
0.000578858
0.000442913
0.000366296
0.000607888
0.000571326
0.000345203
0.000704372
0.000611678
0.000704652
0.000344722
0.000424106
0.00035744
0.000365778
0.000369878
0.000579055
0.000631998
0.000422511
0.000368186
0.000426452
0.000415975
0.000420094
0.000496691
0.000499955
0.000391023
0.000497146
0.000374238
0.000290517
0.000343032
0.000371841
0.000362163
0.000390564
0.000372763
0.000374871
0.000376468
0.000289622
0.000407851
0.000437926
0.000404398
0.000397923
0.000543565
0.000402707
0.000437535
0.000398997
0.000199983
0.000325433
0.000328994
0.000212229
0.000389655
0.000387947
0.000347829
0.000349352
0.000392907
0.00039373
0.000402806
0.000379965
0.000388838
0.000375968
0.000396305
0.00034048
0.000405023
0.000307899
0.0003096
0.000405772
0.000337075
0.000360601
0.000359768
0.00037947
0.000289463
0.000355275
0.000347432
0.000415236
0.000318056
0.000417479
0.000391843
0.000386792
0.00040482
0.000395662
0.000312601
0.000406633
0.000319959
0.000316363
0.00046554
0.000462181
0.000536573
0.000418766
0.000377316
0.000286858
0.000385125
0.000419538
0.000293706
0.000263161
0.000410853
0.000406446
0.000419863
0.000289352
0.000388717
0.000391629
0.000543637
0.000415594
0.000230471
0.000321189
0.000334046
0.000423862
0.000381606
0.000422957
0.000317855
0.000266939
0.000315057
0.000541929
0.000234274
0.000412957
0.000387933
0.000393394
0.000391084
0.000405846
0.000402911
0.000314102
0.000623137
0.000463841
0.000459599
0.000327806
0.000371653
0.000331551
0.000385351
0.00041632
0.000546903
0.000358816
0.000695465
0.000412609
0.000545579
0.00035586
0.000403047
0.000386944
0.000427784
0.000416422
0.000415626
0.000726755
0.000738113
0.00054241
0.000462261
0.000400008
0.000511436
0.000458292
0.000428628
0.000516223
0.000623782
0.000584807
0.000391915
0.000464698
0.000511284
0.000461826
0.000476501
0.000518169
0.000388417
0.000395071
0.000410773
0.000465725
0.00051404
)
;
    }
    inlet
    {
        type            calculated;
        value           uniform 0.0075;
    }
    model
    {
        type            nutkWallFunction;
        blending        stepwise;
        value           nonuniform List<scalar> 
15
(
0.000105545
0.000105133
0.000140386
0.000100891
0.000111845
0.000110288
0.000110429
0.000106019
0.000121759
0.000108624
0.000121642
0.000105313
8.34066e-05
8.53289e-05
8.72773e-05
)
;
    }
    procBoundary6to3
    {
        type            processor;
        value           nonuniform List<scalar> 
51
(
0.00749744
0.00360162
0.00743527
0.00309468
0.00442035
0.00754774
0.00746449
0.00718561
0.00424128
0.00441891
0.00369101
0.00747083
0.00729597
0.00732694
0.00397484
0.00743026
0.00727655
0.00745795
0.006868
0.00750008
0.00753939
0.00320914
0.00738835
0.00730753
0.00397745
0.00442035
0.00657578
0.00657578
0.00333495
0.00748066
0.00745153
0.00395863
0.00683557
0.00743322
0.00663538
0.00755845
0.00754774
0.00720113
0.00747999
0.00753116
0.00398261
0.00581077
0.00753142
0.00333495
0.00753142
0.00739765
0.00747083
0.00746242
0.00747834
0.00755242
0.00394998
)
;
    }
    procBoundary6to4
    {
        type            processor;
        value           nonuniform List<scalar> 
32
(
0.00570848
0.00494091
0.00758962
0.00697288
0.00697288
0.00738495
0.00739149
0.00684534
0.00348814
0.00653486
0.00733005
0.00676854
0.00756828
0.00759373
0.00594658
0.00348535
0.00739149
0.00727746
0.00378617
0.00584405
0.00739544
0.00737477
0.00719668
0.00696656
0.00751712
0.00759235
0.00389459
0.00714728
0.00640143
0.00637454
0.00637454
0.00663191
)
;
    }
    procBoundary6to7
    {
        type            processor;
        value           nonuniform List<scalar> 
87
(
0.00537926
0.0075367
0.00692857
0.00695881
0.00296218
0.00324414
0.00477292
0.00387115
0.00738225
0.0075364
0.00741525
0.00741525
0.00754292
0.00751683
0.00675976
0.00750286
0.00626185
0.00626185
0.00299883
0.00747684
0.00548251
0.00606857
0.0041887
0.00751188
0.00728916
0.00471291
0.00748208
0.00638387
0.0075367
0.00751046
0.00753399
0.00753399
0.00698653
0.0046078
0.00746672
0.00310766
0.00749086
0.00458316
0.00738844
0.00706233
0.00345779
0.0071607
0.00699105
0.00456092
0.00537985
0.00704969
0.00537926
0.00255509
0.00747881
0.00749695
0.00669087
0.00704996
0.00616172
0.00662939
0.0038289
0.00696528
0.00696528
0.00662939
0.00730407
0.00706357
0.00749691
0.00401753
0.00363662
0.0075361
0.00746312
0.0075361
0.00726014
0.0068381
0.00402554
0.00300721
0.00737745
0.00675976
0.00313189
0.0074126
0.00298482
0.00746354
0.00447928
0.00673511
0.00456092
0.00738626
0.00684571
0.00745297
0.00713002
0.00706357
0.00418089
0.00750012
0.00739302
)
;
    }
    procBoundary6to8
    {
        type            processor;
        value           nonuniform List<scalar> 
92
(
0.00172317
0.00129258
0.00120537
0.000922289
0.00599416
0.00153929
0.00200089
0.000610535
0.00178446
0.00119783
0.00560008
0.00693166
0.00235503
0.00450669
0.00172822
0.00151421
0.00216337
0.00512788
0.00140095
0.00185229
0.00061434
0.00395203
0.000996295
0.00147617
0.000297419
0.000649783
0.00223762
0.000867251
0.0017827
0.00693166
0.00111556
0.000978012
0.00086569
0.00171182
0.00312282
0.00193706
0.001267
0.00148981
0.00085079
0.000849087
0.000905554
0.00052386
0.00139742
0.00307608
0.00349095
0.000468248
0.00290309
0.00483119
0.00436854
0.0022765
0.00388265
0.00364828
0.00152103
0.00120537
0.00338066
0.00267555
0.00231334
0.00033754
0.00136281
0.00106062
0.00086569
0.000260114
0.00128952
0.000212863
0.00338066
0.0029076
0.00135417
0.000778495
0.0021495
0.00135417
0.0019039
0.00360295
0.00233286
0.00426314
0.00137562
0.00113205
0.000934117
0.00117717
0.00169129
0.00194634
0.00274674
0.00390118
0.00407863
0.00078312
0.00269799
0.00104739
0.00203095
0.00211321
0.00265361
0.00233985
0.00233985
0.00481437
)
;
    }
    procBoundary6to9
    {
        type            processor;
        value           nonuniform List<scalar> 
131
(
0.000523864
0.00352694
0.00466254
0.00418716
0.00743175
0.00240702
0.00148808
0.00723115
0.00312874
0.00686113
0.00284003
0.00390075
0.00262654
0.00502612
0.00618503
0.00591681
0.00447062
0.00399287
0.00644879
0.00722285
0.00277088
0.00490605
0.00537885
0.00359526
0.00691707
0.00580647
0.00743072
0.00741045
0.00447905
0.000788927
0.00583346
0.00331544
0.00687448
0.00614478
0.000633857
0.00101157
0.00447998
0.00741899
0.00186658
0.00449889
0.00192947
0.00136226
0.0010475
0.00125823
0.000329338
0.00738796
0.00737544
0.00602437
0.00458657
0.000994427
0.00484052
0.00531493
0.0026593
0.00222392
0.00263071
0.00363794
0.00723572
0.00141139
0.00186474
0.00128616
0.00485443
0.00723572
0.00438322
0.00526189
0.00185933
0.000579031
0.00393666
0.00282105
0.00208638
0.00602238
0.00741216
0.00269569
0.00444782
0.00141018
0.00680998
0.00657079
0.000943009
0.00109068
0.00490605
0.000825046
0.000413752
0.00334379
0.000879185
0.00713219
0.000302825
0.00476239
0.005072
0.00365866
0.00586523
0.00268887
0.00215056
0.00079897
0.000331838
0.00260548
0.00034968
0.00148808
0.0023724
0.00466144
0.00331198
0.00273019
0.00731492
0.00173834
0.00631089
0.00693131
0.000728006
0.00703364
0.00110848
0.00490247
0.00288635
0.000279427
0.00526
0.00237013
0.00312645
0.00441338
0.00378314
0.00369263
0.00362946
0.00686582
0.00715222
0.00288635
0.00327482
0.00171133
0.00279097
0.0031769
0.00728433
0.00738984
0.00465586
0.00496478
0.00740787
0.00275737
0.00534656
)
;
    }
    procBoundary6to11
    {
        type            processor;
        value           nonuniform List<scalar> 
128
(
0.00723595
0.00667398
0.00437099
0.003387
0.00492533
0.00395874
0.00267028
0.00709039
0.00709039
0.00183997
0.0028073
0.00597276
0.002991
0.002991
0.00733699
0.00743902
0.00365839
0.00215197
0.00340502
0.00223681
0.00690384
0.0073773
0.00377834
0.00101477
0.000818928
0.000753708
0.00403564
0.00737667
0.003387
0.00696039
0.000747832
0.0071424
0.00635144
0.00449382
0.00728098
0.00287259
0.00257445
0.00104818
0.000877849
0.00152356
0.00146507
0.00154812
0.00230858
0.00489096
0.00526966
0.00269316
0.00451708
0.00498279
0.00338985
0.00738797
0.000773144
0.00723208
0.00747759
0.00481667
0.00570564
0.00287259
0.00746008
0.00388359
0.00738515
0.00567791
0.00717078
0.000597887
0.00323889
0.00104818
0.00483161
0.00739301
0.00745996
0.00384999
0.0018438
0.0068418
0.00152356
0.0058104
0.00420455
0.00692474
0.00101308
0.00658504
0.00320761
0.00632752
0.004165
0.00744795
0.00743604
0.00490809
0.00744387
0.0030858
0.00744845
0.00372476
0.00383643
0.00733304
0.00648206
0.00704431
0.00440304
0.00628607
0.00725194
0.0059817
0.0074589
0.000698758
0.00120623
0.00549735
0.00549735
0.00126311
0.00735984
0.00566412
0.00488179
0.00739498
0.00722727
0.0066168
0.00493337
0.00720976
0.00731298
0.00745085
0.00736613
0.00737179
0.00726054
0.00716789
0.00730523
0.00605539
0.00678832
0.00666369
0.0069255
0.00689963
0.00689963
0.00305127
0.00170952
0.00274409
0.00678832
0.00192116
0.00111067
0.00717946
)
;
    }
}


// ************************************************************************* //
