/*--------------------------------*- C++ -*----------------------------------*\
| =========                 |                                                 |
| \\      /  F ield         | OpenFOAM: The Open Source CFD Toolbox           |
|  \\    /   O peration     | Version:  2506                                  |
|   \\  /    A nd           | Website:  www.openfoam.com                      |
|    \\/     M anipulation  |                                                 |
\*---------------------------------------------------------------------------*/
FoamFile
{
    version     2.0;
    format      ascii;
    arch        "LSB;label=32;scalar=64";
    class       surfaceScalarField;
    location    "0.0817324";
    object      phi;
}
// * * * * * * * * * * * * * * * * * * * * * * * * * * * * * * * * * * * * * //

dimensions      [0 3 -1 0 0 0 0];

oriented        oriented;

internalField   nonuniform List<scalar> 
7651
(
0.0188559
-0.0096403
-0.00278799
0.00119295
-0.0119782
0.00924797
0.00153726
0.0150884
-0.00332318
0.00868337
-0.0204486
7.25311e-05
-0.000371009
1.96506e-05
0.000278827
-0.000520588
0.021381
-0.00486066
-0.0159997
0.000439095
-0.00438257
0.00677302
-0.00282954
-0.00492484
0.000672926
0.000166896
0.00408502
-0.00787453
-0.00746613
0.00539869
0.000273207
-0.000459529
0.000501882
-0.00031556
-0.0279896
-0.00981744
-0.028826
-0.000410318
-6.44847e-05
0.000404099
7.07044e-05
0.00186973
-0.00057429
2.84721e-05
-0.00132391
0.0063985
-0.00432452
-0.00677693
0.00470295
-0.000828098
0.00100501
0.00011313
-0.000290038
0.000776088
-0.000891988
0.00544552
-6.72718e-05
-0.000285995
2.48665e-06
0.00035078
-0.00395534
0.00307922
-0.00185876
0.00273488
0.000722417
0.00240571
-0.00241947
-0.000501824
-0.00015028
5.86359e-05
0.000593468
0.0043655
0.0129048
-0.016826
0.00046744
-0.000673741
0.000158944
4.73567e-05
0.00296561
0.00326817
-0.00360527
3.96478e-05
0.000142169
0.000155609
-0.000337425
0.00269652
-0.000617096
-0.0018839
-0.000195518
-0.00325597
0.00147768
0.00420788
-0.00242958
5.91453e-05
0.00146903
-0.00496511
0.00343694
-0.000583797
0.00249488
-0.00206351
0.000152425
0.000494977
-0.00036699
-0.00024849
0.000120503
0.0118181
-0.0122032
-0.00429823
0.00468332
-0.000477729
-0.000412216
-0.000113579
0.00100352
0.000130357
-0.000534397
-0.000621158
0.0010252
0.000285447
-0.000202082
-0.000415443
0.000332078
0.00786688
0.00411368
-0.00950543
-0.00247514
0.00086825
-0.00151155
-0.000163194
0.000806493
0.00193618
-0.00209839
-0.000194985
0.000357188
0.000555831
0.000468012
-0.00096997
-5.38725e-05
-0.000330985
0.000123414
0.000484778
-0.000277206
0.00036167
0.000318271
-0.000355721
-0.000324221
-0.000574547
0.000395984
0.000147084
3.14791e-05
-0.000150848
0.000181533
-0.000447237
0.000553678
0.000266241
-0.000372683
0.000443785
-0.000125514
-0.00288807
-0.000342269
0.00262595
0.000604388
0.00024033
0.000203455
0.00193945
-0.0030958
-0.000860036
0.00201638
-0.000812641
-0.000347186
0.00092067
0.000668981
-0.00101622
0.000347241
-0.00100968
8.05653e-05
-5.90207e-06
0.000935021
0.00376906
0.00258094
-0.00270527
-0.00364472
-0.00144986
-0.00146927
0.00113925
0.00177989
-0.0150429
0.0281679
-0.013125
-0.0180946
-0.00759388
0.0068053
0.0188831
-0.00244285
-0.0107127
0.0065199
0.00663569
0.000175178
-0.00346089
-0.00564687
0.00893258
0.0591792
-0.024193
-0.0271547
0.000672417
0.000874314
-0.000648493
-0.000898238
-0.00255877
-0.00361236
-0.00282668
0.00899782
-0.000316395
0.000432045
-0.00011565
0.000137082
-0.000362476
-0.000181744
0.000407138
-0.000319604
0.000172594
0.000186657
0.00384839
-0.000614088
-0.00444091
0.00120661
0.00222678
-0.00305434
0.000914984
-8.74229e-05
0.000367365
0.000218978
-0.000303726
-0.000282617
-0.000224525
-0.000346174
0.000570699
-5.66901e-05
0.00027202
-0.000554597
0.000339268
0.000719201
-0.000550817
0.000588852
-0.000757237
-0.000194568
0.00025771
-6.3142e-05
4.34084e-07
0.00016781
-0.000448546
0.000280303
-0.00368126
0.000772756
-0.000761311
0.00366981
-0.00303986
-0.00760978
0.010129
-0.000216877
-0.000782181
0.000521475
0.0056431
0.00224584
-0.0073167
-0.000572234
-0.040662
-0.00567124
0.0338668
0.0124665
0.00230062
-0.00277173
-0.00278486
0.00954266
-0.000147096
-0.0115021
0.00210657
-0.00136935
0.000442696
0.00089187
3.47798e-05
-0.00412806
-0.00517623
-0.00258201
0.0118863
-0.000405282
-0.000360668
0.00139792
-0.000631974
-0.0027747
0.00367211
0.00214341
-0.00304083
-0.0238518
-0.0041253
-0.0068018
0.0347789
-0.000564561
6.64136e-05
-0.000568061
0.00106621
-0.00250029
0.0156499
-0.00387695
-0.00927264
0.00143444
-0.00109175
0.000102277
-0.000444968
0.000447914
-0.00132761
0.000192711
0.000686988
-0.000501481
-0.00194832
0.00112394
0.00132586
-0.000247264
0.000210137
3.71266e-05
-0.000177719
6.29251e-05
0.000332716
-0.000217923
0.007254
0.00621563
-0.010091
-0.00337861
-0.0070248
0.00139393
0.000772975
0.00485789
-0.0143534
0.0129753
0.00556344
-0.00418538
0.000239837
0.00245619
-0.00232773
-0.000368291
0.0121265
-0.000974767
-0.0104552
-0.000696566
-0.000220592
0.000164059
-0.000106485
0.000163018
-0.000253318
0.000158835
9.44826e-05
0.000178275
-5.52461e-05
-0.000376347
0.00755488
0.0167588
-0.0196853
-0.00462835
8.3805e-05
-0.000126122
0.000100388
-0.000189948
7.96269e-05
9.93366e-06
0.00661657
0.0232551
-0.0410276
0.0111559
-0.0215054
0.0017922
0.00161863
0.00023184
3.26068e-05
0.000795319
-0.000490365
0.000275033
-0.000579987
0.000439599
-0.000255477
-0.000234888
-0.0436705
-0.0351896
-0.00563426
0.0134125
-0.00469741
-0.00308081
-0.0070011
0.0142824
0.000178329
-0.00745967
-0.00159079
0.00237221
-0.00463818
0.00385677
0.00410675
0.000364622
-0.00442142
-4.99525e-05
0.000118569
0.000793099
0.00548683
0.00501876
-0.00235184
0.00211589
-0.00478281
-0.00765998
0.00218893
0.00114653
-0.00186546
-0.00454378
-0.000367699
-0.00293536
0.00274188
-1.07977e-05
0.000204274
0.00216224
-0.000990854
-0.00141055
-0.000419976
-0.0031706
0.00500112
0.0215577
0.00375848
-0.00607518
-0.019241
-0.0203351
0.00634373
0.00930066
0.00469073
0.0015153
-0.000292723
-0.014998
0.0156321
0.00570966
0.0453814
-0.0415397
0.0714808
-0.0753225
0.000877698
-0.000433111
0.000597247
-0.00104183
0.0014473
-0.00183676
0.00393853
-0.00354908
8.14613e-05
0.00107888
-0.000280062
-0.000880281
-0.00312255
-0.00147994
-0.000175441
0.00477793
-0.000196841
-0.000517877
0.000420341
0.000294376
0.0287173
-0.00334224
-0.0216166
0.0163155
-0.00784392
-0.00754705
-0.000924565
0.00073543
-0.005739
-0.00153493
0.00653851
0.000262897
0.00312084
-0.00248383
-0.00089991
-0.00400732
0.00212518
-0.00464413
0.00652627
0.00281671
-0.0033016
0.00211835
-0.00163346
0.00288606
-0.000559615
-0.00206355
0.0002088
-0.000339746
2.44602e-05
0.000211481
-0.000498318
-0.000551109
0.000837946
0.00245684
0.000391243
-0.00265741
-0.000190671
0.0146955
0.0403695
0.000500762
-0.00252129
0.007867
-0.00584647
-0.00841044
0.00785838
-1.46746e-05
0.000566732
0.0105259
-0.00740499
-0.00876556
0.00564466
-0.0010921
0.0256301
-0.00129274
-0.0232452
0.000282982
0.000704651
-0.000825626
-0.000162007
0.000117083
0.000784566
-0.000466944
-0.000434705
4.30196e-05
-0.000746133
0.000986096
-0.00189589
-0.000754938
0.000514768
0.00213606
0.00229667
0.00254369
0.0634823
-0.0180936
-0.00262823
-0.0427605
0.00559378
0.00909351
-0.0128113
-0.00187596
-0.000714612
0.000172129
0.000400903
0.000141581
0.00575698
0.00265986
-0.00341968
-0.00499715
0.000760327
0.00542467
-0.000428016
2.19472e-05
-0.00550133
-0.00194536
0.00742475
-0.00460887
-0.00159926
0.00623008
-0.00125011
0.00306652
0.00114397
-0.00296039
-6.55708e-05
0.0011402
-0.00297052
-0.00378899
0.00247332
-0.00184997
0.00739201
-0.00260241
-0.00293963
0.00211911
-0.000253336
-0.00262071
0.000551496
-0.000706355
-0.000345659
0.000500519
-0.00107853
0.000340684
0.00128934
0.00397718
0.0070383
0.00133886
-0.0123543
0.0138942
-0.00912478
0.0261293
-0.0308987
-0.00118543
-0.00710786
-0.000223268
0.00851656
0.000299326
-7.17441e-05
4.2584e-06
-0.00101119
-0.000298204
0.000655648
0.000653752
0.000246301
0.000256067
-0.000502368
0.00204875
-0.000484803
-0.0010209
-0.000543049
0.00101491
-0.000490461
-0.00123081
0.000240397
-0.000304012
-0.00139201
-0.000361604
0.00127055
0.000483067
0.00853216
-0.00365595
0.00237779
-0.000505037
-0.00132913
0.00207456
-0.000845395
0.00202043
-0.00168007
-0.00168997
0.00149892
0.00235325
-0.0021622
-0.00205001
0.0448616
0.00616716
-0.00381373
0.00144643
-0.00379986
-7.61889e-05
5.45064e-06
-0.00033958
-0.0068177
-0.00897371
-0.00307171
0.0188631
0.000103299
0.00346324
-0.00320191
0.00756827
0.0155773
-0.00738868
0.00209194
-0.00119294
-0.000534129
-0.000364865
-0.00126549
-0.000753626
0.000606286
0.00141283
2.88042e-05
0.000249649
2.68365e-05
-0.000305289
0.00251841
0.00298425
-0.0079455
0.0145881
0.00620026
-0.0164228
0.0113838
0.00513647
-0.000204765
-0.00919599
0.0107388
0.00572106
-0.00726386
0.0018451
-0.00099795
-0.000450145
-0.000397
-0.000794356
0.00194807
5.56091e-05
-0.00120932
-0.01079
-0.00136143
0.0132549
-0.00110348
-0.00211565
-0.0014861
0.000955346
0.0026464
-0.000432702
0.000109605
-0.000776807
0.0010999
0.000795962
-0.000214875
-0.000450967
-0.00013012
-4.90469e-05
-0.00207096
0.00132565
0.000771521
4.18586e-05
0.00113469
-0.00062645
-0.000341295
0.00151296
-0.000545213
0.00237241
-0.00178215
0.00230895
-0.00289921
-0.000106032
0.000451749
-0.000302698
0.00729257
-0.0124402
0.0120589
0.00158975
-0.0011547
-0.000315725
-0.00283785
0.00203324
0.00112033
0.000338649
0.00271182
-0.00217326
-0.000877212
-0.00010525
0.000142324
-0.000143107
-0.00033004
-0.00015949
0.000489531
-0.0010794
0.000928967
0.000417031
-0.000266597
0.00247522
-0.00237702
-0.00127303
0.00117483
-0.000759764
0.000487363
-0.000354049
-0.000136286
0.000112751
-4.02912e-05
0.000372316
-0.000699001
0.000326685
-0.000766169
-0.00181033
-0.000944518
0.00352102
5.15907e-05
6.83818e-06
-0.000163678
-0.00182468
-1.23811e-05
0.00054539
0.000275394
-0.000290791
0.000181855
-0.000166458
0.00101561
-0.000376417
0.00214069
-0.00277988
-0.000210604
0.000245285
0.000240713
-0.00157352
0.000165131
0.000246241
0.00116215
0.000765332
-0.00027637
-0.000365548
0.000695008
-0.00162306
0.000928048
-0.000194082
-0.000202695
0.000186172
0.00014225
-0.000336728
0.00179726
-0.00160278
-0.000453407
0.00019793
-0.000161461
1.29947e-05
-0.00153494
-0.000338761
0.00368159
-0.000120889
-0.000802226
0.00140765
-0.000484532
-0.00010519
-0.00162824
0.000545971
0.00118746
-0.000808501
0.000638154
-0.000102698
0.000273046
-6.57117e-05
-0.00258262
0.000192855
0.00245547
0.00047281
-0.000213053
1.34716e-05
-0.000273228
-0.000479918
-0.000345656
0.000704685
-0.00803673
0.0180865
-0.0138458
0.00379606
0.000927314
0.00024134
-0.000335472
-0.000833181
-0.006076
-0.00378842
0.0121216
-0.00225723
-0.000134729
-0.00126044
0.00266652
-0.00127135
0.0017996
-0.00144528
0.0014451
-0.00179941
-2.05119e-05
0.000406445
-0.000865851
0.000617645
-0.000303848
-0.000711616
0.00039782
-0.00178067
0.000189903
0.00215288
-0.000562109
-0.00176874
0.00326118
-0.00169861
0.000206167
-0.000471888
0.00079671
-0.000163495
-0.000161326
0.00191378
-0.00343253
-0.00788881
0.00940756
0.00173428
0.0107058
-0.000684706
-0.0117554
0.0135264
-0.0057944
-0.00931863
0.00158661
0.000248349
0.000914694
-0.00116304
-0.0081921
0.0137987
0.00496973
-0.0105764
0.00368463
-0.00510114
6.74015e-05
0.00134911
-0.000847421
-0.00038628
0.000473937
0.0159519
-0.00692417
-0.00214873
-0.000498065
-0.000384452
0.000410629
0.00687355
-0.00392007
0.00261857
0.00443965
-0.00335093
-0.00111292
2.41952e-05
-0.000408194
-0.000203494
0.000316689
0.000294999
0.0007468
-0.00156954
-0.000211584
0.00272682
-0.000645392
-0.00186984
0.000130908
-0.0034113
-0.000158331
0.00343872
-0.000629888
-0.000535804
0.000319636
2.95923e-05
0.000109752
-8.77538e-05
0.016295
-0.00174004
-0.0220905
0.00753553
-0.000526124
-0.00141549
0.00151959
0.00042203
0.000568601
0.000451215
-0.00221444
0.00119462
0.000240385
0.00307385
0.000671429
0.00139494
-0.00135246
4.17016e-05
-0.00062801
-0.0012288
0.00181511
0.000785661
-0.00168539
-0.00288927
0.00128091
-0.00344021
-0.000671451
0.00283076
0.000919504
-0.000743419
-0.000912754
0.000736669
0.000434726
0.00113681
-0.00209848
-0.00462794
-8.26559e-06
0.00673469
-0.00187518
0.00214979
0.00160674
-0.00188136
-0.000862544
-0.00101264
-0.000507113
-0.000294422
-0.000967201
-0.000190885
0.00176507
-0.000314849
-0.00125934
-0.000636326
0.0019119
-0.00394088
0.00266531
0.00263791
0.00571232
-0.00898656
-0.000268601
0.000457369
-0.000654687
0.000465919
-0.000324817
4.04059e-05
0.000557618
-6.99476e-05
0.000532389
-0.00092197
0.00056829
-0.000156969
6.1489e-05
1.6631e-05
0.000191711
0.000359948
0.00678485
-0.00124156
-0.00514039
-0.000402896
-0.00567801
0.00530732
-0.003797
0.00416769
-0.00317073
0.00999034
-0.00597434
-0.000845264
-0.0025438
-0.00235684
0.00219372
0.00270691
-0.000676685
-0.00313435
-0.00186698
0.00100234
0.00114615
-0.000155341
-0.00199315
-0.000466188
0.00202009
0.000645261
-0.00219916
-0.00326326
0.00301959
0.00220145
-0.00195778
0.000712768
-0.00297369
0.00288317
0.000228752
-0.00127647
-0.00183545
0.000304348
-0.00201376
0.00658714
-0.00487773
0.0101953
-0.0044547
-0.00588262
0.00014204
-0.00650748
-0.0094419
0.001596
0.0033741
-0.00378122
0.00645402
-0.0060469
-0.000940264
0.000210786
-0.00580963
0.00362214
-0.000544489
0.00273198
-0.00892118
-0.00317184
0.00785345
0.00423958
0.000845399
-0.000917063
0.00254688
0.000324437
0.00474732
0.00138008
0.000866117
-0.00100398
0.00053333
-0.000395469
-0.00196889
0.0193211
0.0032936
-0.0206458
-0.00245489
0.00367468
-0.0105681
0.00934833
0.00202003
0.00101128
-0.00213054
-0.000900762
0.00593364
-0.00380479
-0.00162808
-0.000377834
5.25412e-05
-0.000314786
0.000640079
0.000142465
0.000275663
0.000406928
-0.000732762
0.000468299
-0.000287367
0.000746836
-0.0233802
-0.00259195
0.0207457
0.00522644
-0.0110647
-0.000807005
-0.00776042
0.0196321
0.00668138
-0.00208973
0.00175728
-0.00634894
0.0118319
-0.00496853
-0.0101113
0.00324791
0.00474442
7.84059e-05
-0.000722144
0.00120566
-0.000561925
-0.00170312
0.0121491
-0.000709492
0.00243978
-0.00012889
0.000399646
0.00480789
0.0074921
-0.00211261
-0.00138899
0.00165626
0.00184534
-0.000583898
-0.00347291
0.00194116
-0.00143996
-0.0105355
-0.00974871
0.0153769
-3.44499e-05
0.00576368
-0.00221906
-0.0123369
0.000714316
0.0205931
-0.00897052
7.46702e-05
-0.00100927
0.000888296
4.62996e-05
-2.65195e-05
-1.49488e-05
-0.000356781
0.00039825
-0.00706749
-0.0118455
0.017284
0.00162895
0.00345733
0.000501012
-0.00358468
-0.000373663
-0.00110436
0.00187072
-0.00105578
0.000289407
0.000247544
-0.00280194
0.00232134
0.000233049
0.0278046
-0.0264296
-0.00137502
0.000762573
-0.0031972
0.00352953
-0.0010949
-0.000980827
0.000768085
-0.00213002
0.00234276
0.00433366
0.0181731
-0.0371316
0.0436746
-0.0247161
0.00250599
-0.0463118
0.0406145
0.00319128
0.000570102
-0.000553664
0.000438122
-0.000407557
-0.00172295
0.0029395
0.00257693
0.000288031
-0.000654451
-0.00221051
-0.0018308
0.00280913
-0.0131976
0.00119944
0.0011402
-0.00102686
-0.00131277
0.00155266
0.000755704
-0.000306331
-0.00200204
0.000483438
0.00200219
0.00157455
-0.00406018
0.00676515
-0.0133347
-0.000917536
0.00748708
0.00683589
-0.00880058
-0.0017997
0.00376438
0.001485
-0.00322676
0.00103611
0.000705648
0.00128249
-0.00217609
0.00332079
-0.00242718
-0.0100743
-0.00643495
0.0110415
0.00546776
0.00162358
-0.00250119
-0.0025264
0.00340401
0.00255869
0.00144102
-0.00088962
-0.0031101
-0.00116573
0.00125984
-0.000429112
0.000334997
0.00108538
-0.00207662
0.001118
-0.000126767
-0.00373528
0.00408137
0.000259767
-0.000605863
0.000732048
0.000195266
-0.000787284
0.000993184
-0.000670589
0.00046469
-0.00262444
-0.0101598
0.0200769
0.00134739
0.00218803
-0.00364061
0.000238278
0.000209221
-0.000207243
-0.000240257
0.000119827
0.00226015
0.00138908
0.000376816
0.000448949
-0.000314443
-0.000511321
-0.0107451
-0.00899068
0.00335293
0.0163828
-0.0116421
0.00542715
0.000907964
0.00530702
-4.5168e-05
-0.0024531
0.00273811
-0.000340202
0.000741263
-0.000627126
0.000226066
0.00327263
-0.000296402
-0.00135153
-0.0016247
0.000965506
-0.000164798
-0.00190507
-0.00151122
-0.00209629
0.00204761
0.0015599
1.16609e-05
0.000142044
-0.00012736
-2.63447e-05
-0.000537331
0.00145463
-0.0015011
-0.00179986
0.00246492
-0.000633559
-3.15015e-05
-4.20195e-05
-2.34508e-05
-0.00182713
0.0018926
0.00140831
0.00133564
-0.00198388
-0.000760062
-0.000415053
-0.000313157
-0.000422573
0.00115078
0.000102187
0.000164483
6.15963e-05
-0.000328265
-0.000167973
0.000625371
-0.000457398
-0.000123999
-0.000187873
0.000274067
3.78048e-05
-0.000894942
-0.00319453
-0.0031287
0.00721817
-0.000864009
0.00176656
0.000593491
-0.00149604
0.000172485
-0.000377333
0.000870874
-0.000666026
-0.00331021
0.00432992
-0.00123129
0.00238026
-0.000538942
-0.00154427
-0.000297053
0.0167074
-0.00520911
-0.0191424
0.00764409
0.0198493
0.00876326
-0.021996
0.000989289
-0.00076578
0.00303767
-0.00336305
0.00472352
-0.00225542
-0.00394456
-0.00188741
0.00120449
0.000570152
0.00191319
-0.00368784
-0.000385502
-7.20116e-05
-0.000277121
0.000734635
0.0175117
0.00265687
0.00121245
0.00686644
-0.00755832
0.000810451
0.000438121
-0.00138326
0.00126354
-0.000318399
-0.0137139
-0.00189153
0.00328712
0.0123183
0.000790084
-0.000883592
-9.89507e-05
0.000192459
-0.0013655
0.00645201
0.00282499
-0.0079115
0.00433393
-0.00251543
0.000597945
-0.000638339
-0.000364888
-0.0104336
-0.0171807
0.0372121
-0.00959776
-0.000218893
-0.000253758
0.00030751
0.00016514
0.00172469
-0.000831941
-0.000102669
-0.00117456
0.00134767
-0.000335001
0.000161893
0.000747171
-0.000703903
-0.00116403
0.00112076
-0.00113365
-0.000191227
-0.0012224
0.00254728
-0.0024178
0.00204826
-0.00139604
0.00176557
-3.086e-05
0.00068155
-0.000104946
-0.000545744
-1.79254e-05
0.00187137
-0.000374472
-0.00147897
-0.0019182
0.00100318
0.000435418
0.000479599
0.000744997
0.00175687
5.45603e-05
-0.00255643
-0.00536329
0.00389041
0.000107382
-0.000488871
-0.000210666
-0.000184055
0.00121367
-0.00335724
0.0015982
0.000545375
6.59076e-05
0.000617108
-0.000756353
7.33377e-05
-0.02314
-0.00981994
0.0108048
0.0221551
0.000871647
0.00071422
-0.00103652
-0.00054935
0.0018722
-0.00362073
-0.000659942
0.00240847
0.00147209
0.00271743
-0.00460048
0.000410966
-0.00095385
-0.001757
-0.000923944
0.0036348
0.00194617
-0.000195321
-0.000458213
-0.00129264
-0.000636865
0.00165128
0.00148047
-0.0115799
0.013118
-0.0150344
0.0134963
-0.00021668
0.00100704
4.61321e-05
-0.00083649
-0.00363096
0.00179713
-0.00190145
0.0144887
-0.00279708
-0.0161521
0.00446046
0.00285612
-0.00371375
0.00280318
-0.00213569
0.000398403
-0.00106589
-0.000384755
-0.000340163
0.00105959
-0.00160004
0.00265736
-0.00211691
-0.000284485
-0.00144111
0.000483345
0.00124225
0.00249577
0.00204403
-0.00265229
-0.00188751
-0.00120827
0.00129507
-0.00136146
0.00127466
0.00112818
-0.00138406
-0.00119614
0.00145203
-0.00683541
0.000520721
0.00707502
-0.00229555
-0.000113135
-9.11698e-06
1.67947e-05
-0.00172331
0.000850756
0.000855761
0.00195138
0.000514775
-0.00133404
-0.00113212
0.00414433
-0.00251539
-0.000866365
-0.00313491
-0.000623273
0.000870114
-0.0019708
-0.0013976
0.00269993
0.000668465
-0.00110203
-0.00106936
0.000869632
0.00130176
0.000427884
4.47934e-06
0.000174206
-0.000606569
-0.000835651
0.000209687
-0.000622292
0.00124826
-0.00499223
-0.00125611
0.00372705
0.00192871
-5.31406e-05
-0.000985516
-0.000890052
0.00117727
0.0114842
-0.00526139
-0.00714137
0.00976223
-0.00188543
-0.00166437
0.000412531
0.000967351
0.000265543
-0.00159989
0.00060177
0.000732579
0.000119216
-0.000255894
-0.00235222
0.000889146
0.000879177
-0.000995497
-0.000847474
0.000898576
0.000944395
0.000418646
0.000492065
-0.000967402
-0.000165225
-0.000625491
0.000391563
0.000399153
0.00112026
0.000802588
-0.000198159
0.000843182
-0.00043451
-0.000623547
0.00760362
-0.0049398
-0.00139679
-0.00126703
0.00165445
-0.00209695
0.000659086
-0.000216586
0.00130463
-0.00113111
4.07247e-05
-0.000695941
0.00160945
0.00342042
0.000686836
-0.00179192
4.98285e-06
0.0011001
-0.000489223
0.000714444
-0.000106005
6.33796e-05
0.000481649
-0.000640442
9.54141e-05
-0.00103871
0.00264221
-0.00157703
-2.64622e-05
-0.00100255
-0.000481896
0.00107306
0.000411394
-3.0773e-05
0.00476012
-2.63949e-05
-0.0148818
0.00147272
0.000587007
0.012822
-0.000464815
-0.00114578
0.000615094
-0.00237948
0.00288911
-0.000681042
0.000196298
0.000179481
-0.000291488
-8.54818e-05
-0.0247356
0.0274299
0.00276795
0.00668042
0.0073104
0.00902225
0.00337681
-0.00756867
-0.00163228
0.000546198
0.00117799
0.0115063
0.00481794
-0.0135563
0.0147498
-0.000927202
-0.00595573
-0.000183808
-0.00117482
0.00134071
0.00293368
0.0348506
-0.0330825
-0.00470184
-0.00116076
0.0026784
0.00293724
-0.00445488
5.96033e-05
-0.00149716
0.00299657
-0.00155902
0.000769155
-0.00231443
0.00140548
0.000139791
0.00255734
0.00154333
0.000421417
-0.00452208
-0.0118466
-0.00349719
0.0216173
-0.00627353
-0.00979778
0.0122064
0.00326126
-0.0056699
-0.000771217
0.000627573
-0.0042178
0.00436144
-0.0305595
0.027544
-0.0208363
-0.00184008
-0.00169534
0.00325611
0.000279312
0.00117195
-0.000580957
8.14224e-05
0.0253015
0.00144598
-0.0182303
-0.00251058
-0.00474294
-0.00194247
0.0067903
0.00713629
-0.00748391
-0.00644268
0.00496844
0.00267157
-0.001188
-0.00689718
-0.0617031
-0.00189809
-0.00546824
-0.00728567
0.00902831
0.00572368
-0.00279506
-0.00596848
-0.0232011
0.0235272
-0.000326144
-0.00403864
0.00175535
0.000959384
-0.00174923
-0.00208602
0.00147627
0.00264391
-0.00203415
0.00011201
0.000665854
-0.000135171
-0.000642693
-0.00267787
0.0104055
0.00548281
-0.0132105
-0.00131598
3.39708e-05
0.000463419
0.000818592
-0.00412788
0.0019413
0.000821971
0.00136461
0.00329129
-0.00859476
-0.00180439
-0.000826409
0.000534671
0.00012651
0.000165228
-0.00609291
0.0030781
-0.00315268
0.00616749
0.000278236
-0.000182818
0.000310387
-0.000405805
-0.0335142
0.018814
-8.74109e-05
0.0147876
-0.00185692
-0.0009148
0.00150212
0.0012696
0.00601708
-0.000719361
-0.0284377
-0.00135908
-0.000137846
0.00603959
-0.0504507
-0.00727403
0.00394566
0.0271223
-0.028562
0.0103115
-0.00176303
-0.0140167
-0.000152541
0.000181345
0.000200843
0.000622258
-0.000823101
-0.000274302
0.000249835
-0.000100761
0.000125229
-0.00166412
0.00100686
-0.000423996
0.00108125
-0.00243695
-0.000902792
0.000445999
0.00289374
-0.0013581
0.000706324
0.00142329
-0.00333689
-0.0026793
0.00110292
0.00330162
-0.00172523
0.000807644
0.00056552
-0.00092525
-0.000229281
-0.00251167
0.00436453
9.97839e-05
-0.000167056
-0.000805046
-0.000586212
0.000336484
0.00105477
-0.00104883
-0.000256524
-0.000358763
0.000982551
-0.00278405
-0.00234064
-0.00113819
0.000814256
-0.00013377
0.000457701
0.00276355
0.000801816
-0.00162918
-0.0051865
0.00688903
0.00112245
-0.00857795
0.00207919
-0.0168814
-0.00497035
0.00818369
0.00188921
-0.00510255
-0.0121193
-0.00689218
-0.00665807
0.00812737
0.0059227
0.000254582
0.00103231
-6.29657e-05
-0.000108805
0.00017177
-3.2288e-05
0.000191123
-0.000674733
0.00191545
0.00111853
-0.000425077
-0.000263003
-0.000430452
0.00473493
0.0115931
-0.00109785
0.001677
0.000867573
0.00057627
0.000887039
8.35869e-05
-0.00351442
0.00349408
0.00181477
-0.00249214
-0.000124963
-0.000298258
-0.000455274
0.000878494
-0.00117097
0.00265757
-0.001427
0.00296118
-0.000501548
-0.00140004
0.00172568
0.00778012
-0.00515192
-0.00435388
-0.00465677
-0.000986737
0.00509083
0.000552683
-0.00103282
-0.000322044
-0.00115734
0.000424324
0.000231307
0.000501708
0.000879201
-0.000379083
-0.000860785
-0.00109172
0.000942177
0.000149542
0.00041178
0.00040523
-0.000452874
-0.000364136
0.000136768
-0.000622488
0.00129998
-0.000591837
-0.00093756
6.67119e-06
0.00152273
-0.0003582
0.000773223
-0.000626561
0.00112752
-0.000364186
0.00189124
0.000180722
-0.000120584
-0.00452357
-0.0154974
0.0227969
-0.00277595
-0.000780627
0.000359379
0.000256023
-0.00010846
0.00156343
-0.000357145
-0.00109782
0.000927528
-0.000220083
0.00444657
0.000404486
-0.000607853
0.000502831
-0.000299463
0.000417814
0.000582573
-0.00012874
-0.00155988
-0.000307549
0.00209677
-0.000831562
0.00263991
8.14632e-05
-0.000402807
-0.000569665
0.00034698
0.000149852
-0.000359663
-0.000127265
0.000337075
-0.000375339
-0.00264779
-0.00054215
0.000167065
-0.000580388
0.000831136
-0.000868074
-0.00047641
-0.00268506
0.00037793
0.00424225
-0.00193512
0.00228554
-0.00405442
0.00186716
-9.8271e-05
0.00387394
0.000283801
0.00267475
-0.00261029
-0.00274953
0.00250774
7.47757e-05
9.22415e-05
0.000517643
-0.000149831
-0.000367812
-0.000234326
0.000725921
0.000184421
-0.000676015
-0.000878899
0.000350246
0.000794002
-0.000265349
-0.00126898
0.000155757
-0.000430654
0.000698635
-0.000192082
-7.58989e-05
0.000680372
0.000276542
-0.00107631
0.000119393
-0.0010813
0.000968309
-0.000373777
0.00213464
-0.000357613
-0.000736909
6.48244e-05
0.00158248
-0.00164829
0.000583716
-0.00504136
0.0177724
-0.00558369
-0.00714734
0.0030141
0.00279814
0.00315525
-0.00896749
-0.00935791
-0.0103975
0.0187247
0.00103077
-0.00212868
0.00832259
0.00433199
0.00364974
0.00129855
0.00191571
-0.00686401
0.00805519
0.0126571
-0.022619
0.00190677
-0.0743855
-0.0487616
0.0508985
-0.00497245
0.0127853
-0.0103132
-0.01175
0.00641763
0.00398811
-0.0238907
0.0311473
-0.0136907
0.00643407
-0.00942044
-0.00107838
0.00649149
-0.00282508
0.0129477
0.0287719
-0.00937226
0.00320847
-0.00224666
0.0261897
0.0120722
0.00328415
0.0304271
0.00074702
-0.000326738
-0.000241645
-0.00128377
0.000559858
-0.00146048
0.00208517
0.000254512
-0.0101212
-0.00298709
0.00202221
0.0110861
0.00461763
-0.0112097
0.0128441
-0.00625194
0.0089533
0.00132554
-0.00566121
-0.00131123
-0.00125626
0.000262675
-0.00107599
-0.00584475
0.00247008
-0.00375454
-0.00207859
-0.000703044
-0.00210097
0.00196836
9.72866e-05
-0.00265725
0.000862691
-0.00135035
-0.000823567
-0.000364288
-0.00132425
0.00114427
-0.000390044
0.00206007
0.00739374
0.0107916
-0.0108749
0.0227346
-0.00581248
0.00526463
-0.0221868
0.0107062
-0.011008
0.00769553
0.000843217
0.00427151
0.000534402
-0.00564913
0.00179063
0.000434041
0.00122376
-0.00344843
-0.00655371
-0.00101359
0.00419768
0.00336962
0.00589631
0.00215358
-0.00311031
-0.00493958
-0.00461182
0.00395442
-0.00180723
0.000243273
0.000122848
0.00538734
0.000835881
-0.00254764
-0.00367558
0.00104497
-0.000463983
0.000132702
-0.000132991
0.000464273
0.000402882
-0.000891523
0.00161616
0.000363871
-0.000121707
0.00115576
-0.00374132
0.00382231
0.00293312
0.000473908
0.000489247
0.000570484
-0.00153364
-7.09734e-05
-0.000971551
0.000696868
0.000685257
0.0011612
-0.0029582
0.00111175
0.000944529
0.00184077
0.00199587
-0.00478117
-0.000414791
-0.00279904
0.000920239
0.00229359
0.00104969
0.00262258
0.000341163
-0.00401343
-0.00428381
0.00680894
0.00105388
0.0022987
0.000196405
-0.00354898
0.00219492
0.0167149
-0.0140087
-0.000139544
-0.00256661
-0.0143154
0.016386
0.0146442
-0.0193445
-0.00951648
0.00178906
-0.0184028
0.00229836
-0.00760881
0.00657542
-0.00164658
0.000625699
0.000933468
8.74124e-05
0.00128822
0.00607757
-0.00974732
0.00238153
-0.00080407
0.000221856
-0.000746391
0.00132861
1.54821e-05
7.73776e-05
-0.000213285
0.000120425
-0.00164034
-0.0162584
0.01029
0.00706907
0.00436459
0.00209276
0.00200571
-0.00182396
0.0084564
-0.0169714
0.0203311
-0.0118162
-0.00724511
0.0201475
0.00409371
-0.0169961
0.0208501
-0.00100983
0.00543964
0.0299686
-0.0354083
0.00194708
0.000619299
-0.000147558
0.000354903
-0.000454745
0.0002474
0.000468074
-0.000615632
-1.02744e-05
0.000352348
-0.000560967
0.000704814
-0.000400578
-0.000350248
4.60115e-05
0.000267689
0.000426851
-0.000355244
0.000117166
3.7245e-05
0.000200833
-0.00228004
0.000600113
0.000287919
-0.00150333
-0.000408523
0.000778207
-0.00673927
-0.0191253
0.0190469
0.00196476
0.000122747
0.000189591
0.000453228
-0.00309135
0.00155772
0.00237685
-0.00643064
-0.00121941
-0.00203669
0.000611034
0.00264507
6.10166e-05
-0.00266456
-0.000433837
0.00187898
0.00361999
0.00449301
-0.00329781
-0.00481519
-0.00113939
-0.00010147
0.000777774
0.000463083
0.0021765
0.000103378
-0.00135235
0.0010119
-0.000806198
-0.000638403
-0.00139842
5.81002e-05
0.00243899
-0.00178537
-0.00205204
-0.0238731
0.0289545
0.0211083
0.000522768
-0.00144792
-0.0013549
0.0123756
-0.0119369
-0.000449689
1.10142e-05
-0.0022942
0.0019408
-0.000492
-0.00531303
-0.0120653
-0.0136117
0.00968105
0.0107665
-0.00063753
-0.00329128
0.00184278
-0.00146795
-0.000296316
0.0045049
-0.00274063
0.00147571
0.00120228
-0.0245067
0.0247898
0.00777204
0.00666389
-0.00376102
-0.000243015
-7.33466e-05
0.025437
-0.0253637
-0.0157889
0.00611427
-0.000383005
-0.00292689
0.000535202
0.00993011
-0.00599974
0.000877513
-0.00074934
-0.00150803
0.00592825
0.00141422
-8.62666e-05
0.00035563
-0.000137515
0.00207079
-0.00212175
-0.000575035
0.000626003
-0.000266287
0.000377683
-0.000293852
0.000182456
0.0203205
-0.00562699
-0.00185346
-0.00220297
-0.00239094
-0.00400013
0.0114925
0.0118158
0.0352157
-0.00366195
0.000855597
0.000427317
-0.00288296
0.000333419
0.0011397
-0.00147312
-0.00831988
-6.55178e-05
0.00860629
-0.00022089
0.000748951
0.00231324
0.00185358
-0.00295316
6.63772e-05
-0.00286682
-0.00197826
0.0047787
-0.0013212
0.00332457
-0.00401712
-0.000593568
0.00135756
0.00641351
-0.00922991
0.00419038
-0.00137398
0.00385576
-0.00920919
0.00374349
-0.0107028
0.00637365
-0.00459205
-0.0542845
0.010614
-0.00672031
0.00871727
0.0016653
0.000602297
0.00018859
-0.000539039
0.00136191
-0.00190417
0.000800939
-0.000443596
-0.00102038
-0.000925408
-0.0003618
0.000830642
0.000456566
0.00618143
-0.00873659
-0.000559033
0.000160427
-0.000612589
-0.0371077
-0.0171768
0.000320323
0.000213447
-0.00053377
0.00254375
-0.00360833
0.00368715
-0.00245737
-0.000589158
0.000259118
-0.000860618
2.21759e-05
-0.000240959
0.00663055
0.00158396
-0.00650304
-0.00171147
-0.00713973
0.00184869
0.0021192
0.00160264
0.0101015
-0.00269408
0.000856675
0.00133592
-0.000159629
-6.1352e-05
-7.97729e-05
0.000300754
0.000194491
-0.000248456
5.39648e-05
1.03625e-05
0.00170377
-0.00242362
0.00235681
0.0523877
-0.0372812
-0.0174633
-0.000705228
0.00123542
-0.000650255
0.00200109
-0.00447255
-0.00498738
0.00745883
0.00454611
-0.00784088
0.00957215
0.0117681
-0.00356783
0.00592337
0.00515334
0.00233576
0.000708926
-3.99459e-05
-0.000246835
0.000186208
6.06267e-05
0.00121179
0.000263097
0.000170592
-0.00164548
0.000253376
0.00129183
-0.000821474
0.00107485
0.000435659
0.00124285
-0.00141541
-0.0121032
0.0132616
-0.00142679
0.000268408
0.000760065
0.00493948
-0.0155155
0.00981597
0.00744764
-0.00241203
-0.0178365
0.0125541
0.00529234
-9.89664e-06
-0.00312903
-0.00795449
-0.000853358
0.000101913
0.000109955
-6.54707e-05
-0.000146397
0.000222823
8.78499e-05
-0.000444488
0.000133814
-0.000318939
0.0021647
-0.00252037
0.000674609
-0.000285009
0.00036186
-0.000167405
9.05545e-05
-0.000251297
-0.000198834
0.000165122
0.000207517
-0.000346785
-0.000215976
0.0300782
0.0063556
-0.0372557
4.45829e-05
5.08355e-05
-0.000346716
-0.0182453
-0.000618214
-0.000615844
0.000429011
-0.000133905
9.932e-05
-6.13282e-05
9.59135e-05
-0.00076801
0.000204018
-2.22202e-05
0.00226572
-0.000585818
0.00101479
-0.00269469
-0.000743703
0.00131422
6.13998e-05
-0.00189462
0.00110513
-0.000557309
0.0013468
0.000389688
0.001337
0.000918671
-0.0024236
-0.000231234
-0.000693641
0.000181172
-0.00230897
0.000703013
0.00244493
-0.000838972
0.0139315
-0.013841
0.0128143
0.0121436
-0.0178858
0.000409352
-0.000686202
0.000525199
-0.00250016
-0.000380861
0.0023121
0.000568917
-0.000676123
0.000263776
-0.00208781
0.00184069
-0.000103524
-0.00272494
0.000987779
0.03609
0.0273923
-0.00804038
0.00247608
0.000851858
-0.00112171
0.0005351
-0.000265251
-0.000376147
-0.000196743
0.00142475
0.00246223
-0.00215771
-0.00210374
0.00179922
0.00136717
0.00489437
-0.00839022
0.00502995
-0.00299782
-0.00296278
0.000930639
0.000984926
0.000749458
0.00070125
0.00222451
-0.00033615
-0.00258961
0.000217177
0.0018514
-0.00136732
0.00044524
0.00187885
-0.00077142
0.0015568
0.00212635
-0.00219815
-0.000608056
-0.00217347
-0.00408129
0.000416962
0.0011651
0.00249923
0.0300518
0.0284129
0.0216522
-0.00250138
0.00233145
-0.000176097
0.000346028
-0.000926934
0.000147717
0.000698516
0.000607531
-0.000994802
-0.0172065
0.0150777
-0.00222183
0.00435061
0.000472414
-0.000206043
-0.0148391
0.0100727
0.0126551
-0.0286163
-0.00171782
6.72969e-06
0.000649793
0.000221563
0.000638532
-0.000402727
-0.00185745
-0.00102067
0.00242673
-0.000492044
-0.000673851
-0.00114308
0.00055464
0.00112813
-0.00231963
-0.0126868
0.0070415
-0.000139231
0.000582741
-0.00093238
0.00491625
0.00450217
-0.0120934
0.00267496
0.000971969
0.00780285
-0.00217598
0.00036024
0.000919904
0.00248987
-0.00325726
-0.00318243
0.00394983
-0.0116982
0.0244357
0.0145076
-0.0272451
-0.000521647
-0.00183074
0.00154265
0.00022842
-0.00248005
0.0167403
3.15889e-07
-0.00181711
0.00527693
-0.00791181
6.19588e-05
0.00111058
-0.00562441
0.00983912
0.000810865
0.0019639
-0.00808303
-0.0010745
0.00202035
0.00713717
-0.00951758
-0.0024595
-0.0129537
0.0249308
-0.00736493
0.000134736
-0.00209362
-0.00982605
0.00588809
0.011007
0.000132196
-0.000228636
0.000473255
0.018225
-0.0285517
0.0307331
-0.00101515
0.000360327
-0.000621638
0.00127646
-0.00240754
-0.00219315
0.00221579
0.0113571
-0.0014903
0.0128318
-0.00939985
-0.00608594
0.0104921
-0.0155731
0.0014053
-0.00925963
0.0100701
0.00754373
-0.0014796
0.00529298
-0.00112507
-9.29672e-05
0.00398158
0.0008961
0.00157731
-0.0170426
-0.00923905
0.0122166
0.00656509
-0.000114673
0.000975509
-0.000957486
9.665e-05
-0.0127263
0.00201068
0.00745713
0.00325846
0.00952988
0.00929332
-0.0120581
-0.0051906
9.10371e-05
-0.00978221
0.000982319
-0.00634568
-0.000329602
0.00355378
0.00647119
0.00689322
-0.0169182
-0.014482
0.0225955
-0.00603435
0.00362131
-0.0116915
-0.000376177
0.00844636
-0.00471436
0.00209594
0.0118947
-0.00927626
0.00833091
0.00699284
-0.0162413
0.000170942
0.000991612
8.95884e-05
-0.000293031
-7.08591e-05
-0.000446885
0.00161853
9.68957e-05
0.000305095
-0.00189851
-3.48217e-05
-0.000268621
4.60515e-06
1.43042e-05
0.000249712
-0.00017596
0.000370791
-5.18364e-05
-0.000142995
-0.00036433
0.000202094
0.000160486
0.000116234
0.000271383
-0.000548103
-0.000213885
-0.000117624
-3.28215e-05
-0.000342219
0.000184734
-0.000339171
0.000496656
-0.000147524
0.000404348
-0.000599044
-0.000353771
0.000400634
0.000940506
0.00557423
-0.00395604
0.00756357
-0.00439848
-0.00222459
-0.00389836
9.13408e-05
-0.001018
0.00482503
0.00300931
0.00241045
-0.00331736
-0.0021024
0.00613035
-0.00136561
-0.00419338
0.0242979
-0.00104373
-0.0102636
-0.00142947
0.0100726
0.00162041
0.0136927
-0.00635681
-0.0132497
0.00591378
-0.000635937
0.00105308
-0.00014211
-0.0036305
-0.00147515
-0.00203408
0.00416411
-0.00477352
-0.00302109
0.0063635
-0.00145213
-0.00225427
0.000825085
-0.00320161
0.00463079
0.000726265
-0.00118993
0.00169591
-0.00123224
0.00099322
0.000565066
-0.000262636
0.000921961
-0.000659325
0.000593899
-0.000848794
-4.91169e-05
-0.000589439
0.000267877
0.000311406
1.01559e-05
0.000768176
-0.000172749
-0.000275655
-0.000319773
0.000704772
-0.000442803
-0.00500343
0.00813437
-0.0124889
0.00156195
-0.0114282
0.0104043
-0.000538092
0.000318118
0.000663165
-0.000213106
4.7223e-05
0.000386563
0.000738166
0.000464887
0.0125813
-0.00995205
0.0037642
0.00307941
0.00310844
-0.00120405
0.00691094
-0.000240922
-0.00546597
0.000904682
0.00203096
-0.00240766
-0.000527989
0.00227976
-0.000671944
0.00018944
0.00165858
-0.0047481
3.51847e-05
0.00142961
-0.000224829
0.000449676
-0.00331079
0.00738891
-0.000456814
-0.00251212
0.00666679
0.00032199
-0.000148489
0.000144617
0.0177036
0.016745
-0.0145992
-0.0047483
0.000659205
0.00370609
0.00152724
0.00374424
0.00065677
0.0185718
-0.0141515
-0.00442037
-0.00193638
-0.000237477
-0.00227016
0.00424307
-3.34618e-05
-0.000823587
-0.000802936
0.00344129
-0.000750624
-8.70332e-05
0.000838892
-1.23475e-06
-0.00010946
-5.46443e-05
0.00063696
-0.000472856
-0.000553017
-0.000376533
-0.00431203
0.00266379
-0.00535286
0.000239018
-3.15008e-05
-0.00224558
-0.000626582
0.00224265
0.000629505
0.00107823
-0.00288543
0.000357338
-0.000133103
-5.55765e-05
-5.40216e-06
-0.00149127
-0.00299558
0.0021514
0.00233545
-0.0007948
-0.00011083
0.000384913
0.000520716
0.0209491
-0.0134159
0.00292783
0.000648758
-0.00554506
0.00196847
0.00103422
-0.00209808
-0.00888818
-0.00111413
0.00544543
-0.000957197
0.00101254
0.0108035
-0.00169751
-0.0101186
0.02025
-0.0125541
0.00412223
-0.00507565
0.00524974
-0.00465918
0.00540719
-0.00231182
0.0048693
-0.00159981
-0.000957676
-0.00920836
0.00231683
7.67025e-05
0.00233788
-0.000127421
0.0131719
-0.0109204
0.000629285
-0.00288082
-0.00292816
-0.000507334
0.00224306
0.00119243
-0.00313895
0.00253226
0.00319479
-0.0025881
0.00164276
0.000738031
0.000839673
0.00269521
-0.00283608
-0.000698799
-0.000237685
0.000494749
-0.001587
0.00132993
0.00753317
-0.00144282
-0.000170191
-0.000123019
0.000160108
0.00123589
0.000681055
-0.000891964
-0.00173631
0.00246619
-0.00115796
-0.000865799
0.00108223
0.000941527
0.000448082
-0.00602773
0.0151095
-0.000924775
0.00233403
-0.00253432
0.00151963
-0.00284818
-0.000406853
0.0017354
-0.000728399
0.000997981
-0.000684635
-0.0020013
0.00371589
-0.00190582
0.0017454
-0.000976338
-0.000522955
-0.000246108
-0.00034999
0.000203244
0.000827118
0.000292966
0.000916676
-0.000622918
-0.000586723
-0.000669445
-0.00111936
0.00140791
0.00127481
0.00186636
-0.00660206
0.00256342
-0.00239272
-0.000585041
-0.000926791
0.0005092
0.00100263
0.00108285
-0.0017357
-0.00179205
-0.00270257
-0.00059843
0.0105345
0.0134162
-0.00643905
0.00268093
-0.00107215
0.000553469
-0.00404798
0.00485893
0.00168367
-0.00330739
-0.000702695
-0.00353286
0.00197299
-5.90033e-05
-0.00159766
0.000609625
0.00104704
-0.00176654
-0.00216398
0.000338092
-0.000874388
0.000477293
0.000175885
6.45451e-05
-0.000156433
-8.39974e-05
-0.000786854
0.000968155
-0.000386729
0.000205428
-0.000414408
7.90722e-06
-0.000534632
0.00173327
-0.00120654
0.000306245
-0.000165476
0.000177066
-0.000317834
5.56848e-05
0.000236088
-0.000291773
0.000152872
0.000442852
0.000650939
-0.000499892
0.000139482
0.00180221
-0.000172083
-0.00176961
-0.00100568
0.00102254
-0.000129043
0.000112177
-0.000372162
-0.00164207
-0.00211365
0.000955627
-0.0180712
-0.00320476
-0.00152538
0.000491456
-0.0090314
0.00800066
0.00572147
0.00820313
-0.0248178
-0.00789204
-0.000977379
-0.000712015
-0.00240022
0.00408962
-0.00412113
0.0068093
0.000284566
0.0104786
-0.00434966
0.0100324
-0.00173504
-0.000737667
-0.0075597
0.000102212
-0.00054231
-0.000565579
-0.00250863
0.00393606
-0.0435261
0.00733027
0.0137683
9.90496e-05
0.00119606
-0.00180146
0.000506357
-0.000371745
0.000809695
-0.000307593
0.000991332
0.00571565
-0.000970783
0.00070317
-0.00074861
-0.00192727
-0.00102788
-0.00166443
-0.0012353
-0.000222812
-0.00378348
-0.00257148
0.00442769
0.00159163
-0.00216281
0.000581548
-0.0108594
0.00534103
-0.00215823
0.00149314
-0.0124086
0.0023929
-0.000838326
-0.000343024
-0.00121155
0.00214907
0.00241399
0.00234297
-0.000339881
-0.001781
-0.000222098
-0.00112298
-0.00250704
0.00197367
0.00165635
-0.000108178
-0.000333797
-0.000239067
-1.9528e-05
-0.000556465
0.000502631
7.33616e-05
-0.00144317
-0.000275624
0.00111529
0.000603505
0.00138059
0.000151521
-0.00204225
0.00976338
-0.00526748
-0.00366002
0.00241304
-0.00231557
-0.000521622
2.59411e-05
-0.000122533
0.000170635
-0.000885113
-0.0020012
-0.00221969
-0.00148671
0.00151407
-0.00142491
0.00139754
0.000502718
-0.000814748
-8.49685e-05
0.000396998
-3.72444e-05
0.00013731
-0.000674613
-0.000623706
0.000838707
0.00219071
-0.000412416
-0.00117654
0.00215732
0.000293854
0.00539271
-0.00579417
-0.00303289
0.00149567
6.79405e-05
0.0024276
0.00262359
0.000838702
-0.00588989
-0.0115279
0.01441
-0.00295107
0.00284955
-5.77503e-05
0.00015927
0.0014189
0.00188384
-0.000472709
-0.000711284
-0.00184889
0.000355284
0.000162095
-0.00554692
0.0052445
0.00129375
0.000114361
0.000172748
-5.0754e-05
-0.000236355
0.000108511
0.000434445
-0.000441551
-0.000101406
1.90672e-05
-0.000187356
0.00135196
-0.00118367
0.000410431
-0.000217155
-0.00032531
0.000132034
0.000277805
-0.00131752
0.00179542
0.00320877
0.000236087
5.56213e-05
-0.000470027
-0.000372449
-0.00333849
0.00372889
-0.00184714
0.00172688
0.00307677
-0.00295651
-7.82119e-06
0.000329898
-0.00022668
-9.53972e-05
-0.000729211
-4.27822e-06
0.000721384
1.2106e-05
0.00158735
-0.000956742
-0.000476934
-0.000153673
-0.00217257
-0.00105723
0.000508887
0.00272092
0.000660433
-0.000478884
-0.000118169
-0.0014173
0.000623869
-0.000183075
0.00097651
0.000637511
-0.00200575
0.00212065
-0.000752413
-0.000842565
7.9573e-05
0.000315755
-0.000809711
0.000630743
-0.00128152
-0.000177438
-0.000272477
-0.000832915
5.61746e-05
6.21285e-05
0.000648448
-0.000902596
-0.00135006
0.0016042
0.000600774
-0.0012816
-0.000295787
0.000976614
0.000212396
-0.000209389
-3.00753e-06
-0.000153066
0.000150899
-0.00029708
0.000299247
0.000772416
-0.000197654
0.000303217
-0.00022448
3.01803e-06
-8.17549e-05
-0.00148612
0.00294623
-0.00150094
4.08348e-05
0.000158907
0.00130759
-0.00193268
0.000473101
0.000359464
-0.000214921
-0.00107674
0.00199848
-0.00150337
0.00230432
0.000518629
-0.000394173
0.000380536
0.000163489
-0.000565128
0.000792178
0.000808196
-0.00103525
0.000947462
-0.000507863
-7.32251e-05
-0.000914991
0.00227916
-6.23151e-05
0.0030536
-0.00265476
-0.000336532
-5.02502e-05
0.000279831
0.000964963
-0.00119454
0.0011454
0.00028641
0.000287751
7.22415e-06
-0.000581385
0.000527535
-0.00042865
0.000123925
-0.00022281
-0.000329897
0.000192609
0.000423698
-8.87334e-05
-0.000605043
-0.00067557
8.01631e-05
0.000388737
0.000121742
-0.000590642
-0.00539122
0.0129163
-0.00223292
0.000696123
0.000913093
0.000564885
5.96054e-05
0.000140841
-0.00757477
0.00270195
-0.000488073
0.000190299
0.000377937
0.00316347
-0.000398839
0.00185132
-0.00721096
-0.00171617
0.000240695
0.0104288
-0.00283696
0.0022781
-0.00745947
0.000783027
0.00399905
0.00267739
-1.45787e-05
0.000446624
0.000244577
0.00052115
-0.0119138
-0.00121245
0.0115068
-0.00193017
-0.000351614
-0.000853132
-0.000124048
-0.000481151
-0.000275859
-0.0013132
0.000725047
-0.000155097
-0.00288978
0.00558863
0.00295548
0.00226371
-0.00976975
0.0095766
0.0165792
-0.00131901
0.00040116
0.00275862
0.00012485
0.000508464
0.000686671
-0.0007051
-0.000800207
0.000818637
-0.0142592
-0.00220788
0.00671839
0.00379546
-0.000974552
-0.00430085
-0.00719638
-0.0078295
-0.0351455
0.00143531
-0.000824659
-0.000345987
0.00122213
-5.1487e-05
-0.0265448
0.00343924
0.0291227
0.000817055
0.00627544
0.00250518
-0.00635303
0.00029937
-0.00336358
0.000147943
0.00066057
-0.00141817
0.000609654
0.00285093
-0.00104322
0.00294703
-0.00033512
-0.000416983
0.0014899
0.00116697
-0.00802016
-0.000242888
-0.00159138
0.00148428
0.00213573
0.00151945
-0.000154428
-0.000560627
-0.000559204
-0.000299219
4.56163e-06
-0.00350625
0.00103679
-0.0190359
0.00126898
-0.000609125
-0.000783899
-0.00209237
0.0105957
-6.81532e-05
-7.1172e-05
0.000629221
-0.00134667
0.00294937
-0.000366539
0.00126534
-0.000846594
-5.2205e-05
-0.00144724
-0.000565876
-0.000125595
0.000835538
0.00717262
-0.0145818
0.00941987
-4.13826e-05
-0.000146152
-6.91633e-05
0.000256698
-0.000768512
-0.000409661
0.000570319
-0.00763753
0.000391806
-0.000563315
-0.00137178
-0.000211832
-0.000168733
0.000643666
-0.000220351
-0.000475034
0.000726173
0.000374559
0.000333465
0.000320133
-0.000648605
-4.99263e-06
-0.000227264
0.000216271
-0.000168702
0.000343059
0.000450542
-0.000624899
0.000805994
3.49496e-05
0.000213831
0.00565617
-0.00769967
-0.00138903
0.016739
-0.0112516
0.00168514
-0.0016
0.00303423
-0.00145814
2.39177e-05
-0.000641833
-0.0237852
-0.00197336
-0.0201593
0.0145388
-0.00215255
0.0306721
0.0392791
-0.0207645
-0.00462038
-0.0298559
0.0291072
0.000748789
0.000758966
0.000595214
-0.000596852
0.0394961
-0.018914
0.0204845
-0.02076
0.00206764
-0.00204266
-0.00630179
0.00825148
-0.00746487
-0.00705752
0.00817671
-0.006405
0.00589107
-0.00508863
0.00112789
-0.00283966
-0.000665239
0.0257978
0.00149206
0.00223819
0.00284024
0.00248759
0.00425306
-0.0037128
-0.00302785
0.000214552
-0.000333665
0.000196491
-0.000149252
-0.000256051
-0.000230634
0.00540653
-0.00314371
0.000220939
-2.94204e-05
-0.000411051
0.000219532
-0.000502652
-3.96951e-05
0.00117965
5.94882e-05
-0.000554436
0.00193565
-0.00116404
0.000129522
-0.00286549
0.00386386
4.23582e-05
-0.000349347
0.000238836
-0.00498514
0.00078877
-0.000221835
-0.00311944
0.00344458
-0.00472016
0.00327044
-0.00033945
-0.0031768
-0.000682701
0.00419896
-0.000431666
0.00610433
0.0108387
-0.0139042
-0.00303887
0.00100094
-8.78743e-05
0.000148701
-0.00106176
-0.000110715
2.78141e-05
8.2901e-05
7.62581e-05
0.000223528
-9.05652e-05
-0.00353084
0.000307134
0.000500956
0.00272275
0.000184653
-0.000948623
-0.000501523
0.000704273
-0.00113802
0.000486456
0.0206733
-0.0131908
-0.000870896
-0.00661166
0.00156227
0.0209979
-0.0110539
0.0356778
0.00465528
-0.00971781
-0.0306153
0.000599238
-0.000346413
0.000473348
-0.0259286
0.0156716
-0.0173461
-0.0132568
-0.00231737
0.000313161
0.015261
0.00209324
0.00627341
0.000999557
0.00037741
-0.00083077
8.199e-05
4.18347e-05
-0.00111167
-0.0136088
0.00581844
-0.000503067
0.000449099
-0.0011676
0.00122157
-0.00205824
0.00110501
0.000450166
0.00991897
0.0111958
0.00145303
-0.0119397
-0.000709168
0.00397592
-0.0155827
0.00629381
0.0103794
-0.0119872
0.00698842
0.0025126
-0.00263458
0.000639705
-0.0010407
0.0187852
-0.00191025
0.00842661
-0.0338155
0.00508844
-0.0122108
0.000106899
0.000758784
0.000697744
-0.000649512
-0.000917098
0.00044255
0.00112406
-0.000252884
-0.000233753
0.000452621
3.40158e-05
-0.000648135
3.63007e-05
0.00106093
-0.00139835
-0.000292276
0.002036
-0.00110505
0.00181708
-0.000334966
0.00024622
0.000438434
-0.000349687
-0.000485246
0.000100556
0.0017564
-0.00171773
-0.000139226
-2.52813e-05
0.00153612
-0.00141028
-5.71147e-05
0.00212377
-0.000700863
0.000540053
0.00239336
0.00061783
-0.00396381
-0.000468425
-0.000364064
0.000663756
0.000401192
-0.00103281
0.00162634
0.000390077
0.000947086
-0.00296351
0.000286502
-0.00093968
0.00227952
0.00276378
-0.00421046
0.00158629
0.00136299
-0.00236777
0.00401551
-4.87739e-05
-0.00159897
-0.0025564
0.00365187
-0.00173748
-0.00430558
0.00407227
0.000257589
0.00176156
-0.00375663
-0.000352387
-0.000161956
0.00262456
0.000279274
-0.00405473
-0.00200928
0.00170588
0.000827451
0.000523651
-1.69413e-05
0.000136956
-0.000200331
0.000584881
0.000685466
0.000961853
-0.00124613
-0.000121169
-0.000332238
0.000216241
-0.000337411
0.00065015
-0.000738551
0.000206258
6.17622e-05
0.00038213
-0.00217243
0.00471693
-0.00449965
0.000455641
0.000861739
-0.0039828
0.00336145
0.00168145
-0.000378378
-0.00308374
0.0258688
0.00312054
-0.0147633
0.00181667
0.000170028
-0.000695719
0.000424221
-0.000495296
0.000785074
-0.000390705
-0.000308972
0.000699677
0.000861188
-0.00300938
-9.7385e-05
-0.000296195
0.00033345
-3.72553e-05
-0.00204065
0.00036567
0.00110985
0.000625593
0.000325885
0.000259679
-0.000505678
-7.98854e-05
0.000366257
-0.00582448
-0.000242934
-0.000873964
0.000820703
0.000176268
-0.000301782
-0.0011277
0.000298951
0.000216843
0.000553478
-0.000464076
0.000688397
0.000265373
-0.00048633
-0.000452574
-0.000753321
7.8191e-05
0.00123221
-0.00111999
-0.000255898
0.000143677
0.00293291
5.73238e-05
-0.000360058
-9.39945e-05
0.000343149
-0.000249155
-0.000707488
0.00153713
-0.00412383
0.000850457
-0.000228687
4.14355e-05
-0.00214063
-0.00207999
0.00408589
4.27133e-05
0.000263748
-0.000554897
0.000248435
-0.00014115
0.00013609
4.22567e-05
-3.71965e-05
0.00059303
-0.000961687
0.000526017
6.69028e-06
6.65308e-05
0.00190261
-0.000699029
0.00202504
-0.00116386
0.00162227
-0.00109642
0.00334893
0.00100991
0.00152359
-0.00159751
7.39214e-05
0.000489526
0.00044833
0.000301347
0.00022089
-0.000243494
-0.000278743
0.00136008
-0.00372312
0.00451066
-0.00214761
0.00167079
0.00117286
-0.000758481
0.000966562
-0.00125111
-6.14365e-05
0.000254657
-0.000994367
-0.00213098
-0.000141668
-0.000529517
0.00100254
-3.66331e-05
0.00112264
-0.00144315
0.00126569
0.00120366
-0.000431323
6.34036e-05
2.11338e-05
0.000232185
-0.000201732
-0.00170937
-0.00065186
0.000569801
0.00154373
-0.00146167
-0.000241199
-0.000135845
-8.53098e-05
0.000506602
-0.000308619
0.000100566
6.31532e-05
0.0001449
0.00024759
-0.000374278
0.000969335
0.000491464
-0.000160824
0.00183742
-0.00126199
0.00147817
-0.0020536
0.00184878
0.00414909
0.00400978
-0.00157676
-0.000721563
6.63709e-05
-0.000421604
0.000408857
-5.36237e-05
-0.000105758
0.000214717
-0.000266395
-8.98944e-07
0.00800781
0.00388967
0.000618773
-0.0125163
0.00674234
0.0069971
-0.00573162
0.0133162
-0.0144173
0.00499073
3.60443e-05
0.000201896
-0.0014819
-0.00420382
0.0124281
1.91072e-05
0.000103662
0.00032618
0.000415006
-0.00196653
0.00386914
-0.000726921
-0.000364797
-0.00249996
7.66168e-05
-0.00768103
0.00674351
-0.0104906
0.00300331
-0.00343401
-0.00921994
0.00965063
0.00120617
-0.00202983
0.00168034
-0.00231526
0.00138225
0.000162512
0.000129681
-0.0200633
-0.0259223
-0.00016874
0.000780183
-0.000611444
6.44631e-05
0.0149506
-0.000321112
0.000126543
-0.000396357
0.000176452
0.000219905
-0.000774855
0.00151536
-0.00121823
-0.000337721
-7.48919e-05
-0.000807352
-0.000645265
0.00300455
-0.00155193
0.00188869
-0.000325311
0.0012398
-0.00647601
0.00972905
0.000272054
-0.0006875
0.000939098
0.000467008
-0.000535493
0.000587503
-0.00028525
0.000206457
-0.000185337
-0.000215789
0.00019467
-0.000559503
0.000185176
0.000157172
-0.00019576
-6.41168e-05
-0.000125625
-0.000380371
0.00627748
0.000429699
0.00375638
0.0100237
0.00533776
-0.00229164
-0.00539481
0.000493166
-0.0106963
-0.0047642
0.000549101
0.000479251
0.00373584
-0.00219573
0.00267604
-0.00131186
0.000719536
-0.00322141
-0.00403227
-0.00281211
-5.6249e-05
0.00299927
0.000411655
0.000392809
-0.000807503
3.03948e-06
-0.000709086
0.00257226
0.000286616
-0.00663702
-0.000440403
0.00485836
-0.00255774
-0.0114905
0.0160645
0.00313507
0.00116437
-0.0203639
-0.00356923
0.000644382
-0.0113344
0.0150268
-0.0146765
-0.0013251
0.00921709
0.014449
0.0110081
-0.00169769
-0.00483631
0.0271943
-0.022358
0.0149438
0.00206766
0.00106404
-0.00145025
0.00341375
-0.00125031
-9.57827e-05
-0.00242042
0.00203511
0.000707945
-0.000322629
-5.66636e-05
0.000204874
-0.000556405
0.00232152
0.000197452
-0.000267136
0.00163835
0.00016801
-4.63723e-05
0.000275448
-0.000397086
0.000902315
0.000661215
-0.00128819
-0.000275338
0.000331423
0.00289307
0.000856882
0.00228212
-0.00211944
-0.0012872
0.00119326
0.000218013
0.00330566
0.00146797
0.00130277
0.000875733
-0.00364647
-0.00109233
-0.00111266
-0.00151217
0.00225208
-0.000139836
0.000522559
-3.99642e-05
-0.000342759
-0.00148807
0.00110965
-0.00621159
0.0385699
0.000507421
-0.00304505
0.000685582
0.00185205
-0.00408359
-0.00283928
-0.0070015
5.88556e-05
0.00102553
0.000311985
-0.00139637
0.0147932
0.00213851
-0.00503118
0.015521
-0.0145901
0.00172595
-0.00217995
0.00201075
0.000474298
-0.00273316
-0.00943103
6.99016e-05
-0.000137906
0.000196751
-0.000220089
0.000322665
0.0017159
0.00276586
-0.000833643
-0.000814539
0.00245
0.00682362
-0.0058926
0.00605594
-0.00698696
-0.0185278
0.00144777
-0.00155065
0.00227659
-0.00217371
8.92227e-05
-0.00013817
0.00208422
0.00023246
-0.00238239
-0.000952678
-0.000776618
-0.000784172
0.00185376
-0.00363852
-0.000487346
0.00412587
-0.00110711
-0.00102236
-0.000578252
0.00123632
0.00160939
-0.000954422
-0.00144225
-0.00189648
-0.000720056
0.000539925
0.00138389
-0.00192037
0.00165674
0.000476604
0.0022988
-0.000713069
-0.000344382
-2.05914e-05
-0.00089042
0.00169602
0.00121449
1.59165e-05
-0.00219927
0.00169216
0.000142753
-0.00138155
0.000209264
0.000532341
-0.000103073
0.00919657
0.0109335
-9.54796e-05
-0.0200346
0.000555482
-0.0038445
0.00294675
0.00968159
-0.0138286
0.00475806
-0.000611033
-0.00335671
0.00777577
-0.00229388
0.00206549
-0.0353934
0.0073993
-0.00355912
0.00695958
-0.00834307
0.000678296
-0.00672724
-0.00615426
-0.0428237
0.00594517
-0.0248246
7.41777e-05
0.000115585
-0.000490168
0.000880535
-0.000421226
0.00104256
-0.000101992
0.000112508
0.000544181
-0.000545369
0.000528723
0.00240944
0.000147283
0.000277825
9.79224e-05
9.67328e-05
5.96794e-05
0.000387768
0.000131194
0.000773097
-0.00126961
8.42926e-05
-0.000193749
0.000660477
-0.0043554
0.00320982
0.00407341
-0.000274155
-0.000211037
-0.00110283
-0.00188632
0.00322684
0.0023329
-0.00367342
0.00187006
-0.00178295
-0.00123407
0.000164509
-3.40277e-05
-0.00316415
-0.000333522
-0.00212382
0.000433923
0.000487562
0.000444473
-0.000436497
0.000478479
-0.000361299
0.00114439
0.000874124
0.000747446
-0.00189743
-7.18202e-05
-0.000348177
0.000556221
0.000297594
0.000729029
-0.00058099
0.000740572
-0.00107991
0.00167526
-0.000113549
0.00168512
-0.00011694
0.000433936
-0.000695169
0.00541545
0.00084713
-0.00609568
0.00213344
0.000491552
-0.000162758
-0.000422076
8.59718e-05
-0.000145954
-0.00240948
-0.000922749
0.00352472
-0.000192489
0.000975279
0.00282404
0.000781685
-0.00113329
0.00370913
-0.00335752
0.000498036
-0.000141883
8.22807e-05
0.000489334
0.000135246
0.000162224
-0.000529366
0.00780061
-6.42643e-05
-0.000401603
-0.00180826
-0.00184174
0.00167663
0.00197337
-0.00361244
0.00206326
0.00368262
8.71926e-05
0.00131408
-0.00202786
0.000477094
-0.00187199
0.00148209
-0.00451486
0.00151235
0.000946779
0.00205573
0.00216434
-0.00406913
-0.00261007
5.49311e-05
0.0034568
-0.000326899
0.00952647
-0.0071259
-0.00207367
-0.00672527
0.00939391
-0.00286427
-0.0048582
0.00445506
0.00540007
-0.012058
0.00786569
-0.0124726
0.010007
-0.00393768
-0.000216287
0.000692884
0.000440078
0.00257276
0.00349575
-0.00435283
-0.00171568
0.00495501
-0.00173272
0.00718202
-0.0125796
0.00129644
0.00198186
-0.00699317
0.00504019
0.00580934
0.00114462
0.000258598
0.0001464
0.00035919
-0.00363015
0.00305783
0.00848051
0.0113059
-0.0199895
0.0194793
-0.0246596
0.0127644
-0.0102356
-0.00826545
0.0219848
-0.0264418
0.00544078
0.0127356
-0.0107021
0.0152303
-0.0109264
0.00639817
-0.00432044
-0.00552231
-0.0165991
0.0175357
-0.0225837
0.0238331
-0.0223098
0.00718183
0.0132177
1.01157e-05
-0.00034508
-0.00516932
0.000933503
-0.000588127
-0.0138736
0.00977285
-0.00868099
0.00302182
-0.0169885
0.00339956
0.0147819
-0.00394537
0.00604089
0.000542387
0.00462172
0.000366462
0.000362068
0.000536991
0.0164872
-0.00533732
0.00204742
-0.000849933
-0.000908496
-0.00399513
-0.00682722
0.00545507
-0.0119274
0.0132996
-0.00952623
0.010445
0.000608768
-0.000658965
0.000609061
-0.000558865
0.00383615
-0.00388329
0.00223516
0.000202603
-0.014148
1.82782e-05
0.00119635
-0.0010623
0.000301608
-0.0166612
-0.00933343
-0.02164
0.0217044
0.000369428
0.000491292
-0.0010715
0.000210776
-5.63971e-05
0.000650483
6.90785e-05
0.000247747
0.000228105
-0.000322979
-0.0013544
0.00132563
-0.00104797
-0.000363718
-0.00125782
-0.00489197
0.00182926
0.00132095
0.00174177
0.000716765
-0.000990161
-0.0025468
-0.000771017
-8.5191e-05
-0.00804654
0.00539856
0.0386673
-0.00662314
-0.0186796
-0.0133646
0.00653172
0.0123633
-0.0114474
-0.0501082
-0.00726583
0.00915971
-0.00526289
0.000383388
0.00102585
-0.00135039
-0.00193519
-0.000151774
0.00688427
0.00184644
0.000341642
-0.00031748
-0.00278123
0.00370294
-0.00121802
0.007201
0.0019633
-0.00150338
-0.00329119
-0.00221391
0.00272387
-0.0121789
0.00886072
-0.00165032
-0.00303962
0.00502468
-0.0138988
-0.000421199
0.00811729
-0.00469277
-0.000466168
6.7557e-05
0.0122681
-0.000689204
0.000185178
-0.000517948
0.000351878
0.000184355
-0.0123684
0.00271184
0.00947216
-0.00437659
0.000294627
0.0100971
-0.00257192
-0.000573022
1.0596e-05
-0.00266695
-0.00510999
-0.0159991
0.00182331
0.0124596
-0.000452514
-0.000880779
-0.000161948
0.00149524
-0.00630373
-0.000299381
0.00266996
-0.00111306
-0.00125751
-0.000905258
0.000129107
-0.000159251
-0.00325396
-0.000212489
-0.000119749
-1.95774e-05
-0.000174682
0.000722983
0.00341214
0.0009284
0.0034096
0.000191201
-0.00378871
-0.00156381
0.00135382
-9.58534e-05
0.000305841
-0.000305694
0.000961984
0.00127242
-0.000842065
0.00271061
0.0022376
-0.00410615
-0.0010435
0.00190674
-0.00207151
0.00202122
-0.00183394
-0.00182935
-0.00147712
-0.00883531
0.00268686
-0.000166097
-0.00049954
-0.00454559
-0.00133271
0.00412129
-0.00412244
-0.00293527
0.00214431
0.00467257
0.0153961
-0.000806756
0.000862819
0.00179461
0.00140491
-0.00293398
-0.00649143
0.0139933
0.00123035
-0.00756855
0.00773212
-0.000743536
0.00111619
-0.01419
0.000441447
0.00363728
0.00279201
-0.00299673
0.0124323
0.00756731
0.00246865
0.00524583
-0.00072607
-0.00288291
0.00940986
-0.00315156
0.00137559
0.00241465
-0.00621419
-0.00705982
0.00115627
-0.0021311
0.00217264
0.000683357
0.000119835
0.001226
0.000402729
-0.00258315
0.0122676
-0.00064769
-0.00508824
-0.0139263
0.0164333
-0.0115461
-0.0148512
-0.00480072
-0.0044978
-0.00621951
0.00177361
-0.000191726
0.0130782
-0.00155865
-0.00222619
-0.00356951
0.000741348
0.004391
0.00368218
0.000489951
0.000769767
-0.00733128
-0.000897958
0.00022073
0.000870484
-0.000403634
0.00280197
-0.00601078
-0.000826148
-0.00112773
-0.00171259
0.000722193
-0.00306403
0.00106053
0.011781
0.00088
0.00360019
0.00187413
-0.00635432
0.000509078
-0.00598961
-0.015934
0.0174675
0.00056398
0.00156595
0.0130629
-0.00395052
0.000359399
-0.000572428
0.000341823
-0.000128794
-0.00545012
-0.00154835
-0.0015963
0.00115347
-0.00119163
0.000278236
-0.0136579
-3.68983e-05
0.000404893
-0.00154256
-0.000376425
0.000703211
-0.00426388
0.00206332
0.00107758
0.00169547
0.0198377
-0.00258266
-0.011914
-0.000422376
-4.49893e-05
0.000467366
-0.000164907
-0.000805171
-0.000550487
0.000245687
-0.0016134
-0.000610545
-0.00055554
-0.000340134
0.00150622
0.000573908
-8.41561e-05
-0.00020966
-0.00457023
-0.000971592
-0.000329349
0.00587117
0.00350927
-0.00160727
-0.00255992
0.000657916
0.000797511
8.62836e-05
-0.000809125
0.00183254
0.00071286
0.00089085
0.000489084
-0.000137153
-0.000423675
-3.12235e-05
5.03819e-05
-0.000129874
0.00407758
-0.00308744
-0.00134175
0.00037513
-0.000732994
-0.000175535
0.000897287
-0.00310655
0.00162539
-0.000789
6.49562e-05
0.00388641
0.000564032
-0.000202092
0.000352505
-1.79742e-06
0.00243591
0.000480021
-0.00291413
-0.000689147
0.000701369
0.000648348
-0.00975485
-0.00650219
0.0142487
-0.00518511
-0.00272263
-0.00342854
-0.00287511
-0.00955497
0.00275852
2.99951e-05
0.00117775
-0.000553174
-0.000558165
-0.000534133
0.000215685
-0.0100234
0.00464126
0.000113569
-0.00171838
0.00289988
-0.000234821
-0.000191931
-0.000413106
0.000839858
-0.00279262
0.00246519
0.00122353
0.00746887
-0.00339028
-0.00240286
0.00311616
-0.0069474
0.00702743
0.00366165
-0.00522314
0.00234452
-0.00206815
0.000823561
0.00215958
-3.07601e-05
-0.00320421
0.0129166
-0.00444906
0.00022198
0.00356243
-0.00340479
-0.00206317
0.00475966
-0.00141401
-0.00452245
0.00396729
-0.00320586
0.0111656
0.0543043
-0.0654699
0.0196241
-0.000957388
-0.0139223
-0.0312861
0.004996
0.0262901
0.0080585
0.00721335
0.00150716
0.00191502
-0.00190255
-0.0101695
0.0111095
-0.0115183
-0.00153654
-0.000183004
0.000706702
-0.000225204
-0.000399541
-0.00197536
0.000436556
0.00193834
7.66724e-05
-3.6153e-05
-0.000163538
-0.00224135
0.000108711
7.73215e-06
0.000107651
-0.000224094
0.0100809
0.0133582
-0.00411797
-0.00112102
0.0362395
-0.0280364
-0.00239414
-7.62416e-05
-0.000198218
-0.000876159
-0.00299456
0.00326422
-0.00861272
-0.00913349
-0.000854543
0.000822099
0.00184297
-0.00156396
-0.000392877
0.000113865
0.000804647
-0.00246309
0.000468513
-0.0001086
0.00023345
-9.32934e-06
0.00016222
-0.00015289
0.000123096
-0.00020669
0.000260046
9.73e-06
-0.000213171
0.000395902
-0.00019246
0.000113766
-0.000381379
0.000401151
0.000351443
-0.000261834
3.21324e-05
0.00538699
0.00238574
-0.0020838
-0.00568893
-0.000265272
0.00184984
0.00495156
-0.000271867
-0.000273193
0.0003493
0.000217696
-0.000249197
-0.000161466
-0.000390634
-9.81557e-05
0.00205205
-0.00116207
0.00170664
-0.00141534
0.000168326
0.000193993
0.00214629
0.00067315
-0.00301343
-0.00073568
0.000410732
-0.000949258
-0.000949975
-4.07628e-05
0.00194
0.000222911
-0.00101681
0.00265857
-0.00253492
0.00159825
-0.000989432
-0.000598915
-9.89885e-06
4.73411e-05
0.000425474
0.000274204
0.000216805
-0.000686337
-2.87856e-05
0.000780438
-0.000812375
0.00021669
-0.00035784
0.00041712
5.82832e-05
0.000923935
0.00631691
-0.000343125
0.000180222
0.000426651
0.00222375
-0.000792471
0.00301783
-0.00338183
-0.00233857
0.00182459
-0.00270743
0.000576503
0.00562852
-0.0049906
0.000282721
-0.00328065
0.00230174
-2.60598e-05
-0.000761609
-9.36802e-05
0.000639483
-0.00212212
0.00170154
6.71052e-06
-0.000567707
-0.000185137
-0.000311847
0.00214322
-0.00257947
0.000748096
-0.000423854
-0.00097021
0.000213301
0.00118076
-0.000853789
-0.000763159
0.0012995
0.000667629
-0.00240806
0.000440927
0.00291525
-0.000506302
-0.00177144
-0.000201823
0.000531167
-0.00177177
0.00210355
0.00368133
0.000538711
-3.48153e-05
-0.00418522
0.000280868
0.00250511
-0.00194631
-0.00156716
0.000585854
-0.000437934
-0.00018844
-0.000990603
0.000984518
0.000326787
-0.000729159
0.000251344
0.000953566
-0.00129859
0.00101441
-0.00109726
-0.000438777
-0.00013065
-0.000177449
-0.000482775
0.000790874
0.00025922
-0.000102314
-0.00036944
-0.000994034
-0.000929062
0.00324873
-0.0015945
-0.000284545
0.00261722
0.000525006
-0.000249838
-1.61692e-06
-0.000154142
0.000101115
0.00245007
0.00163366
0.000161932
1.23367e-05
-6.53354e-05
-0.000314379
-7.18572e-05
-0.00346046
-0.00769329
0.0140439
-0.0028902
-0.0134615
0.00661814
-0.00138435
-0.000643088
0.00393488
-0.00190744
-0.00105584
-0.00261466
0.0018419
-0.00171137
-0.00166242
0.00166029
-0.000632589
-0.00113196
0.00142465
-0.012926
-0.0310289
0.00289115
-0.00235204
0.000530327
-0.000368107
0.000348643
-2.50066e-05
-0.000318254
0.000506027
-0.00499685
0.00143
-0.0014409
-0.000530564
0.000939321
0.00103215
0.00125326
0.00217182
-0.00746371
0.000654982
-0.000769937
0.00178572
-0.000444178
0.00295855
-0.00139329
-0.000761679
-0.00170992
0.000730167
0.000814951
-0.00205256
0.00188279
0.0030481
0.00107348
0.000865088
0.000748291
-0.00306653
0.00220062
0.00052288
0.000343024
-0.00177871
-0.00503376
-0.00764016
0.00555181
0.00638264
-0.00623088
0.00762768
-0.000210439
-0.00100178
-0.00486622
-0.00567349
-0.00141788
0.00131223
-0.00206692
-0.00172257
-0.00268149
-0.000962872
0.00122118
0.00242318
-0.000548989
-0.00294277
-0.0010683
-0.000302987
-0.000338624
0.0012737
0.00123886
-0.0013314
-0.000998747
-0.00388704
0.000175751
-0.000809909
0.000412182
0.000990758
-0.00149257
0.000444178
0.000542229
-0.00119344
0.00102064
-0.00150541
0.00169591
-0.000969024
-0.000110518
0.000638756
0.000587216
0.000519699
-0.000645828
-0.000156114
-0.0011159
0.00090089
0.000371128
-0.00131937
0.00051311
0.00131234
-0.000506077
-0.0007962
0.000263938
0.000315975
-0.000851983
-0.00019592
0.000237995
-0.000492213
0.000218116
0.000550639
-0.0145787
0.00153585
-0.00294182
0.00043883
0.0060856
-0.00486797
-0.00159296
-0.00343401
-0.00604348
0.00759179
-0.0040568
0.00683161
0.00689592
0.0035311
0.00248378
0.00688647
-0.00184099
-0.0115831
0.00527479
-0.0129508
0.0347834
-0.000782916
-0.0018311
0.000247348
0.000906477
-0.000516866
0.000742986
-0.000250353
0.000302613
-0.000185209
-0.00741586
0.00226912
0.00134973
0.0335351
-0.016888
0.000167245
-0.0168143
0.0116277
0.0044458
0.0174616
-0.0302699
0.0118755
0.0300221
-0.00373661
-0.00133758
0.0142913
0.00843601
-0.00303822
0.000682482
-0.000292805
0.00216381
0.0056258
0.0102968
0.00895641
0.00016021
0.0130771
-0.00874448
-0.00160684
-0.00272574
0.00945831
-0.0134678
0.0111059
-0.00632854
0.0054735
-0.00128192
0.00455517
0.00400803
0.0081729
-0.00254629
0.00188276
-0.00181068
0.00247421
0.00227972
-0.00053011
0.000663428
-0.00122601
0.000414758
-0.00101803
-0.00129564
-0.00307005
0.00222809
0.000329392
0.00131178
-0.00131348
-0.000693471
-0.00016537
-0.000225638
-0.000106713
0.000253667
5.29734e-05
-0.000144533
-0.000697368
-0.000219332
-5.14546e-07
0.000422799
-0.000609826
0.000770989
-0.000579536
0.000325299
-0.000104082
2.87102e-05
0.000349345
-0.000238957
0.000106302
-0.00471151
0.000782268
0.00761142
-0.000250407
0.000279118
-0.000360103
-0.00208209
0.00178153
-0.000496957
0.00369084
0.000126616
0.00218919
0.00149803
-0.000577713
-0.0011928
-0.00217343
0.00309534
-0.000265423
-1.53824e-05
-0.000923931
0.00329448
-0.000322282
0.000119306
-0.00014589
-0.000317613
0.00406355
0.00785924
0.00899485
0.00169849
-0.00227618
-0.00143604
0.00100818
-0.0014352
0.000312339
3.50185e-05
-7.44961e-05
-0.0014454
-0.000774562
0.00227664
0.00618051
-0.00632412
-0.00213303
5.2492e-05
-0.000445206
3.82869e-05
0.000354427
0.00351204
-0.00477092
-0.00372625
0.000903335
0.000288555
0.000240085
0.000239545
0.00513419
-0.000278028
-0.00827585
-0.00108343
-0.00287685
0.00381268
0.000823073
-0.000503401
0.00616567
-0.00777521
-0.00080019
0.00240973
-0.00119186
0.00238207
-0.000480911
-0.000526569
7.06047e-06
0.000577734
0.0015888
-0.000979123
0.000307256
-0.000131753
0.000803619
0.00043085
0.000565378
-0.00994893
-0.00382427
0.00320915
-0.00258508
0.0040114
-0.000875822
-0.00129204
0.00166599
-0.00217578
0.000290688
0.0001434
-0.00143912
0.000622901
0.000949493
-0.000133271
0.000596403
-0.000510085
-0.0137505
-0.00578575
0.00188992
-0.00352576
0.00264417
0.00133262
-0.000461948
2.49344e-05
-0.000292198
0.00587694
-0.00263035
0.00428658
-0.00469943
-0.00107919
-0.000798246
0.0050543
-0.000956067
0.00223061
-0.0266326
0.0207611
-0.00731431
-0.0180211
0.0121446
0.00656173
-0.0260292
-0.000937737
-0.00121358
-0.0011928
-0.00088796
-0.00144711
0.000165211
0.000616509
-0.00073542
-0.00136834
-0.00033283
-0.0124888
-0.0141387
0.0102967
0.0108348
0.00118158
-0.000278769
7.34335e-07
-0.00090355
-0.000255638
0.000128687
3.23931e-05
-0.000547143
-0.00105465
0.000622669
-0.00357673
0.00132193
0.00208503
0.00016977
0.00101032
0.0011577
-0.00058067
-0.000515203
0.000846324
0.000361763
-0.00138562
-1.42746e-05
-0.00215903
-0.000547585
-0.000446042
-0.00123126
0.000789347
0.000802053
-0.000612291
2.92162e-05
0.00091
0.000518998
-0.000626946
0.00056078
0.000455345
0.00030049
0.000237349
0.000361895
-0.000548166
-0.00216463
-0.00019833
0.000842494
-0.000282269
-0.0070651
0.00483017
0.0016627
-0.00151562
-0.000526668
0.00361339
-0.0015711
0.00356229
-0.00278853
0.00291695
-0.00722835
0.00706866
0.00125548
0.0112307
-0.00549049
0.00796073
-0.00733327
-0.00102319
0.000955266
-0.000386678
-0.00793459
-0.0147748
0.00231784
-0.000848746
0.0040198
-0.00483549
-0.0101447
0.00368503
-0.00668944
-0.00643502
-0.00748137
-0.00184983
0.000308156
0.000891366
0.00202594
0.000485072
-0.00161965
0.00255602
-0.000221925
-0.00203865
0.00120806
-0.000715317
0.00046381
-9.88949e-05
0.000722321
-0.000212797
-0.00609757
-0.0222114
0.000556152
0.000325097
-0.000407902
-0.00231741
-0.00434149
-0.00189479
-0.000327211
0.0012862
-0.000278629
-0.000785719
-0.000984897
0.000185807
0.000711216
0.000424985
0.000110659
-0.000402991
4.54978e-05
-7.01982e-05
-0.000843293
0.00206362
0.000698869
-0.00347158
0.000681026
-0.000820676
-0.000483268
-0.000687392
-0.00036553
0.000175821
-0.000365187
-0.000910551
0.00160561
0.000859029
-0.00164054
0.00222459
-0.000417699
0.000236677
3.177e-05
0.00155541
-4.01031e-05
-0.0110144
0.00142329
-0.00106091
-0.000567553
-0.000959005
-8.244e-05
0.000367704
0.00132364
-0.00134035
0.00112171
-0.00133186
0.00100876
-8.22979e-05
0.000405399
0.000182514
-0.000808551
-0.000443522
0.00129377
-0.000436242
-0.00142507
0.000259861
-0.0011905
-0.00474896
0.00959105
-0.000315022
0.00057299
-0.000373603
0.000115636
-0.0013029
0.000836651
-0.000230701
0.00521869
0.00548841
-0.00353618
0.000297689
0.00283889
0.00145724
-6.09827e-06
0.000158084
0.000188688
0.000414275
-0.000624842
-0.00271008
-0.00334547
0.00251998
-0.000448917
-0.000950249
0.00231427
-0.000753184
0.00135097
0.000375377
-0.000734269
0.00061801
-0.000378824
0.000754201
-0.000940689
-0.000421376
0.000348117
0.000796614
0.000469244
-0.000313515
-0.00180795
0.000676691
0.00179967
0.000310975
0.000424788
0.00058657
-9.00666e-05
0.000468454
-0.000695866
0.000317479
-0.000266386
0.000338343
0.000626677
-0.000255379
0.000560328
-2.67123e-05
-0.000814536
1.67755e-05
-0.000321598
0.000304412
6.77837e-05
-0.00057569
-5.82916e-05
-0.000557435
0.000361969
0.00616128
-0.0101391
0.000213019
-0.000632623
-0.000394931
-0.000834569
0.0013385
7.2729e-05
0.00112021
-0.000236092
-0.000956848
-0.00162721
-0.000298738
0.00199868
-0.000630966
0.000830026
-0.000887084
0.000542366
0.00186432
0.00030751
0.00191893
-0.00143786
-0.00173052
0.00155524
0.00194553
-0.00177025
-0.00014337
0.000702511
0.00146745
-0.00152604
0.000257122
-0.00535534
0.00189047
0.000253532
-0.000211142
-0.00262186
-0.00352215
0.001555
-0.0023183
-0.00161865
-0.000663527
-0.00212092
-0.00252028
0.0023229
-0.00398708
0.000848134
0.00223381
0.000517094
-0.00142963
-0.00132128
0.00301991
-0.00258713
-0.00141016
-0.00384194
0.00081156
-0.00131125
-0.000527923
0.000707219
0.0134105
0.00163122
-0.002491
0.00648514
0.000313102
0.000193463
0.00162135
-0.00250713
-0.00124425
0.00934013
-0.00027389
0.000969463
0.00233865
-0.000287978
0.000966933
-4.99648e-05
0.00410746
-0.00100731
0.00229534
0.00159098
-0.00277028
-0.00231596
0.00143132
0.00195812
-0.00255024
0.000789765
0.00143992
-0.00117133
0.000715852
0.00246826
-0.00125879
-0.000564897
0.000385596
0.000363056
0.00117028
-0.0146824
0.00743842
-0.00111376
0.000925572
-0.000234158
0.000493642
-0.000538067
0.000541418
-0.000102101
9.87494e-05
0.000486427
0.000439145
0.00256337
0.000609751
-0.00181764
0.00201304
0.00236798
-0.00210239
-0.00273145
-0.00334768
-0.000991047
0.00109044
0.00206594
0.000127121
0.00295915
0.000953241
-0.00133156
0.00197927
-0.00013242
-0.000423557
5.1319e-05
0.00240318
0.00385768
-0.000891197
-0.00106835
0.000972695
0.000563669
6.57373e-05
-0.00299722
0.000385193
0.000390317
0.00212063
-0.00244521
-0.000642238
0.000344795
-0.000605278
-0.000265523
0.000833903
-0.00103989
0.000583386
-0.0109908
-6.39695e-05
0.000746845
0.000121565
-0.000804441
-0.00115883
0.000787536
-0.000608029
-0.00208105
0.0014379
-0.0018219
-0.00169705
-0.010049
-0.00126075
0.00994145
-0.00219806
0.00466753
0.0164905
-0.0180328
0.00667878
-0.0152443
0.0101854
-0.0043564
0.00205421
0.00287234
0.00457765
-0.00217417
0.000521527
-0.00150047
-0.000353734
0.000106331
-0.000424265
0.000671668
-0.00575173
-0.0127454
0.00663351
-0.00214614
0.00293309
-0.00566577
0.00406439
0.00159927
2.10855e-06
-0.00476805
-0.000637953
0.000280914
-0.00206039
-0.00116235
-0.00197371
0.00411536
0.00290901
-0.00414813
-0.00268205
-0.00200204
0.00217521
-0.00216632
0.0294298
0.000311563
-0.000278912
-2.12101e-05
0.000949422
-0.000707329
-0.000174547
0.00153261
-0.00311505
-0.0206354
0.000678053
0.000491814
-0.000929782
-0.0110078
-0.00150391
0.0078831
0.00795473
-0.000990262
0.00400541
0.00298036
0.00156473
-0.00114615
0.0043868
-0.00996715
0.0067265
-0.0092908
0.00188298
0.000821171
0.00807919
0.00192699
-0.00368202
-0.00770251
-0.00183338
0.0150155
0.00704038
0.0024134
-0.00896061
0.000103933
8.44449e-05
0.000306599
0.00135385
-0.00179823
0.00132613
0.000559164
-0.000455231
-0.0012722
-0.00557872
0.00454954
-0.00282988
-0.000879662
0.00520817
-0.00524158
-0.00442129
0.00259914
-0.00163124
-2.16316e-05
0.000427406
-0.000589037
0.000135196
-0.000353489
-0.000442435
0.000741303
0.000671548
-0.000465109
0.000219209
0.00083808
-0.000670625
-0.00242643
0.00294779
0.0039252
0.000168909
-0.000185834
0.000370744
-0.00012102
0.000349993
-0.00455864
0.000639136
-0.00667234
0.00334098
0.0126715
-0.000723394
0.000617265
0.00010993
0.000191872
-0.0293803
0.0192457
0.000711661
0.00120976
-0.00186686
-0.00550445
0.0110853
-0.0028789
-0.01928
0.0114738
0.00659523
-0.000834799
0.00384714
-3.1978e-05
-7.21315e-05
-6.42292e-05
0.000593231
-0.000562955
-0.000716184
0.000392906
-5.27792e-05
-0.0006459
2.80901e-05
-0.000389983
-5.88228e-05
0.000459145
-0.000602145
0.00512929
-0.00735942
0.00138138
0.00112171
0.00291958
-0.0299899
0.000225836
0.0193844
-0.00554306
-0.00664783
-0.006992
0.0096185
-0.00198388
0.0145095
-0.00312735
0.00766472
-0.00358047
-0.00550126
0.00742194
0.00300033
0.00920816
-0.00711389
-0.00306858
-0.00264535
-0.00338689
-0.000422566
-0.000275652
0.00020773
0.00118926
0.000539696
-0.000400911
0.00168571
0.000237687
-0.00237234
0.000773587
-0.00163999
0.00146652
-0.000504581
0.000859192
0.00369983
-0.0386841
-0.00816144
0.0431457
0.0101911
-0.00638831
-0.000609918
0.00139986
-0.00332301
0.0001308
0.00571252
-0.00718964
0.00480726
-0.000568992
0.00118901
-0.000895492
0.000726641
-0.00102016
0.000926883
-0.00170368
-0.0142617
-0.00413316
0.022154
-2.29273e-05
0.000428157
0.000879045
-0.00096892
-0.000839032
0.0458061
-0.000315655
4.26739e-05
-0.000973671
0.00547367
-0.00100424
0.00217173
-0.00171112
5.6647e-05
0.0005703
-0.00248787
0.000785594
0.00691044
-0.000228356
0.000140966
0.000146996
0.00134148
-0.000378433
0.00902728
0.00044301
0.000964571
-0.00226212
0.0106872
-0.00487933
-0.00276454
-0.000468461
0.0310759
0.000325557
-0.00581972
0.00395595
-0.00455046
0.0182485
-0.000757146
0.00164733
0.000571402
-0.00146159
-0.000298275
0.000309718
-0.000528118
0.000346944
0.000196072
-0.000532012
0.000942485
0.00783635
-0.00855141
-0.018135
0.00544043
0.0123507
0.0013881
-0.0297576
0.00624733
0.0080255
0.000765275
-0.000431049
-0.000334226
-0.0177098
0.00818597
-0.00560554
-0.00315266
0.00192929
0.00308973
-0.000607216
0.00133067
-0.00113937
-0.000223978
-0.000958276
0.000551962
-0.00107414
0.000569934
0.00149603
-0.000876734
0.000763507
0.00130246
-0.00124723
-0.000157825
0.000190273
-4.72293e-05
0.00012948
1.88433e-05
-0.000101094
-0.000166995
0.0016428
-0.000574393
0.00177296
-0.00154967
0.000253807
-0.00296533
-0.000507893
-0.00274978
0.00228996
0.00950632
0.0061175
-0.00268581
0.00135035
0.000788127
6.14815e-05
0.004605
0.00409416
-0.00923259
0.0168258
0.0215984
-0.000184888
-0.000685991
0.000935424
0.000493767
-0.000867772
0.000283938
0.00120412
0.000284245
-0.00024542
-7.1113e-05
0.00270606
0.003115
-0.00162494
-0.00162702
-0.00306699
-0.000615533
0.00219154
0.000474045
0.000314605
0.000213891
-0.00166606
-0.00148527
-3.91782e-05
0.00156002
0.000385899
-0.00359346
0.000712601
0.00210629
0.00269962
0.000192157
-0.00351128
0.0061336
-0.00324307
-0.000396163
-0.00408739
0.00154632
-0.000585789
0.0014146
0.00124733
-0.000472741
-0.000626226
-0.00126609
0.00117075
0.00152435
0.000748416
-0.000468922
0.00147069
-0.00231206
-0.00504125
0.000571295
-7.78702e-05
2.81519e-05
0.000310808
-0.000134932
-0.000204028
-0.0288339
0.00399962
-0.00504069
-0.000174619
-0.000538196
0.000636626
0.000631642
-0.000163922
-3.77522e-05
-0.000627318
-0.000405963
-0.000685374
-0.000249578
0.00189971
-0.00595612
-0.000515355
0.000142934
-0.0013629
0.00223035
8.69693e-05
0.000134989
0.000127386
-0.000650006
-0.00326387
0.00576603
-0.00377436
0.000731355
0.000798155
0.000416466
0.000209732
0.00078145
0.00314978
-0.00228619
-0.000863588
-0.000636201
0.000549025
-0.000447484
-0.000447169
0.00046833
0.0110824
-0.00422158
-0.000101744
0.000353675
0.00473131
0.00390901
-0.00263486
0.000304603
-0.00024396
-0.00145342
0.00239987
-0.00170691
-0.003304
-0.000874471
0.000726146
-0.000318491
-0.00177582
-0.00314863
0.0015356
-0.00424785
-0.00032577
-0.000528925
0.0127995
-0.0109733
0.0141647
-0.00158176
-0.00169971
-0.0093642
0.00314374
-0.00168837
-0.00175177
0.00189522
-0.00155557
0.00138236
-0.00189838
-0.00239976
0.0018254
0.00251002
0.000233098
1.78639e-05
0.00334443
-0.00704197
0.000100088
-0.00019374
-0.000198864
0.00174649
-0.000946851
-0.00279392
-0.000332756
5.66267e-05
4.10873e-05
0.00116723
-0.000950095
0.00164362
-0.000177619
0.00139183
-6.82163e-05
0.000166473
-0.00381625
-7.69358e-05
9.06443e-05
0.000711904
0.000310429
0.000739403
0.000127739
-0.00179278
0.00039585
-0.000285761
-0.000694439
0.00019197
-0.000588088
4.2224e-06
0.00241032
-0.00081042
-0.00255015
-0.000666444
0.000415621
-0.00048322
9.31337e-05
5.42589e-05
-0.000147393
0.00177766
0.00657319
-0.0064837
-0.000910601
-0.000546648
-0.00288437
0.000354171
-0.000435056
1.83105e-05
0.00208377
0.00217386
-0.0111216
-0.000889081
-0.000206239
-0.000809745
-0.00436094
0.00852847
-0.00366246
-0.000986788
-0.00154162
0.00156824
-3.56049e-06
-0.00274962
9.87385e-05
-4.15417e-05
4.21232e-05
-0.00227765
0.000360364
-8.25629e-05
0.000494043
-0.00200194
0.000481796
-0.00971187
0.00141351
0.000296346
-0.000173735
-0.00104428
-0.000348232
-0.00095291
-0.00057824
0.000420032
-0.00042978
-2.35082e-05
-0.00103635
8.42338e-05
0.00180634
-0.00472272
0.00324795
-0.00495586
0.00327262
-0.000925045
-0.000760691
-0.00270274
0.000450133
0.00392529
-0.00351423
-0.00122359
-6.39148e-05
0.00270467
-0.000772755
-0.00174381
-0.000295735
0.000988549
0.000109818
0.00147467
-0.00062022
-0.00149959
0.00172281
-0.00383725
0.00271433
-0.000350543
0.00202279
-0.000651047
0.000663732
0.000783732
0.000298436
-0.000555739
0.000652813
-0.00108452
0.00162448
-0.00070389
-0.00146817
0.000110918
0.000112142
0.000482485
0.000345758
-0.00419586
0.00601508
0.000449909
-0.000184307
6.5906e-05
-0.00806248
0.010707
-0.0101159
-0.00711161
-0.000280296
-0.000989239
-9.83572e-06
0.000314684
-0.0166994
0.00404518
-0.00285428
-9.78832e-05
0.000573998
-0.000246786
-0.0013543
0.000171852
-0.00059014
-0.000310871
-0.000613758
0.001093
-0.00441145
0.00588916
-0.0111406
-0.000754737
0.00646456
0.000829984
0.000833974
-0.000772986
0.000403163
-0.000104212
-0.000904936
-0.000302579
5.62917e-05
-0.000120703
-0.000138377
-0.00137564
-0.000357972
0.000511659
-0.00030771
0.00134633
-0.0036442
0.0071939
-0.000640693
-0.001484
0.00396832
0.000888651
-0.00304183
-4.75167e-05
-0.000142158
0.00106055
-0.00559964
-5.95888e-05
0.000885998
0.00279631
-0.00113763
-0.00222579
0.00156254
-0.000132354
0.0001984
0.000328796
0.000615649
-0.00169793
-0.003517
0.003032
-0.00304691
-7.09097e-05
0.000498143
0.00035053
-3.78627e-05
0.000141467
0.000769505
0.000114436
0.000312348
4.93062e-05
-0.00977766
-0.0034877
0.0132346
0.00146714
0.00216309
-0.00183562
0.0107477
0.000296809
-0.00227091
-0.000269926
0.0381006
0.0130822
-0.0405688
0.00617337
-0.0166596
8.01875e-05
-0.000179709
0.000200916
0.000123282
-0.000143026
0.000386578
-0.0141997
-0.00169665
-0.00222155
0.000402222
-0.00298849
0.000639189
-5.83331e-05
1.33083e-05
5.06632e-05
0.00170108
-0.000144359
-0.000863612
0.000313152
-0.000835149
0.000979698
0.000269338
0.000199692
-0.000784755
0.00052988
5.51836e-05
0.00518304
0.00553024
-0.00759274
0.000503348
-0.00232741
0.00185913
0.00298998
-0.0025217
0.000765872
0.00910912
1.4392e-05
-5.47005e-05
-0.00180657
-0.000466133
0.0227192
0.0024547
-0.00603814
0.00828716
0.0334288
-0.0014522
-0.00388113
-0.0072889
0.0145104
-0.0201284
0.00653725
0.0324051
0.00174367
0.00146933
-0.00387294
0.00337489
0.002028
-0.000261086
-0.000278469
0.000784954
-0.027992
0.000943622
-0.000559703
-0.0486881
0.00746035
-0.0319842
-0.00904938
-0.000366086
-0.00168411
-0.0190635
-0.000317834
0.00154046
-0.00152981
0.00241899
-0.000127036
0.00193922
0.010876
-0.0116805
0.021833
-0.0107897
0.01214
0.0159926
-0.00511451
-0.0203945
-0.00503033
-0.01267
0.0224233
0.0186254
-0.0244937
0.000753773
-0.00431781
0.00874059
6.65316e-05
0.000107392
1.72002e-05
0.000940983
-3.05983e-05
0.000444462
0.000264464
0.00057915
-0.000444398
-0.000513935
-0.000456848
-5.82169e-05
-0.000196145
0.00016509
-0.00052073
-0.000222739
-0.000577277
0.000894825
0.000485438
-0.000269801
0.001429
-0.00215003
0.00336663
0.000650278
-0.000424075
9.7994e-05
-0.00156101
0.000571614
0.0083367
0.00353145
-1.9852e-05
-0.000299411
0.00167674
0.00734171
-0.000513439
-5.48526e-06
-0.000508537
2.27223e-05
0.000123436
-0.00408982
0.00658785
-0.00177849
0.000741733
-0.000866599
0.000204795
0.000404658
0.000257146
0.00560739
0.00769405
-0.000461944
-0.000131644
0.000373044
-0.000405862
0.000382169
0.000182587
-0.000384988
-0.000691625
3.95314e-05
-0.00825513
-0.000411551
0.00435465
-0.00357587
0.000444008
0.000378554
0.00157859
0.00499829
0.000412482
-0.00115238
0.00100398
-0.00186015
0.00156263
-0.000657598
-0.000682229
-0.000146482
-0.00068579
0.00131359
-0.000310561
-0.000480243
-0.015584
0.000357688
0.00255739
-0.000556441
0.00107827
0.000372874
0.000755836
0.000819647
0.000948403
-0.00257177
-0.0118239
0.0278385
-0.000908489
0.00358078
0.00326813
-0.00238871
0.000852645
0.00127069
0.0009392
0.000147308
0.0165228
-0.0056079
-0.0262677
-0.000494988
-0.000553094
0.000515764
-0.000188806
0.000292699
-8.31709e-05
-2.07228e-05
-0.00017419
0.000210498
-0.00498504
0.00245982
0.000971248
-0.00100905
-0.00188466
0.000996907
0.00117631
0.00276201
0.0010042
0.000320672
0.00220858
0.00292441
-0.000363583
0.00137314
-0.00461343
0.000927517
0.000589692
-0.00736558
-0.000275508
-0.00213736
0.00276813
0.00372788
-0.000920084
0.000110459
-0.000427177
0.000305238
0.000162775
-6.26869e-05
-0.00397672
0.00222603
0.000212183
0.000133426
-0.00105408
-0.00063443
0.000954254
-0.00384243
-0.00288808
0.0164085
0.00201955
0.0260911
-0.00754114
0.00194592
-0.00134481
0.000944591
-0.0201687
-0.00484899
-0.00261244
0.00146851
-0.00217151
0.000410246
-0.000260519
0.000569134
-8.05103e-05
0.0114591
-0.000341835
0.00149912
3.66014e-05
-0.000165891
0.000407115
-0.000688512
-0.000784611
-0.000196907
0.000425919
0.00182976
-0.000705924
0.00131763
0.00268356
-0.000906716
-0.000947331
-0.000140577
0.00145358
0.00166748
7.4785e-05
-6.02557e-05
0.000425518
0.000683248
-0.000152848
8.37572e-05
-1.14692e-05
4.38436e-06
-0.000790191
-0.00125771
0.000221155
9.61403e-05
0.000193361
-6.33407e-05
5.93441e-05
-0.000361842
-0.000272344
0.000982159
0.00505291
-0.00152661
-0.00439226
-0.000206353
-0.000229145
0.00273749
-0.0032028
-0.0235989
-0.00295598
0.000348941
-0.000519359
-0.0228818
-1.42119e-05
0.000756424
0.00652821
-0.0373663
-0.000718746
-0.000280442
-0.000395384
-0.000651211
-0.00172434
0.00193095
0.00208263
0.00149823
0.00255338
0.000459293
0.000732226
-0.000216014
0.00137748
-0.00127502
0.00101883
-0.00119989
0.000221916
-0.000953328
0.00126258
0.00012609
-0.000351586
-0.000472477
0.000553895
0.000291582
0.00119963
-0.00289182
-0.00580037
-0.000299362
-0.00144085
0.000921862
0.00142844
0.00109683
0.001376
-0.00105287
0.000192347
-0.000131059
-0.0047635
-0.014878
-0.00725433
-0.0195024
-0.0115917
-0.0075269
-1.67411e-05
8.17201e-05
0.0186633
9.06505e-05
-7.91813e-05
1.58406e-05
0.000295006
-3.69345e-05
-0.0278457
-7.25313e-05
-0.000264741
-0.00289941
0.0297098
0.0218765
-0.00749189
0.00760806
0.000932396
-0.000208965
1.73553e-05
-0.00165562
0.00655851
0.0147192
-0.004669
0.0256233
0.036275
0.000491438
-0.00066447
0.0010514
0.00103947
0.000299079
-0.00088679
-0.000752848
-0.000720395
-0.000412598
-1.2952e-05
-0.0010167
-0.00185737
-0.000134615
-0.00237054
0.00278917
-0.00028402
-0.00104995
-0.00139915
0.00433957
0.000239616
0.00373053
-0.000998412
-0.000822127
-0.000704079
0.00262988
0.0160342
0.00937001
0.0022278
5.37567e-05
-0.000744411
0.0010481
-0.000664989
2.62012e-05
9.87255e-05
-0.000401296
0.000252589
-0.000828464
0.000384317
-0.000190827
3.00752e-05
0.000537898
-0.000309169
0.000211978
-0.00212004
0.000334595
-0.000855796
-3.44913e-05
0.000221148
-0.00535474
-0.00270884
-0.00258936
0.000872374
0.000710861
0.00115448
-0.000932665
-0.00311934
0.00376637
0.00101431
-0.0023025
-0.00238483
0.00301403
-0.000315539
0.00292639
-1.54826e-05
0.000125489
0.00168342
-0.000441027
-1.70509e-05
-0.00165978
0.00222145
0.00702913
0.00338479
0.00196401
-0.0036533
0.0121008
-0.010864
0.00285402
0.00026119
0.000358374
-0.00228505
-0.000192976
0.00145963
0.0031029
-0.00542466
0.0017201
0.00341793
0.000867702
-0.00169543
-0.00309708
0.00316025
-1.68387e-05
0.000751251
0.000331713
-9.18038e-05
0.000275246
0.000100361
-0.00152615
-0.00294462
0.000427424
-0.000224336
0.00276869
-0.00123213
0.0044385
-0.00377386
0.00470541
-0.00238425
0.00182187
-0.00159151
-0.000427428
0.000657127
0.001688
-0.00277897
0.000737998
-0.000305788
-0.000546308
-0.000731423
-5.03178e-05
-0.000662404
-0.000613906
-0.00240218
9.98414e-05
4.13316e-07
0.000435617
-0.000674987
0.000156908
0.000148299
-0.00277126
-0.00116794
-0.00099699
-0.00106309
0.00132491
-8.75466e-05
-0.00017288
0.00125952
-0.00241969
0.00243627
-0.00382975
-0.000818332
-0.00174152
0.00295825
0.00106825
-0.00117256
0.00152888
-0.00177979
0.00199458
-0.000710403
0.00066643
0.00032425
0.00319706
0.00386614
0.000532591
-0.00224515
-0.00111747
4.79964e-05
0.000144641
0.000287853
0.00146873
-0.000278923
-0.0291483
-0.013502
0.00672677
-0.00122002
-0.0100543
-0.000499221
-0.00217485
0.000131058
-0.00253846
0.00295039
0.000548862
-0.000578478
0.00265799
-0.00136366
0.00291961
-0.00198351
0.00208734
-0.00148799
-0.00117783
0.00154319
0.00129426
-0.000845333
7.84372e-05
0.00041769
-0.00044899
0.0029321
0.000446447
0.000171628
-0.000174841
-0.0011987
5.75554e-05
0.00016317
0.000340055
-0.00324719
-0.00691664
0.00245071
-0.00123304
0.00138307
0.000602636
0.000689418
0.00109839
0.00123168
0.00124534
0.00125626
-0.0001844
0.00198792
0.00421338
-2.76951e-05
0.000623916
-0.000496633
-7.79774e-05
0.000324886
-0.000775019
-0.000112401
-0.000304784
0.000231027
9.46933e-05
-3.83187e-05
0.00106124
-0.000526536
-0.00199275
0.000362593
0.000724846
-0.000210664
0.000125083
-0.00121505
-0.000153118
-0.000506681
0.000462767
-0.000273665
0.000422557
8.18588e-05
0.000453555
-0.000146199
0.00161741
0.00440961
-0.00514604
-0.000505243
0.00501333
0.00259327
0.00184453
-0.0134355
-0.000654671
0.00126808
-0.00263833
-8.75116e-05
0.00297938
0.00945656
6.1459e-05
-0.000626969
0.00127642
-0.00236967
-0.0042908
0.00796111
-0.00673501
0.00918383
-0.00832099
0.00687238
-0.00782403
-0.0069955
0.00103539
-0.00822447
0.0139075
-0.00436015
-0.0244957
-0.00153433
-0.000452302
0.000197124
-0.00094907
-0.00132804
-0.00102871
0.000222184
0.000795085
-0.00112461
-0.00296076
0.000379122
-0.00248157
0.000599734
-0.000700285
0.00018711
0.0034484
-0.00192272
0.00031968
-0.000120499
0.000760532
-0.00395243
-0.00268967
0.00152748
-0.00124163
0.000201296
0.000993632
8.36189e-05
-0.000184788
0.000395469
0.000473181
4.16751e-06
-0.000782853
0.000663051
-0.000602594
0.00048254
3.45408e-05
0.000199144
0.00599482
-0.00346376
0.0043463
-0.014735
-0.00164874
-0.0131686
0.000906582
-0.000360715
-2.92297e-05
0.000504199
0.00434337
-0.0119523
-0.00263329
-0.00444434
0.00546373
0.00808973
-0.000402902
0.000976841
-0.000524285
0.0018755
0.00467432
0.000205176
2.61495e-05
-0.000362728
0.00104076
0.00631183
-0.00209237
0.00276383
-0.000176088
0.000558549
0.000305223
-0.00274406
0.00464029
-0.00183196
-0.00273079
-0.00123529
0.000637638
0.00148461
0.000195578
-0.000180826
-0.00388711
-0.00242204
-0.000193895
0.000793658
2.94426e-05
-9.95361e-05
0.000327839
0.000255448
0.000167059
-0.000151123
-6.79084e-05
0.000112692
-0.000115485
0.000431058
8.71867e-05
5.77312e-05
0.000234429
-0.000125101
8.67518e-06
-0.000368643
0.000369114
-7.15877e-05
-0.000447706
0.000959638
-0.00805999
0.00415729
0.0218414
-0.000482615
-0.0171461
-0.000649881
-0.0190628
0.0135419
-0.000509734
-0.0101984
0.0306527
0.0121566
-0.0123258
-0.00341331
-0.052631
0.00222783
0.0606883
-0.00533252
0.0151821
-0.00327595
0.000848795
-8.78164e-05
-0.00132783
0.0145565
-0.00877638
0.00808822
-0.0287439
-0.000267879
0.000196147
-0.000179525
0.00161632
-0.00100338
0.00014491
-0.000298566
0.00113428
4.04737e-05
0.00086526
-0.000542464
-0.00079973
-0.00147065
0.000163172
-0.000328896
-5.08173e-05
-0.0003497
-0.000515344
0.000800331
-0.000123809
-0.000390065
-4.31991e-05
0.0015256
0.000835672
0.00050629
-0.00109845
-0.000384537
0.000529979
0.00044268
0.000328947
0.000235733
-0.00168949
0.00520498
-0.00263635
0.0018325
-0.00145866
-0.0255305
0.0241491
0.00158628
-0.013257
0.0220848
0.00327177
-0.00737133
-0.00022781
0.00287642
0.00754184
0.00070438
-0.00443913
0.0146784
0.000839103
0.0087255
-0.0272915
-0.00413648
-0.0098789
0.00904927
0.00371677
-0.00442085
0.0027811
0.00233802
0.00154325
-0.00477951
0.0117106
-0.0124055
-0.000710508
0.000257869
0.00156897
0.00193211
-0.00110465
-0.00194662
0.00395052
-0.00186959
-0.0231252
0.00528444
-0.00432535
0.000340887
0.00104099
-0.00274327
-0.000559212
-0.00172766
0.00114025
-0.000758582
0.000455017
0.00190836
-0.00353719
-0.00122202
0.00142232
-0.00410054
-0.0040153
-0.0217306
-0.00461939
-0.00268512
-0.0259403
0.00100624
0.0256829
-0.00118935
-1.53037e-05
-0.000300787
-0.00752519
-0.000653638
0.00128106
-0.000366952
0.00170909
-0.00134214
-0.00102059
0.00195251
-0.000671451
0.000784157
0.00150209
-0.000474104
-0.000718501
-0.0077462
0.00252077
0.000979364
0.000356176
-5.41294e-05
0.000280502
3.13381e-05
-0.000642603
0.000132517
-0.00045506
0.000433374
-0.000314464
-0.00409193
0.000260546
-0.000874617
-0.00252086
0.00259971
-0.00730834
-0.000207987
-0.00020809
0.000220036
0.000421379
-0.000100573
0.00037818
-0.000269936
0.00113565
0.000342708
0.0164773
0.0192676
0.000566734
-0.000149891
-0.00839461
-0.00521136
-0.00962751
9.29549e-05
-0.00180194
0.000238337
0.00161442
0.000959517
0.000806123
0.00205621
-3.02675e-05
0.000512106
0.00178244
0.0182862
0.000215574
0.000240966
-6.07539e-05
-0.000336478
-0.00229343
0.00516816
-0.000845145
-0.000680871
0.000955217
0.0037464
0.00144273
0.00240914
0.000721595
-8.86112e-06
0.000105005
0.00522534
0.0107356
0.0031773
0.0432444
-0.0288966
0.0119946
-0.0175229
-0.000889006
-0.00257
0.00388066
0.00130638
0.000646811
0.00126825
0.000940259
-0.000755514
-0.000759159
-0.00091267
0.000122563
-0.00125745
-0.000248561
-0.0011781
0.000910806
-0.000813522
-0.00215713
-0.000294578
0.0122552
0.00144341
-0.000907041
0.00278331
-0.0042065
0.00294882
0.000809554
0.00150032
-0.00107894
0.000299393
-0.000948404
-0.00533725
-0.000626913
0.000693599
-0.00297708
0.000863294
0.000465909
0.000531164
-4.05719e-05
0.000331098
-0.00228092
0.000659577
-0.00201936
0.000418551
-0.00140368
-4.60805e-05
-0.000309927
-0.000643069
0.000400677
-0.0018287
0.000318951
0.00138495
-0.0013458
0.000175756
-0.00138727
0.000612053
0.00101865
0.000742807
0.00266062
-0.00137606
0.00225735
-5.60844e-05
-0.00165281
0.0137185
-0.00498584
0.00163821
0.000770401
-0.000817699
-8.27109e-05
-0.000582278
-0.00068769
0.000994757
0.000119663
-0.000167283
-0.000158928
0.000108332
0.000450832
-0.00251537
0.00109614
-0.00219049
0.00233283
0.00371057
0.000139703
0.000109804
0.000100891
-0.000241101
0.000355207
0.000984311
-0.0016868
-0.00288443
-0.00492615
-0.000156372
-8.2234e-05
0.00439643
0.00936009
-0.0307887
0.0156745
3.74211e-05
-0.000343119
0.000273509
4.54461e-05
0.00194136
-0.0149184
-0.0066794
-0.0013762
0.000105489
0.00703081
-0.000322317
1.6325e-05
0.000231273
-0.000304424
0.000264568
0.0148693
-0.0148514
-0.000461284
3.75766e-05
-0.000971931
0.00213067
8.09033e-06
-0.000846389
0.000176355
-0.000829982
-0.00039075
-0.000439811
0.00151723
0.0181059
0.000338323
0.000766658
-0.00111841
-0.00597967
0.00609574
0.0224985
0.0334868
0.0116866
-0.0135725
0.00287296
0.00712449
-0.00283368
-0.00011516
0.000235918
0.000730679
-0.00357446
-0.000108535
-0.000948984
0.000402718
0.000236394
-0.000173762
0.00011812
0.00135543
0.000304631
0.00051557
-0.000201101
-0.00115114
-0.000254968
-0.000368934
0.000154113
0.000220463
0.000441924
2.96366e-05
-5.77056e-05
-0.000806628
-0.000258795
0.00378032
0.00100877
0.000278266
0.0013849
0.000358382
-2.88015e-05
-0.000115068
-0.000764747
0.00200495
)
;

boundaryField
{
    outlet
    {
        type            calculated;
        value           nonuniform List<scalar> 0();
    }
    walls
    {
        type            calculated;
        value           uniform 0;
    }
    inlet
    {
        type            calculated;
        value           nonuniform List<scalar> 0();
    }
    model
    {
        type            calculated;
        value           uniform 0;
    }
    procBoundary5to1
    {
        type            processor;
        value           nonuniform List<scalar> 
57
(
-0.00181899
0.066633
-0.000238917
0.0508705
0.000239156
0.000477584
-0.000661828
0.000208066
-0.000505033
-0.00180789
0.0704984
-0.00454267
0.0508275
0.0327435
-0.00242923
0.0149159
-0.000695939
0.00255139
0.0119481
0.0287345
0.000821927
-0.00111926
-0.00432303
0.000827928
0.0437658
-0.001581
-0.00119377
-0.00448044
-0.000571363
0.00300009
0.0203203
0.0224274
0.0598926
0.0276031
0.0409378
-0.00322863
0.0367371
0.00107576
-0.00221465
-0.00316401
0.0482143
0.024294
0.0187933
0.00732667
-0.00375916
0.0209487
0.0167894
-0.00395062
0.0378981
0.0117382
0.0366185
0.0268958
0.0264738
-0.00168896
0.0512104
0.0216115
0.0540173
)
;
    }
    procBoundary5to2
    {
        type            processor;
        value           nonuniform List<scalar> 
94
(
9.9591e-05
0.00041137
0.00372561
0.0010613
0.000254914
0.00414214
0.000846056
-0.000312362
0.00294143
1.93046e-07
0.00164442
0.00356528
-0.00140325
0.0021457
-0.00129422
0.000690072
-5.91033e-05
-0.000131848
0.00503979
0.000663037
0.00518936
0.0104895
0.00733995
-0.000311245
-0.00221013
0.00080973
0.00016636
0.00164683
-0.00126854
0.013673
-0.000251248
0.00372628
-0.000386664
0.000160128
0.00798695
0.00575848
-0.00432013
0.000853861
-0.00111274
-0.000345441
0.00141232
-0.00041209
-0.000592075
0.0139244
0.00982356
-3.73196e-05
0.00494261
0.00594635
3.52869e-05
0.000975744
0.00945863
-0.00391117
0.00206654
0.000590501
0.00228615
0.00153189
0.0034244
0.000152421
-0.00403417
0.000917214
0.00402361
3.78302e-05
-0.000362519
-0.000719658
0.00549023
0.00149043
0.00240359
0.000347956
-1.48988e-05
0.00604956
0.000723223
0.00554886
0.00796227
0.00277625
0.00054293
0.00113767
0.00336553
0.0146509
0.000251199
0.000815193
0.00854767
0.0105483
0.00807488
0.00221186
0.0035114
0.00532336
0.00416932
0.0185676
-0.000421007
-0.000758629
0.00258223
0.000272758
-0.000144807
-1.32255e-05
)
;
    }
    procBoundary5to3
    {
        type            processor;
        value           nonuniform List<scalar> 
57
(
-0.00756607
-0.000444211
-0.0111986
-0.00502759
-0.0259496
-0.000253802
-0.0204064
-9.19106e-05
-0.00851719
-0.00502087
5.62567e-05
-0.000287074
-0.00659884
-0.0120826
-0.00189551
-0.000503461
-0.00310014
-0.000416573
-0.00144356
-0.000729598
-0.000164168
0.000270437
-0.00760163
-0.00750768
-0.0108559
-0.00662267
-0.000899058
-0.00422952
-0.0119626
-0.0133788
-0.0125342
-0.00417764
-0.000956553
-0.00429681
-0.000751316
-0.000713399
-0.000990796
0.00535627
-0.00881485
-0.00756151
-0.00465929
-0.00462435
-0.0115482
-0.00353905
-0.000207156
-0.00169227
-0.00151311
-0.014772
-0.00236792
-0.00235707
-0.00923744
-0.00223623
-0.00165332
-0.00146994
-0.00257935
0.000542524
-0.00571205
)
;
    }
    procBoundary5to4
    {
        type            processor;
        value           nonuniform List<scalar> 
222
(
-0.00642757
0.00994197
-0.00532962
-0.000708657
-0.00262851
-0.0077182
0.00173717
-0.00691125
0.0018857
-0.00458655
-0.00252462
-0.0087329
-0.0291154
0.0109302
-0.0157568
0.000832175
0.000772824
0.00193736
6.38272e-05
0.0122192
-0.0115595
0.000965556
0.00129167
-0.00687902
-0.00557205
-0.00398567
-0.000176595
-0.0016014
-0.0126996
-0.00264373
0.000205209
-0.00521459
-0.0128401
-0.00857243
-0.000994855
-0.00238199
-0.00740012
-0.0544326
-0.000214244
-0.0055958
0.00021278
0.000197489
-0.00483038
-0.00710149
-0.0152302
-0.000229341
-0.00188981
-0.0111726
-0.00144689
-0.00225665
-0.00147362
0.000510134
-0.0268937
0.00134428
-0.041087
-0.00326242
0.000538632
-0.000720382
-0.00476665
-0.00138853
-0.0433696
-0.0105847
0.00107036
-0.000338216
-0.023403
-0.00631511
0.000407012
-0.0112525
0.00160994
0.00715169
0.000162081
-0.000631917
-0.00269182
0.00347104
2.44855e-05
0.00206991
0.00265397
-0.0066594
-0.00284672
-2.91216e-05
-0.0101577
-0.00228716
0.000380894
0.00226256
1.17081e-05
0.000292108
0.000204237
-0.000255037
0.00857216
-0.00262179
-0.00400128
-0.0024771
-0.0010055
0.000590249
-0.00899178
-0.00232678
-0.00131957
-0.00129095
-0.00982946
-0.0152643
-0.00128494
-0.00161085
0.000536316
0.00560255
-3.6408e-05
-0.00451033
0.0206222
-0.00835718
-0.000345372
-0.00211038
-0.000738178
-0.0015407
0.000952623
-0.00697358
0.000377551
0.000661885
-0.0123731
-0.00376835
-0.000231018
-0.0108935
-0.00421209
0.0135265
-0.0119005
0.000246001
-0.00128342
-0.00295611
0.00139392
0.00235183
-0.0119942
0.000424917
-0.00490509
-0.0028251
-0.00218705
-0.0388123
-0.00442232
-0.00745643
-0.00504779
-0.0112839
-0.00208274
0.000756455
0.00574801
-0.00932206
-0.00664894
-0.00392744
-0.00755087
-0.00348154
-0.000670071
-0.0011004
0.00193472
-0.00022933
-0.00848267
-0.000316808
-0.000773699
0.00592746
0.000529235
-5.34761e-05
-0.00144308
-0.00549236
0.000558976
-0.0052181
-0.000502482
-0.00261104
0.000813205
-0.00703913
-0.0155771
-0.00547962
-0.00126159
-0.00239412
-0.000970364
-0.026912
-0.0137641
-0.000124281
-9.85868e-05
0.0171935
2.8736e-05
0.00138224
0.00283117
-0.0405108
0.000306428
-0.0117978
-0.023932
0.000397418
0.00574793
-0.000578747
0.0127066
0.000761098
-0.0237171
0.000748608
0.000151499
-0.000154205
-0.0334452
0.000135182
9.53753e-05
-0.00771179
0.0418953
-0.00381392
0.00194056
-0.000617841
0.000691647
1.60725e-05
0.00179038
-0.000697158
0.00364944
-0.00239593
0.00406812
-0.00140038
-0.00456695
-0.00256007
4.06587e-06
0.000389505
-0.00263407
0.000381444
-0.0059113
-0.00953281
-0.0218614
-0.0341597
0.000186319
-0.00642297
-0.00305856
0.00158454
-0.000645141
0.000464923
)
;
    }
    procBoundary5to7
    {
        type            processor;
        value           nonuniform List<scalar> 6(-0.00783149 0.0163676 -0.0388945 -0.0207636 -0.0212933 -0.0278694);
    }
    procBoundary5to8
    {
        type            processor;
        value           nonuniform List<scalar> 4(0.0722486 -0.0107588 -0.0295164 -0.0106374);
    }
}


// ************************************************************************* //
