/*--------------------------------*- C++ -*----------------------------------*\
| =========                 |                                                 |
| \\      /  F ield         | OpenFOAM: The Open Source CFD Toolbox           |
|  \\    /   O peration     | Version:  2506                                  |
|   \\  /    A nd           | Website:  www.openfoam.com                      |
|    \\/     M anipulation  |                                                 |
\*---------------------------------------------------------------------------*/
FoamFile
{
    version     2.0;
    format      ascii;
    arch        "LSB;label=32;scalar=64";
    class       surfaceScalarField;
    location    "0.0440925";
    object      phi;
}
// * * * * * * * * * * * * * * * * * * * * * * * * * * * * * * * * * * * * * //

dimensions      [0 3 -1 0 0 0 0];

oriented        oriented;

internalField   nonuniform List<scalar> 
7371
(
0.00648166
-0.0127796
0.0126082
-0.0063103
-0.00769727
0.00196447
0.00344005
0.00229275
-0.000939871
0.0014793
0.000267863
-0.000807294
-0.00478588
0.0104587
4.32971e-05
-0.00571607
0.0161961
-0.00575729
-0.00478
-0.00565881
-0.00263509
-0.00103867
0.00392707
-0.000253321
0.000534439
0.00106153
-0.000371045
-0.00122493
0.04694
0.0112911
0.00220249
-0.0604336
0.00506536
-0.0332382
0.0117544
0.000842139
-0.00977361
0.00958316
-0.000651681
-0.0251422
-0.0575074
-0.00905928
-0.0582247
-0.0869426
0.0568979
0.0882694
0.0284793
0.17033
-0.244917
0.0461069
0.00159158
-0.00140664
-0.00141284
0.0012279
0.0533284
-0.0526695
0.0191525
-0.000510532
0.00133722
-0.000668906
-0.000157786
-0.00281945
-0.00555433
0.00162623
0.00674755
0.0612983
-0.0416972
0.0641596
-0.0837608
0.0571998
0.000917734
-0.0581175
0.00116623
-0.000150886
-0.000237669
-0.000777672
-0.000140107
-0.00218708
0.00137613
0.000951058
-0.000159863
-9.77063e-05
-0.00136922
0.00162679
-0.0026349
-0.00116406
-0.00128191
0.00508088
-0.000806647
-0.00266327
0.00141155
0.00205837
-0.0557744
0.0556752
9.91425e-05
-0.00578321
-0.0425554
-0.00743578
0.0458867
0.0138895
-0.0593913
-0.000384791
0.0916179
-0.00269285
-0.0430384
-0.000764684
-0.000403659
-0.00100334
0.00217169
-0.00071252
0.0083859
-0.00833148
0.000658097
0.00786224
-0.0151248
-0.000749658
0.025079
-0.014893
0.0170112
-0.0271972
-0.066401
-0.0232357
0.0896367
0.0251364
-0.1357
0.126212
-0.0156479
-0.0554052
-0.0599253
0.11533
-0.0284242
0.0597135
0.0201022
-0.0513915
0.00318702
0.00371114
0.000817054
-0.00771522
-0.0340752
-0.0380986
0.0993214
-0.0271476
0.000952533
0.00226425
-0.00136616
-0.00185062
-0.0557663
0.0273421
0.0583237
0.0633858
-0.0619959
0.00270409
-0.000312318
0.00100286
-0.00339463
-0.0130485
0.0014341
-0.0118559
0.0234703
0.00361097
-0.00356815
0.000786095
-0.000828906
-0.00164802
0.00359437
0.0060129
-0.00795925
-0.00183355
-0.000646081
-0.00103752
0.00351715
-0.00327719
0.0107598
-0.00733854
-0.000144069
0.000511506
-0.000510715
0.000805997
-0.000806788
0.0106757
-0.061326
0.13298
-0.08233
0.0298997
0.0177068
-0.0476065
0.0341775
-0.0662794
0.0620015
-0.00181304
0.00331367
-0.0011009
-0.000399731
0.00119218
-0.00167707
0.000237285
0.00024761
0.0200102
-0.00227837
0.0144037
0.0157693
-0.0220717
-0.0217426
0.0056182
0.030528
-0.011015
-0.000767454
0.00864186
0.00314063
0.000866712
0.000414067
-0.000670675
-0.000610105
0.0031271
0.00453981
-0.00220787
-0.00545905
0.0116237
0.0054413
-0.00301131
-0.0140537
-0.00178901
0.00104111
0.000563537
0.000184368
-0.0349152
0.0528903
0.041811
-0.0597861
0.00588487
-0.00891389
0.00078607
0.00224295
0.0206157
-0.0555309
0.0266877
-0.0202067
0.0277961
-0.0342772
0.00911106
-0.047648
0.0652247
-0.051841
0.130698
-0.0175589
0.0347591
-0.0694529
0.00133156
0.000330733
-0.00253202
0.00086973
0.00686006
-0.0106991
-0.00187315
-0.0239106
0.0347646
0.0791627
-0.0900168
0.00314446
-0.00956963
0.0026022
0.00382297
-0.00638762
0.0163932
-0.00330472
-0.00670086
-0.0011002
-0.00452406
0.00169723
0.00392703
0.00110886
-0.00269309
0.00396093
-0.0023767
-0.000876273
0.000306012
0.00143697
-0.00162581
-0.000534443
0.00478072
-0.00262047
0.0066148
0.00722662
-0.00948585
-0.00435557
0.000924783
-0.00498814
0.0106782
0.00793721
-0.00712722
0.00153239
-0.00234238
0.0185406
-0.0363693
0.00936144
-0.000514155
0.000508217
-0.000501567
0.000507506
-0.0862951
0.00306903
-0.0657537
0.0695009
-0.00374717
-0.00174724
-0.00182264
0.00766855
-0.00409867
0.0925974
-0.0525478
-0.100383
0.0603333
-0.0266851
-0.0634897
-0.0418813
0.000473095
0.00271874
-0.000285109
-0.00290672
-0.000327327
0.00353561
-0.00110243
-0.00210586
-0.00328149
0.00414273
0.000908091
-0.00176934
0.00042609
-0.000349073
1.15e-05
-8.85166e-05
0.000457507
0.000649493
-0.00177579
0.000668789
0.00217204
-0.013917
-0.0053151
0.01706
-0.0254987
-0.0532553
0.0878651
-0.0598812
-0.0693923
-0.017127
0.146401
-0.000200282
0.00107283
-0.00176038
0.000887833
0.000696785
-0.00209018
0.000453521
0.0300292
-0.0597941
-0.02012
0.0298028
-0.0351815
0.00140792
-0.00369605
0.00135737
0.000930759
0.00496912
-0.00204372
-0.00181653
-0.00164566
0.000303392
0.000864004
0.000478266
0.00202437
-0.00460114
-0.000238552
0.00281532
0.000854781
-0.000157995
-0.0161831
0.00345828
0.0121148
0.000609993
0.0901732
-0.0278512
-0.0326978
-0.0296241
-0.0165235
-0.0435277
0.152649
-0.00789925
-0.00743771
0.00876432
-0.000446062
0.0476806
-0.0615317
0.0162015
0.0680011
-0.02068
-0.0635226
-0.000699262
0.0004642
-0.000330639
0.000565701
0.000890274
0.00161533
-0.00331225
-0.00803701
-0.0160875
0.0166889
0.0074356
-0.00162697
-0.00281773
0.0028189
0.00040335
-7.53475e-05
-0.000781412
0.00045341
0.00345402
8.65947e-05
0.038467
-0.0420077
0.0308644
0.000186013
-0.0275964
-0.00714029
0.00176004
-0.0496389
0.00680109
0.0374707
0.00536717
0.0351541
-0.0352157
6.16032e-05
-0.0189041
-0.0435721
0.0128373
0.0403562
0.00159897
0.00352878
-0.00162286
0.000655259
-0.00256118
-0.00323413
0.0111259
-0.00126176
-0.00663001
0.00721901
-0.0114242
-0.00138714
0.00559231
0.00762948
-0.010909
0.0104985
-0.0181008
0.0119311
-0.00506401
0.0112337
0.0161125
-0.0137209
-0.0204924
-0.0244879
0.0128275
0.0117195
-5.91455e-05
-0.0137293
-0.00312918
-0.00251356
0.000421957
0.00137509
0.000716518
-0.00106558
-2.26932e-05
-0.000481185
0.00156945
0.00109094
0.00159658
-8.47923e-05
-0.000567944
0.000652736
0.00797295
-0.00879788
-0.0179756
0.0188005
-0.00491081
0.0183668
-0.00012256
-0.0133334
-0.00313586
0.000933083
0.00204895
0.00015383
-0.000740104
0.00041466
-3.8471e-05
0.000363915
-0.00542474
0.00681026
0.00262528
-0.0040108
-0.00102115
-0.000129217
-0.00122452
0.000852559
-0.000649185
-0.0036489
0.00206617
0.00505791
0.00394452
-0.00231966
0.00332873
-0.00495359
-0.03819
0.0658086
0.0386813
-0.0662999
-0.000326738
-0.00167736
0.000779569
0.00132075
-0.000468191
0.00119153
0.0234248
0.0161186
-0.0395433
0.043527
-0.0559775
0.042893
0.0428474
-0.0297629
0.0255378
-0.0226194
-0.0653644
0.0255054
-0.0222343
0.105169
-0.0573969
-0.000467413
0.00136576
0.0112777
-0.0121761
-0.0325735
-0.0514103
0.0233088
0.0606749
-0.00108016
-0.000403258
0.00202793
-0.000544507
0.00934654
0.0141162
-0.0234627
-0.00350694
-0.00679671
0.00874705
0.0015566
-0.0194525
0.0390674
-0.00757972
-0.0120352
-0.0258425
0.0258628
-2.02829e-05
0.0636388
0.0392263
-0.155413
-0.0381967
-0.00709833
0.0359525
0.0032015
0.000287415
0.000138675
0.00175691
-0.00104618
-0.000738285
2.75492e-05
0.0017075
-0.00261322
-0.000953656
0.00185938
0.000426531
0.000693948
-0.000357082
-0.000763397
-0.0029084
0.0026701
-0.00129163
0.00152994
0.000706224
-0.000286264
-0.000619092
0.000199132
-0.00241719
0.00135849
0.00724602
-0.00618732
-0.00117171
4.21315e-05
0.000290653
0.000838925
-0.00394618
0.00211982
-0.000478039
0.00230439
-0.00121379
-0.00359022
0.0034727
0.00133131
0.00189973
-0.00164582
0.00150299
-0.00711543
0.00374236
0.00436124
-0.0046426
-0.00155097
0.00183233
0.0015707
-0.000354903
-0.000830648
-0.000385146
0.00663355
-0.00227231
0.00260748
0.00124797
-0.000668434
-0.0505235
0.0586297
-0.00200989
0.000532182
0.00246361
-0.000985903
-0.0354732
-0.00708219
0.00107917
-0.00153873
0.000459564
0.00109206
-0.00146622
-0.000771964
0.00114612
-0.0078045
0.00436029
0.00208124
0.00136296
0.03546
0.0131462
-0.0466565
-0.00194968
0.000622452
-0.000661863
-0.000179269
0.00021868
0.000795281
-0.000230589
0.00109187
-0.00165656
-1.31787e-05
0.0451758
-0.052258
0.00183179
0.0026299
-0.00123242
-0.00322926
-0.000514491
-0.000809574
0.000974991
-0.072843
0.0505078
-0.0149496
0.0372848
-0.0217437
-0.0800814
0.0289821
-0.00145055
0.000793004
0.000657542
-0.00711745
0.00647494
0.00357733
-0.00293482
4.95826e-05
0.00276999
-0.00248225
-0.000337316
0.000588099
-0.000113484
-0.000474615
-0.0557683
0.0340246
-0.00538625
-0.000767326
0.00343418
0.0027194
-0.000826402
-0.00119361
-0.00281504
0.00483506
-0.00600408
0.0187924
-0.0564378
0.0436495
0.00110249
0.000665634
0.000858979
-0.0026271
9.82698e-05
-0.00277872
-0.00394261
0.00662305
0.00345521
-0.0019234
-0.000882924
-0.000648884
-0.00183809
-0.0114898
0.00648245
0.00684543
-7.61176e-05
0.0023953
-0.00353297
0.00258432
-0.00234909
-0.0126276
0.0123924
0.00702347
-0.00424086
-0.010496
0.00771338
-0.0017939
0.00424537
-0.00215465
-0.00029682
0.00026183
0.00106566
-0.000341105
-0.000986385
0.00101094
-0.00180874
0.000159157
0.000638639
-0.00150657
-0.00101735
0.000288503
0.00223542
0.00278427
-0.00970165
0.00435283
0.00256455
0.00127784
0.00278153
-0.00657214
0.00251278
0.00689375
-0.00443237
-0.00503374
0.00257237
0.00054688
-0.000478514
-0.000279766
0.0002114
0.0142207
-0.000412592
-0.00691433
0.00203508
-0.0074852
-0.00279574
0.00824586
-0.00603032
-0.000243622
0.00437279
0.00190115
0.00487579
0.000261894
-0.00476161
-0.000376076
-0.00105809
0.00293675
-0.00292483
-0.000299591
-6.02295e-05
0.000359821
0.000455422
-0.000206412
0.00029787
-0.000164639
0.000574099
0.00233311
-0.00274257
-0.00237251
0.000126215
0.000433254
3.92701e-06
-0.00437992
0.0053711
-0.0009951
-0.00794829
0.00186225
-0.00567034
-0.00818649
-0.0242001
-0.0208687
-0.0403267
-0.00581395
0.00686321
0.0484118
0.059832
-0.0647657
0.0144423
0.0525259
0.000303216
-0.0607368
-0.00121169
0.000348699
0.00132839
-0.000465405
-0.113313
0.0195016
0.0306385
0.0631734
-0.0552468
0.0806778
-0.023112
-0.00231912
0.00222437
-0.00184507
0.00444873
-0.00482803
0.000256803
-0.0555036
-0.00197016
0.00163855
-0.00150195
0.00156367
0.0017619
0.000391998
-0.00371757
-0.001983
0.000687562
-0.00252994
-0.000691346
-0.00358164
5.29618e-05
0.00422002
-0.0562012
0.103317
-0.000527896
0.00340545
0.00347968
-0.00635723
0.0244287
0.0172679
0.0248815
-0.0393519
0.0864421
-0.0364145
-0.00170852
0.00071191
0.000390482
0.0403777
-0.0406027
0.000224993
0.0605327
-0.0209402
0.000785206
0.0696731
-0.108543
0.0763407
0.000246457
0.0697423
-0.000315642
0.00468455
-0.0120169
0.00875308
-0.00142077
-0.000365484
-0.00218143
0.00296985
-0.000422936
0.00330739
-0.000978095
-0.00269478
-0.00230884
-0.00403794
0.0024926
0.00385418
0.0236901
-0.0476006
-8.33561e-05
0.00132163
0.00207539
0.0695237
0.00216031
-0.000864395
-0.00239682
0.00261868
0.00279307
-0.00210437
0.00220716
-0.000276798
0.000229949
-0.000682482
-0.000968004
0.00130466
0.00034583
-0.00122774
-0.000127659
0.00067292
-7.18319e-05
-0.00014497
0.129984
0.00133048
-0.00120558
-0.000196738
0.000631051
-0.00026857
0.0644624
-0.0608256
-0.00363684
0.00631872
0.00366076
-0.00683501
-0.0074121
-0.00556977
0.0142138
-0.00123198
-0.00630099
-0.00501367
0.00506048
0.00625418
0.00421669
0.00467879
-0.0049184
-0.00397708
-0.00827495
0.0221954
-0.0188968
0.00497634
0.000463668
0.00199827
-0.00931261
0.00685067
-0.00170502
0.0111815
0.000857718
-0.0103342
0.00897828
-0.0138435
-0.000391052
0.00142672
-0.0073394
0.00856552
-0.00265284
0.00262476
0.0151016
-0.0181545
0.000428148
0.0026137
-0.00142903
0.000986593
-0.00217126
-0.00189669
-0.00244868
0.00156272
0.00278265
-6.42233e-05
-0.000762397
0.00082662
0.00592506
0.00051463
-0.00358328
-0.00285642
-0.000608497
-0.000779695
0.000293951
0.00109424
-0.00307872
0.000384483
-0.00152714
0.00422138
0.0172081
-0.0230162
7.33134e-05
-0.000241535
0.000481959
-0.000313738
-0.00448801
0.00201184
-0.000602549
-0.00412612
-0.00468981
0.00505454
0.0037614
0.0092064
-0.0104796
0.000228812
0.00104437
0.000853762
0.00476827
0.0109758
-0.0165978
-0.0169254
-0.00204465
0.0128327
0.00613742
3.8535e-05
0.000491251
-0.00156416
0.00103437
0.00091237
0.0028338
-0.00304625
-0.00069991
-0.00115919
0.000955242
-6.95521e-05
0.000273496
-0.0018157
-0.00177998
0.00108212
-0.00144716
-0.00511902
0.00770559
-0.0011394
0.000221426
0.000686499
0.000185555
-0.00109348
-0.00065393
0.000171354
0.000482576
-0.00180054
-0.000884812
2.20827e-05
-0.00251103
-0.00993627
-0.00141215
0.0138594
-0.000924747
0.00127531
0.00463448
-0.00498504
-0.00067636
0.000573136
0.00272704
-0.00262381
-0.000577764
0.00191055
-0.00486939
0.0035366
-0.00112409
0.000514199
0.00059486
1.50347e-05
0.0032132
0.00210809
-0.00576713
0.000445843
-0.0109008
0.000433015
0.0026633
0.000387071
-0.000738446
0.00154355
0.00679854
0.000616144
-0.000188063
-0.0100688
0.00500376
0.00973738
-0.00467231
0.0258714
0.0606995
-0.124761
-0.00478199
-0.00166736
0.00317217
-0.00196279
-0.0151252
0.00804295
0.0036898
0.00250391
-0.0084351
0.00224139
-0.00484286
0.0090985
-0.0139424
-0.00822849
0.0172538
-0.00491626
-0.00410909
0.00157429
-0.00320274
0.00311094
-0.00148249
-0.000410762
0.000851825
-0.000441063
0.00511983
-0.00556885
0.00016222
0.000286807
0.00386648
-0.00661293
0.000942899
0.00180355
0.000416971
0.00273427
-0.000308786
-0.00284245
-0.00042589
-0.00941565
-0.000113611
0.00995515
0.00468041
-0.00427798
-0.000996714
-0.000519674
-0.00386986
-0.00149347
0.000929081
0.000364109
0.00165562
0.0023579
-0.01153
0.00751646
0.000964413
-0.00150523
-0.000659954
0.00120077
0.0539276
-0.0787638
0.0248361
0.00122736
0.00153798
-0.00164181
-0.00112353
-0.00278925
-0.00128234
0.00407159
-0.00163236
0.00079568
0.000836682
-0.0572586
0.0890609
0.00436772
-0.03617
0.00171123
-0.000897767
-0.000459393
-0.00035407
-0.000467303
0.00217853
0.0356604
0.00394764
0.0147012
-0.00431219
-0.0108004
0.00295151
0.0121611
0.00193105
-0.00274843
0.000350075
0.0011977
0.010077
-0.007058
0.00588444
-0.00395339
0.00380448
-0.00595604
0.00351943
-0.00136786
-0.00754522
0.00404221
-0.00489403
0.00839704
0.00110745
-0.00707587
0.00504367
-0.00441824
-0.0033476
-0.00195941
0.00972525
-0.0042174
0.0035622
-2.11605e-05
-0.0023846
-0.000600781
0.00228731
0.000698072
0.00120787
-0.000458219
-0.000749652
0.00787919
-0.00873905
0.00196731
-0.007622
0.00179716
0.0054502
0.000374643
0.000509657
0.00016657
-0.000504789
-0.000171437
-0.00150804
0.000119298
0.00297194
-0.00158319
-0.00526112
-5.01481e-05
0.00658658
-0.00131809
-0.000133298
0.00599281
-0.00454142
-0.0210416
0.000605719
0.00268489
0.017751
-0.000817318
0.00460303
-0.00134086
-0.00244485
0.000974609
0.000816185
-0.00109344
-0.000697354
-0.00068901
0.00868396
-0.00851866
0.000523707
0.00201421
0.000827427
0.00348962
-0.00633126
0.00394648
-0.00201077
0.000223592
-0.00215931
0.000257501
0.00197771
0.00937691
-0.0116121
0.00787664
-0.00418762
0.0120377
-0.0157267
0.00187347
0.000995161
0.000143752
-0.00301238
0.000214305
0.00147898
-0.000728873
-0.000526682
0.0021155
0.003531
-0.000868158
0.000614681
-0.000438935
0.000692412
0.000789151
0.000914694
-0.00185336
0.000149515
-0.000414579
-0.00236231
0.00182209
0.000954801
0.00176194
0.00128567
-0.00304318
-4.43302e-06
0.0031403
-0.000764418
0.000242803
-0.00915736
-0.00515669
0.0160767
-0.000250883
-0.000906198
-0.000631933
-0.019599
-0.00848967
0.0112526
0.016836
-0.00688446
0.00325011
-0.00585151
-0.000453958
0.00117137
-0.00362581
0.00334579
-0.00383687
0.00130386
-0.000812771
0.000720289
-0.000690807
-2.94817e-05
0.000418905
-0.00047324
0.000787977
-0.000733642
-0.00748615
0.0042628
-0.00135776
0.00458111
0.000645085
-0.000454595
-0.000263829
7.33395e-05
3.87752e-05
0.000228622
0.000707211
0.00702105
0.00290362
-0.00790384
-0.00202083
0.0303861
-0.0179329
0.00227145
0.00104905
0.000857
0.0011884
0.000783844
-0.00282925
0.000478319
-0.000366676
-0.000111643
0.00771023
0.00639726
-0.022209
0.00810151
0.000210984
-0.00115701
-0.00192138
-0.00155777
0.00134938
-0.00312777
0.00333616
-3.7516e-05
0.00189878
0.000917381
-0.00277865
0.00360228
-0.00194143
-0.00335961
0.00169876
-3.83605e-06
-0.0039407
0.00197437
0.000761264
-0.000760524
0.000705484
-0.0053114
0.00320218
0.00158254
3.63721e-05
-0.00046474
-0.000666387
0.00109476
-0.00232554
0.00101673
-0.00216283
-0.000177458
-0.00406268
0.000678968
0.00356117
0.001175
-0.000704394
-0.00146902
0.000998416
0.000486323
-0.000200621
-0.00458384
0.00429813
-0.00119351
0.00182281
0.00015247
-0.000781764
-0.00331124
0.00377416
-0.00181271
0.00134979
-7.44198e-05
0.00196945
0.00109081
-0.0026383
0.00216945
-0.00253127
0.00803801
-0.00767619
0.00272974
0.00239119
0.00252119
-0.00764212
0.0235487
-0.00660325
0.0161616
-0.033107
0.000917151
-0.00741126
0.00275729
0.00373682
0.00334159
-0.00272087
0.000470217
0.00202333
-0.00134976
0.0029287
0.000936536
0.00567
-0.00422372
-0.00238282
-0.0167071
-0.00181088
0.0232205
-0.00233107
0.00144649
0.000810157
-0.0183474
-0.0125687
0.0257063
0.00520982
0.0689571
0.043559
-0.0548526
0.00224623
-0.00212813
0.000449156
-0.000567256
0.0012318
-0.00087795
-0.000681764
0.000327918
-0.000115564
-0.00209189
-0.00173872
-0.00052149
-0.00277445
-0.00562804
0.00892397
-0.00218343
0.00069733
0.00197949
-0.000493395
-0.0479832
0.0459732
-0.00584126
0.00785127
0.00207904
-0.0026054
8.14132e-05
0.000444947
-3.89036e-05
-0.00237894
0.00283481
-0.00363245
0.0759788
-0.129605
9.54085e-05
-0.000118618
0.00301116
0.0129821
-0.00664236
-0.00675238
6.27874e-05
0.0012186
0.00103105
-0.00231244
-0.00768
0.00389521
-0.00352134
0.00730613
0.000786909
0.00267859
-0.00135141
-0.00211409
0.00204827
-0.00186799
0.00142824
-0.00160853
-0.00115276
0.00134485
-0.00258774
0.00239565
0.000116557
0.00146996
-0.00117899
-0.000407534
0.000756456
0.00208842
-0.000765831
0.00257676
-0.001606
-0.00302343
-0.00271297
0.00116687
-0.00458309
0.00549939
-0.00152792
-0.00544793
-0.00987683
3.16026e-05
-0.00185837
-0.0019599
0.00367708
0.00173802
-0.041865
0.0100668
0.0204935
-0.00320027
0.0143493
0.0126358
-0.0237848
0.0020754
-4.80054e-06
-0.00167159
-0.000399012
0.00189265
-0.00127807
0.00146082
-0.00762552
-0.0250751
0.00841193
0.0242887
-0.0011249
-0.00167216
0.000298723
0.00249834
0.0176502
-0.00587428
-0.00299329
-0.00878265
-0.00149702
0.000497535
-0.000758015
0.00298512
-0.00265891
-0.00565713
0.00533092
-0.00489489
-0.00272221
-8.0173e-05
-0.00414514
0.00392689
0.00346892
0.00423938
-0.00678294
-0.000925351
-0.00203406
-0.00174506
0.00140979
0.000172089
-0.000192518
-0.000633501
-0.000637086
-0.00321146
0.00171148
0.00213706
-0.024967
-0.00449673
0.000761387
-0.0141155
0.00245331
0.0117857
-0.00700423
0.00223962
-0.00572964
0.00592861
0.003412
-0.00644661
-0.00570834
0.00524062
0.00383616
0.00441978
-0.00579002
-0.00246592
-0.00207245
0.000801948
0.00689099
-0.00562049
-0.00124297
0.000303218
0.00409095
-0.00315119
-0.0328684
0.0113213
-0.00321621
-0.0021842
-0.000665723
-0.00219794
0.00347078
-0.000607114
-0.00721566
-0.00077649
-0.00117678
-0.000458548
-0.0011855
0.0014111
-0.000649702
-0.000522008
0.00069925
-0.000849986
0.000150735
0.000446752
-0.00128754
0.000603849
0.000236937
-0.00138757
-0.0106376
0.0149287
0.00129821
-0.00132049
-0.000830905
0.000853185
0.00197959
0.0039699
0.00212812
-0.00475889
-0.00133913
0.000541019
0.000509275
0.00247848
-0.00168898
0.00854904
0.00390957
-0.00491692
-0.0025608
0.0425978
0.0210227
-0.0254528
0.00292459
0.00150549
0.014059
-0.00219705
-0.00863146
-0.00323052
0.00492541
-0.0114456
0.00880471
-0.00228449
-0.0212911
0.0114275
-0.00848385
-0.00781187
0.00707051
0.00922563
-0.00848426
0.0846481
0.013585
-0.0982331
-0.00414047
0.00908506
-0.00181749
-0.00119594
0.00123471
-0.00053874
0.00291501
0.00146481
0.000354585
-0.0016222
-0.0001972
-0.00184942
0.0100793
0.000537819
-0.00876769
-0.000603583
0.000157103
0.000865385
-0.0640655
0.0620938
0.00197166
0.00886638
-0.0057105
-0.0115235
0.0083676
0.016192
-0.0178794
-0.000900935
0.000938082
-0.00288682
0.0016858
-0.00112143
0.000128761
0.00280751
-0.00115333
-0.000701649
0.00320945
-0.00486797
0.00124394
0.000404333
0.00108626
-0.000791346
-0.00207194
0.00146328
-0.000481665
0.0028356
0.000823122
-0.00147227
-0.00142247
-0.000356641
-0.000874088
0.00103736
0.00801062
-0.00951539
-0.000204962
0.000483145
-0.000476987
-0.00116119
-0.00364968
0.00288446
0.00276014
-0.00248065
-0.00316395
0.00124231
-7.34796e-05
0.00171563
-0.000857545
0.00130742
0.00231026
0.000417671
-0.00380423
0.000739835
0.000974619
0.00208977
0.00261259
5.86833e-05
-0.00382403
0.00714549
-0.00627093
0.00737497
-0.00824953
0.00794574
-0.00989926
0.00401992
0.00141231
-0.0012274
-0.00420484
0.000640263
-0.00018484
-0.00646616
-0.0135311
0.00421279
0.00414207
0.00517625
-0.00234369
-0.0013025
-0.0028052
-0.000255767
0.00128562
0.00177535
-0.000805461
0.0015845
-0.00329455
0.00105217
-0.000541539
-0.000123561
0.0010405
0.00560994
-0.00453494
-0.000117273
-0.000829201
-0.00201234
0.00295882
0.000696852
0.00298664
0.140524
0.00484686
-0.0942968
0.00163552
0.000892565
-0.00106327
0.00104637
-0.00574132
0.00135695
0.00333801
-0.00251014
-0.00568115
0.0048937
0.0032976
-0.000523863
0.00364181
-0.0030685
0.00300662
-0.00328953
0.00335141
-0.00177196
-0.00119447
-0.000379902
0.00334633
-0.00379513
0.00219591
0.0003815
0.00415925
-0.00724671
-0.00751385
0.00201762
-0.0031321
-0.000849469
0.00354579
0.000434811
0.0024066
-0.00149657
-0.00415702
0.00164679
-0.000558264
-0.000292446
-0.00175339
-0.00339048
0.00199245
-0.000953623
2.26471e-05
-0.00245951
-0.00200263
0.00507092
-6.16749e-05
0.00202007
-0.00344067
-0.000539297
-0.00179154
-0.000675196
0.00163753
-0.000248992
7.56471e-05
0.00196013
-0.00178678
-0.0030294
0.00342855
-0.000648149
-0.0306959
-0.0251387
-0.000128317
-0.00194296
-0.000958116
0.00140035
-0.000200998
-0.000107291
0.000776971
0.000415938
0.000207443
0.126766
-0.0477412
-0.1131
0.0392465
-0.031921
-0.00572653
0.000313367
-0.00203383
0.000254247
-0.00178248
0.000666326
0.000344187
3.87866e-05
-0.00242322
-0.00155807
-0.00484724
0.00420736
-0.00233938
0.00412517
-0.00271328
0.000927489
0.00449991
-0.00230212
-0.00252512
-0.000566075
0.00106808
0.00335571
0.00125491
-0.00346832
-0.0019855
-0.00120177
0.00352085
-0.000333575
-0.00268617
0.0020444
0.000604258
-0.000783576
-0.00185301
-0.00322673
-0.00164411
0.00328368
0.00158717
-0.00105553
0.00178898
0.000745529
-0.00197566
0.0413969
-0.000154751
-0.000228109
0.0164806
0.0171329
-0.0333854
0.0131467
-0.0272482
0.0138734
0.00841259
-0.018663
0.0100579
0.000192568
0.00933216
0.00984128
-0.0107609
-0.00747186
-0.0120895
0.00089836
-0.0252061
0.0286637
-0.011268
0.0143296
-0.00047728
-0.00153987
0.000329755
0.00657198
-0.00145832
-0.0148681
0.00975441
0.00604695
-0.0067446
0.00562306
-0.0163161
0.0202285
0.00213459
-0.0162663
-0.0010041
0.0152141
0.00205633
-0.00761543
0.0118141
-0.00422911
0.00330409
-0.00780613
-0.000233916
0.00039552
-0.0014668
0.00130519
0.00216692
-0.00118304
-0.00109944
-0.000665682
0.000842895
-0.0025166
0.00561217
-0.00890766
-0.0109304
-0.0102894
0.0018107
0.000666847
0.00597911
-0.00763133
-0.012077
0.00127541
-0.00811273
0.00940627
-0.0207907
0.00212399
-0.00799141
0.00618235
-0.00674737
0.00855643
0.00420828
-0.00106196
-0.00412442
0.00373928
-0.00310143
0.00255006
-0.0031879
-0.00271727
-0.0020707
0.003545
-0.00190592
-0.00325274
0.00179883
0.00335983
-0.000238529
-0.000903444
2.05422e-05
0.00306223
-0.00220818
0.00228625
-0.00257191
0.00266264
-0.00131802
0.00122729
0.00346329
0.00105088
-0.00280666
-0.00547539
-0.00105609
0.00208121
0.00445027
-0.00113297
-0.000265223
0.000186509
0.002696
-0.00453776
0.00286147
-0.0010197
0.00288315
-0.00375402
-0.00569061
0.00656148
0.00440809
-0.00291672
0.00120462
0.00817755
-0.000886313
0.00232558
-0.0049311
0.00313763
-0.000532107
0.00140972
0.00328417
-0.00236831
-0.009907
0.00394365
-0.0046046
0.0105679
0.0142418
0.00355757
-0.0113177
-0.00694067
0.00586104
0.0065617
-0.00548206
-0.0013936
0.0116164
-0.00618056
0.139645
-0.0690799
-0.00567753
0.019769
-0.00962298
-0.00684192
-0.00587501
0.00961691
-0.00384787
0.000105972
-0.00125575
0.0012317
-0.00176749
0.00178477
0.00186557
0.00223453
0.00402838
-0.00666134
0.00441773
-0.00236295
0.00051632
0.00555003
-0.00113846
0.00520535
0.00229222
-0.0010284
-0.00272056
0.00145674
-0.00112501
0.00440074
-0.000983509
-0.00852736
0.023393
0.00279342
-0.000508677
-0.00193605
0.00011145
0.00151097
0.001171
0.00124784
-0.000496521
-0.00126
0.00249861
-0.000808779
-0.000441985
-0.00183316
0.000601429
0.00134318
0.00076191
-0.000792396
0.000732001
-0.00291165
-0.000129198
-0.00148415
0.00494157
-0.00428382
0.00648381
0.00301687
-0.00906766
-0.00218495
0.00448828
0.00205696
2.60184e-05
0.00427284
0.0023916
-0.00654357
0.00417799
-0.00771696
-0.000613222
0.00764117
-0.105152
-0.0322321
-0.0426329
0.180017
-0.00894817
-0.00227573
-0.00866973
-0.00340089
0.00527391
0.152822
-0.0622874
0.0832966
-0.173831
-0.0466675
-0.0789431
0.124457
0.00115381
-0.000254987
0.00831571
-0.00877325
0.00283291
-0.000937862
0.0130808
-0.0149759
-0.00022786
-0.019165
0.00944604
0.00994679
0.00540893
-0.0362475
-0.00373236
0.0345709
0.00314675
-0.0146987
0.0118095
-0.00483275
-0.00984119
0.00562839
-0.00398734
0.0112685
0.0325292
0.0387784
-0.00235095
0.0621632
-0.075888
0.00739457
0.00197701
-0.00222609
0.00392486
-0.00151589
-0.00362509
0.00121612
-0.000496682
0.00543725
-0.0010157
-0.000430276
0.00289912
-0.00193523
-0.000533619
0.00277741
-0.00153186
-0.00167583
0.00260893
-0.00221874
-0.00945981
0.00906961
-0.000818321
0.00136143
-0.00151915
0.000976041
-0.0010745
-0.00134696
0.00202173
0.00063515
0.000886022
7.04086e-05
0.00164706
-0.00128113
-0.00128392
0.000917998
0.00236075
-0.000140553
-0.000510099
-0.00249559
-0.000494845
0.00350054
-0.0134962
0.0280817
-0.0303979
0.0158123
-0.00811255
-0.007603
0.00337846
0.0098062
-0.00766054
-0.00552412
0.0246988
-0.0186278
-0.000661996
-0.0288004
0.00882111
0.0241404
-0.00416108
-0.0101064
-0.0312627
0.00451932
-0.00811209
0.00812633
-0.00453357
-0.0114357
4.77473e-06
0.0131547
-0.0176595
0.0089182
0.00851343
-0.00557007
-0.000937555
0.0141116
0.00746826
0.00412646
-0.00934561
0.0178871
-0.00252434
0.00172046
0.000797713
6.17078e-06
-0.00319562
0.00127647
-0.000467837
0.00238699
0.0006742
0.000314027
-0.00418385
-0.000240411
-0.000186417
-0.00209751
0.000868834
-0.000618854
0.000703528
-0.000953508
0.000127071
-0.00110921
-0.000338386
1.97157e-07
0.000849695
0.00112117
0.000758297
-0.0011369
-0.000742572
-0.000284274
0.000344574
0.000495294
-0.000555594
0.000482483
0.000354416
0.00226853
-0.00180153
0.00355292
0.000428072
-0.00109815
0.00293861
-0.0100866
0.0072234
-0.0085725
-0.00285834
0.0117233
-0.0058798
-0.00890912
0.0105173
-0.00340174
0.00794828
-0.00444828
-0.0052549
-0.000303851
-0.00571238
0.00529449
0.00375945
-0.00303445
-0.00601949
-0.00020313
0.00528585
0.000211769
-0.0028095
-0.00772705
0.00802552
0.00868832
-0.00803954
-0.0078496
0.000576839
0.0109298
-0.00365705
-0.00170798
0.000724391
0.00185576
-0.000872175
0.00445825
-0.0032672
-0.00904064
-0.0007071
0.00350551
-0.00206641
-0.00247997
0.0564076
-0.000628529
-0.0325939
0.019843
-0.00199773
0.0088451
0.00822758
-0.00773163
-0.00434382
0.0556497
-0.0287606
0.0567444
0.0050413
-0.000576637
-0.00489027
0.000425615
-0.00119864
0.068959
-0.0677604
-0.0672389
-0.0811468
0.0820061
0.00637112
0.00259999
-0.00392982
-0.00228794
0.000260878
-0.00757097
0.00673346
0.00261538
-0.00625881
0.00509949
-0.00145605
0.00079531
-0.00921126
0.00264511
0.000937103
0.00151728
-0.00655808
0.00665053
-0.0100641
0.0169236
-0.00942181
-0.162993
-0.0537734
0.0415849
-0.0274122
0.0206733
-0.000915383
3.1302e-05
0.000884081
0.000864942
0.00440013
-0.00459087
0.000164958
-0.00321954
0.00391953
0.000306951
-0.00122233
-0.00329897
0.00416351
0.00318759
-0.00405213
0.00272767
-0.00521033
-0.00452002
0.00700268
-0.000458039
0.00467238
0.00160578
-0.00582012
0.0219818
-0.0227689
-0.00145827
0.00224536
-0.00723594
-0.000477149
0.00495943
0.00275366
-0.0028467
0.00160822
0.00195951
-0.000721027
0.00276588
-0.00703507
0.0023725
0.00215411
-0.00223493
-0.000604509
0.0026752
-0.000462474
0.00280219
-0.00133401
0.00068592
-0.0094262
0.00874488
-0.000764449
0.000478185
0.00830281
0.000144268
-0.0153878
0.00207321
-0.00232539
0.00249841
-0.00134202
0.0020117
0.000265943
-0.00108707
0.00272999
0.00103068
-0.00267359
-0.00484408
-0.00367235
-0.00120256
-0.00236103
0.000953317
-0.000771115
0.00332114
-0.0248972
0.0163425
-0.00067438
2.15299e-05
0.00135493
-0.00070208
-0.0048207
0.0020733
0.00379376
-0.00121608
-0.0015894
0.00215578
-0.000133881
-0.00112378
0.000312688
0.000944973
0.000583746
-0.000412391
0.0024639
-5.33974e-05
-0.00684423
-0.000257429
-0.0054723
0.00914206
-0.00341233
-0.00229125
0.00335181
-0.00175363
0.000693074
0.00163456
-0.00163455
0.00817754
-0.00302499
0.00718955
-0.00442199
0.000708114
-0.000198457
-0.00432887
0.0106018
-0.00354525
-0.00728849
0.00237897
-0.0038596
0.0059138
0.00168507
0.00206251
0.00171468
-0.00211982
-0.00381225
-0.00150505
0.00288413
6.83214e-05
-0.0014474
0.00494654
-0.000706858
-0.00314878
-0.0010909
-0.00349223
0.00521612
-0.00387546
0.00215157
9.09007e-06
0.00115424
-0.00151921
0.00386534
-0.00350037
-0.000390074
0.000889614
8.85586e-05
-0.00043474
-0.00543941
0.00377478
0.00209938
-0.000226699
0.00269785
-0.000181064
-0.00229009
-0.000487938
0.0022495
-0.00215662
0.00039506
0.000966368
0.000893519
0.00935275
-0.00502631
-0.00521996
-0.000332556
0.00578334
-0.000481672
0.00548471
0.0077572
-0.0102152
-0.00230237
0.00378223
0.000628234
0.00520693
0.00740364
-0.00792601
0.00181872
0.00281472
0.00331229
0.000191075
-0.000691154
0.000500079
0.00107995
-0.00165519
0.000109414
0.000465828
-0.000575951
0.000356001
0.00280649
-0.00258654
-0.0017339
0.00213439
-0.00353635
0.000958685
0.000675115
0.00120593
-0.00283973
-0.000967846
-0.000858137
0.00182598
0.00220096
-0.000555639
-0.000858413
0.00261795
0.00108544
-0.00121618
-0.00144225
0.000146024
0.000793763
-0.000743151
-5.0612e-05
-0.000539015
-4.50509e-05
0.000595566
-0.00542145
-0.00261962
-0.00273772
0.000491262
-0.000203847
-0.00385505
0.00131076
0.000364656
0.00104828
-0.00181788
0.000167459
0.000651097
0.00079675
-0.00126368
0.000466935
0.000846647
-0.0013228
0.0181126
-0.0132898
-0.00265078
-0.000357194
-0.00319022
0.000331198
0.00193521
0.00136313
-0.0015364
-0.00709836
0.00337194
-0.00312432
-0.00129288
-5.2518e-05
0.0011797
0.000165695
0.00121174
-2.24369e-05
-0.0011893
-0.0135074
0.0132684
-0.000186954
-0.00115725
-0.00243108
0.00390431
-0.000315972
0.000488731
-0.000747997
0.000623922
0.00272618
-0.00153054
-0.0018622
0.000666561
0.00173151
-0.000758001
-0.000973512
0.00577253
-0.00304019
-0.00815708
0.000730342
3.09218e-05
-0.00431528
0.00137375
-0.000141053
0.00308259
-0.00217692
0.000222785
-0.000337314
0.00229145
-0.000451249
0.000624838
-0.00127707
0.00110348
-0.00290433
-0.00340957
0.0045927
0.00198926
0.00229638
-0.00887834
-0.00488418
0.00821831
-0.00875558
-0.000114564
0.0230259
0.0168761
-0.0397875
-0.00166564
0.0380493
-0.0111047
0.00488387
-0.000896635
-0.00305633
-0.00389153
-0.005069
-0.0267731
-0.0397913
0.0476604
0.00597229
0.0160096
0.0147026
0.0036737
-0.00506774
-0.0133086
0.0081165
0.0123408
-0.0280829
0.000919549
0.00768765
-0.00283467
-0.000480106
-0.000393194
-0.000250793
-0.00101196
0.000949124
0.000573963
-0.000511132
-0.0112754
0.005007
0.00958952
0.00078722
-0.000487491
0.000866499
0.00522454
-0.00291017
-0.00137783
-0.013578
0.0240021
-0.0398786
0.0294545
0.00186879
0.000682845
-0.00708219
0.00453056
-0.00195656
-0.00122346
-0.00385505
0.00435982
-0.00150477
-0.0048116
-0.00310229
0.00302341
0.00245137
-4.86645e-05
0.0013062
-0.00505927
0.0057046
0.00081478
-0.00138411
-0.000220997
0.000790326
-0.0330004
0.0249634
-0.00109679
-0.0292904
0.00336293
0.00171657
-0.00154647
-0.00353303
-0.00282471
0.00150148
0.000777198
-0.0165638
0.0107861
0.00999045
0.0025646
0.00438023
-0.00373538
-0.00310409
-0.00202508
-0.000346218
0.000627871
-0.00171568
-0.00195174
0.00303954
0.00369595
0.00329348
-0.00185352
0.00124474
0.000224365
-0.000610739
0.000386375
-0.000384622
-0.00128115
-0.000187742
-0.00367931
0.0131617
-0.00160579
-0.000874286
-0.00149643
0.0178349
-0.00747209
0.00741239
-0.0103815
-0.00149913
0.0044682
0.000694638
-0.00112149
0.00287429
0.00333439
-0.00133288
-0.00207771
-0.000799923
0.00530839
-0.00243076
-0.00668958
0.00593256
0.000111247
-0.00656767
-0.0096772
0.00169231
-0.000132358
-0.000381623
-0.00604606
0.00175481
-0.00645678
0.00165898
0.00304299
-0.00249012
0.000978442
0.00141603
9.56458e-05
-0.000615141
0.00454186
-0.00257735
-0.00702825
-0.00194898
0.00409526
0.00488198
-0.000165714
0.00224772
-6.76456e-06
-0.00207524
0.00113687
-0.00260405
-0.000585798
0.00205298
0.0140061
-0.00242824
-0.00896889
-0.00171823
-0.0006989
0.00216624
0.00452019
-0.00128163
-0.000262456
-0.000172154
-0.00134787
-0.00480191
0.00384073
0.00271599
0.00442901
0.00148365
-0.00628225
0.000369588
-0.000851543
-0.00118318
-0.000125636
0.000812297
-0.00332241
0.00454831
0.00458059
-0.00580648
0.0111361
0.0017246
-0.00106065
-0.0118001
0.00206559
-0.00263689
0.00151138
-0.000940086
0.00949932
-0.0219265
0.00984799
0.00257916
-0.00249274
-0.00119177
0.00205322
-0.000736561
-0.000933863
0.00132732
-0.00115815
0.000679806
-0.000790387
-0.000252273
0.000362854
0.00145639
0.00282145
-0.000870882
-0.000254057
0.00207628
-0.00430103
0.00363267
-0.000551563
0.000946744
-0.00303027
-0.000447522
0.000584424
0.00149861
-0.00863046
-0.00590698
-0.00532383
-0.0123843
0.00505303
0.0126551
0.00116009
0.00152125
0.0110844
-0.0774855
0.0493289
-0.0394408
0.0406197
0.00234745
0.000545276
-0.00181158
-0.00108115
0.0551888
0.0113803
-0.066569
0.0306557
0.0310298
0.018529
-0.0026697
-0.0674151
0.0700848
-0.00252322
-0.00171688
0.00283673
-0.00245033
-0.00290962
-0.0101834
-0.0083114
0.0110827
-0.00130093
0.00582017
0.00326876
-0.00337591
-0.00121094
0.00274241
-0.000335795
0.000732532
-0.00313915
0.00685059
-0.0188677
0.0107162
-0.00430667
-0.00166895
0.00219726
0.00377837
-0.000639593
-0.00399964
0.0333841
0.0361397
-0.00463628
-0.00243051
0.00429234
-0.00808292
0.00484674
-0.00140009
0.000886019
0.00152966
0.00333501
-0.00397613
-0.00231949
-0.0839756
-0.0878363
-0.00213751
0.00236134
0.00472872
0.0472557
0.0566705
-0.106147
-0.025931
-0.0961786
0.0114824
0.110627
0.00133507
-0.00180764
-0.000114184
-0.00270677
0.00323973
0.03389
0.0543406
-0.0882307
0.000667572
0.00191597
0.00334902
0.00442266
-0.0170624
-0.0590453
-0.0730141
0.0626671
-0.00964959
-0.00671465
0.0082517
-0.0188362
-0.0405454
-0.00732717
0.018093
-0.0268534
-0.0139269
0.00434674
0.0503103
-0.0452017
-0.0194557
0.00294558
-0.000737965
-0.000167023
0.00111184
0.00143929
-0.00318821
0.00353646
-0.00127933
0.000711466
0.00693454
-0.00517866
0.00277163
-0.000709914
-0.00117227
0.00173417
-0.000445342
-0.00519964
0.0236167
-0.0184171
-0.0260505
-0.0261558
0.0251184
0.0270879
0.00593909
-0.000214303
0.00329212
-0.00901691
0.000144484
0.00125324
7.22446e-05
-0.00298553
-0.00020364
-0.00153976
-0.000676154
0.00639298
-0.010662
0.00705334
0.00103862
0.000435681
-0.00608325
0.0131199
-0.00174049
-0.00529617
-0.000529695
0.00539967
-0.00371574
-0.00461366
-0.00656988
0.00674208
0.00444145
-0.0225233
0.0209969
-0.0815672
-0.0178932
0.0726874
0.0328708
-0.0507355
-0.0335268
-0.00162798
-0.00391513
0.00690161
0.000276928
-0.00144831
0.00117138
-0.0420582
0.00998256
0.0184976
0.00162877
0.00399692
-0.00493951
-0.000686183
-0.00352018
-0.00430985
0.0020629
0.00615885
-0.00534678
0.00919372
-0.0100058
-0.00626035
-0.00849556
0.00365122
-0.00153137
0.00843845
-0.00553205
-0.00137503
0.00963877
-0.00369081
0.0042843
-0.0102323
-0.0153826
0.00943454
-0.000867585
0.00681561
-0.00241381
0.0016426
0.00104061
-0.000269409
0.0104056
0.0197073
0.00420867
-0.0343216
0.00629755
-0.00592727
0.00565043
0.00530157
-0.00479315
-0.0104348
0.0138453
-0.00116622
-0.00224429
0.00612011
-0.00123974
-0.00501367
-0.00397212
-0.0147376
0.00463592
0.000937362
0.000694354
-0.00474566
0.00173165
0.00517183
0.00574218
0.00467161
-0.0577112
0.0572766
-0.00423709
-0.000144688
-0.000722536
0.00170042
-0.000833197
-0.0494341
0.0217179
-0.000204541
0.00123128
-0.00102674
0.00074869
0.000459403
-0.000411342
0.0105129
-0.00500663
-0.00126684
0.00145079
0.00250171
0.00514899
-0.00549803
-0.00267594
-3.13884e-05
0.00332036
-0.00122413
0.0044658
0.00966065
-0.0189796
0.00320027
-0.015523
-0.00593051
-0.00372292
0.0102303
0.00572504
-0.00438497
0.000788052
-0.00134998
-0.00285443
0.00156951
-0.00146611
0.00284451
-0.00108058
0.00558834
-0.0065802
0.000992649
-0.00172193
0.00072928
-0.00222872
0.00354001
0.00196061
-0.0032719
-0.000544852
-0.0013134
0.00214148
-0.00028323
-0.00191323
0.00444318
-0.00252996
0.000250843
0.000135331
-0.0157687
0.000676923
-0.000376879
-0.000424171
0.00144084
-0.000639794
0.000903856
0.000189771
-0.000749053
-0.00074907
0.00216872
-0.00154797
-0.026031
0.0105416
0.0154894
0.000478323
-0.00111681
0.00108858
-0.00045009
-0.00367438
0.00172927
0.0135688
0.00032408
-0.000917355
0.000990629
-0.00152131
0.00151455
-0.000983864
-0.00226942
-0.000240541
0.0110526
0.000895749
-0.00118849
-0.00140493
0.000249717
0.00262311
-0.00020986
-0.0038974
0.00617834
-0.00388325
-1.94345e-06
-0.000443248
0.00432845
0.000759816
0.00727618
-0.0169842
0.00286266
0.0018168
-0.00109039
-0.00358907
-0.00853156
-0.0047203
0.00252869
0.0107232
-0.00152135
0.00167427
-0.00316495
0.00301202
0.00180569
0.00205798
0.0028762
-0.00306861
0.000537552
-0.00107551
-2.17229e-05
-0.0102691
0.0085858
-0.00812744
0.0117727
-0.00957578
0.0243952
-0.00467245
-0.0197227
0.00143341
-0.00470864
-0.00224589
0.00880879
-0.0118867
-0.000673226
-0.00782976
0.00498281
0.000586054
-0.000886551
0.000521923
0.000592462
0.000822806
-0.000932785
0.000569194
0.000469337
0.00475775
0.0035428
-0.00484031
-0.00346024
0.000611423
0.00302024
-0.00442739
0.000795729
-0.000335125
8.80281e-05
0.000247097
0.0042307
0.00394024
-0.00550165
-0.00266929
-0.000114983
0.00172196
-0.00310907
-0.000831571
0.00424386
-0.00201855
0.000483807
0.0916682
-0.0717562
0.0766084
0.00371765
-0.00437828
-0.00770803
0.00836866
0.0102951
-0.00529352
0.00256736
-0.0044738
-0.000281232
0.00218767
-0.00295029
0.000525952
-0.0015916
-0.00132638
0.00239203
0.00251875
-0.0035885
-0.00131485
0.0155264
-0.0097405
-0.00213757
-0.00364831
0.00205355
-0.00211368
-0.00379272
0.00111368
0.000996614
-0.000671843
-0.000469458
-0.00133827
0.00122329
0.00385672
-0.0109249
0.00806544
0.000879397
-0.00754312
-0.00589684
0.00589945
0.00754051
-0.00920326
0.00836386
0.000226178
-0.0056113
0.00587512
0.00238342
-0.000531398
0.000833213
-0.00268523
0.00586168
-0.00513477
0.00220419
0.000720283
-0.00352525
-0.00107053
0.000199598
0.001285
-0.00552119
0.00500523
0.00467834
-0.00416238
0.00162584
-0.00267704
0.00637246
-0.00205382
-0.00218439
-0.00213425
-0.00167249
0.00129104
0.0111877
0.0144777
-0.00795271
-0.0177126
-0.00142313
0.000660573
-0.000352015
0.00111457
-0.00112117
0.00269186
-0.000767849
-0.000802833
-0.000258229
-0.000846551
0.000364676
-0.00486682
0.000584714
-0.000225203
-0.00542873
-0.00512778
0.00135442
0.0148404
-0.00198954
-0.0020974
-0.0107535
0.000191838
0.00125187
-0.00167762
-0.00112803
0.00403849
-0.00313566
-0.00219779
0.00102087
0.00171795
-0.0175448
0.0172298
0.00966154
0.00277629
-0.00160197
0.00263016
-0.000593107
0.00011722
-0.000495436
0.000971323
-0.00236814
0.00213647
-0.00110569
-0.00213157
-0.000566058
0.000494736
-0.00701557
0.00256041
0.00681083
-0.00410712
-0.00684418
-0.000338184
-7.25787e-05
0.00103085
-0.000537081
-0.00120161
0.000616527
-0.000109867
0.000694952
-0.00343535
0.00460066
-0.00775539
0.00659007
-0.000720528
0.00091199
0.00104033
-0.000882043
-0.00127681
0.00182067
0.000414449
0.0116065
0.00145002
-0.00129665
0.000646177
-0.000799546
0.00212103
-0.00138988
-0.00304954
0.00231839
-0.000750724
0.000709501
-0.000800102
0.000841325
-0.00168773
0.00803646
0.00158849
-0.0110757
0.00875598
-0.0112606
-0.00141058
0.0104018
-0.0068617
0.0142795
-0.00433453
-0.000426926
0.000489413
0.000702121
-0.000570331
0.000559834
0.00085722
-0.00166108
-0.0011156
0.0106025
-0.0125372
-0.00566206
-0.00181913
0.00344325
0.00250266
0.00928065
-0.000772905
0.000294548
-0.00170966
-0.000325211
0.00174032
0.00352882
-2.13633e-05
-0.000788717
-0.00085818
-0.0040327
-0.00133423
0.000136524
-9.51687e-05
-0.0102886
0.00262644
-0.00211117
0.0097733
-0.00498251
0.00876698
-0.00329523
-0.000489234
-0.00822216
0.0006882
0.00255145
-0.00105628
-0.00313243
-0.00315063
0.00733934
0.00164819
-0.00113695
0.000451074
0.00706973
0.00301263
-0.00639256
0.00628856
0.00875849
-0.00623966
0.00200049
-0.00494014
0.00388967
0.00152347
0.00301157
-0.019616
0.000948047
-0.00690405
0.0066107
0.000765067
-0.0136361
-0.00163609
-0.00653801
0.00127417
-0.000901299
-0.0005471
0.000685107
-0.000502
0.00220571
-0.00148787
-0.000868034
0.000456149
-0.00575267
-0.0167453
0.0284771
0.000598597
-0.00100981
-0.00443548
0.000900865
-0.00183197
0.000295451
-0.0158661
-0.0065424
-0.0155709
0.0192467
0.0028666
-0.000858863
0.000611121
0.00454909
-0.00352165
0.000720761
0.00373082
-0.000922767
0.0159602
-0.0173668
0.00293002
0.00429848
-0.0133107
0.00254859
0.00646359
0.00029969
0.000387548
-0.00106538
0.000378141
0.000783375
0.00074824
-0.00123192
0.000397143
-0.000861162
0.00109917
-0.000554672
-0.000567877
-0.000554524
-0.000228632
0.00133649
-0.000324479
-0.000312595
0.000471511
0.00137233
-0.000747358
-0.000227832
-0.000214692
0.00116143
0.000425591
0.00431282
-0.00291886
-0.00827842
-0.00269147
-0.00510201
-0.00505795
0.0128514
-0.00543872
0.00726879
0.00456292
0.0014249
0.0115474
-0.019164
-0.000284335
0.00712216
0.00364319
-0.0151857
0.02437
0.00346512
-0.0114218
0.00630866
0.00387519
0.00606487
-7.89673e-05
0.0070681
0.000289262
-0.0072784
-0.00104153
-0.0027643
-0.00670566
0.00577847
0.00342985
-0.000547406
0.00893276
-0.00329471
-0.00052646
0.0020108
0.00181037
0.000126553
-0.00231904
-0.00110223
-0.140621
0.00341936
-0.000647596
-0.00264521
0.00161177
-0.00215345
-0.000237719
0.00239117
0.000601445
0.00219882
-0.00351108
0.00071081
0.00199139
0.00062085
-0.00291689
0.00831493
-0.109189
0.00191136
0.0203353
-0.0137936
-0.00315887
-0.0908317
-0.0631828
0.0882607
-0.0541789
0.0627562
-0.0681039
-0.00308301
-0.000307649
0.00233257
0.0019114
-0.00695815
0.0102537
0.0435295
-0.00935197
0.00248457
0.00133337
-0.000165858
-0.00365208
0.00329156
-0.00111303
0.000706815
0.000973472
0.000600799
-0.00237242
0.00110095
-0.00521509
-0.00838514
0.000504575
0.00190548
-0.00233248
0.00956318
-0.00398059
-0.00482441
-0.00152516
-0.000188437
-0.00880807
0.0123829
-0.00143929
-0.00615593
0.002189
0.0052411
-0.00704027
0.0046166
-0.00537039
0.0032667
-0.00148826
0.00133732
0.0020244
0.00336395
-0.0027465
-0.00195831
-0.00440164
-0.000765462
0.00411297
0.00105414
-0.00452451
6.76461e-05
0.0026435
0.00181337
0.00316585
-0.00402884
0.000739802
-0.000819012
0.00855415
-0.0010571
0.00257197
-0.00670923
0.00520651
0.0012016
0.000301122
0.00102161
-0.000260605
0.00207279
0.00388446
0.00396467
-0.00968722
0.00298524
-0.00137733
-0.000899053
-0.000708858
0.000860359
-0.00258119
-0.00190426
0.00340567
-0.0104089
-0.00269845
0.0038016
-0.00540962
-3.61813e-05
0.000981622
-0.00224794
-0.00347621
-0.000176572
-2.77615e-05
0.00100494
-0.00139888
-0.00443048
-0.0023385
-0.000121119
0.00346456
-0.0686728
0.001659
-0.00788217
0.000688381
0.00579491
-0.0229302
0.052492
0.0377368
-0.0369088
-0.00733243
-0.00297799
0.00087815
0.00457879
-0.00354098
-0.000787509
-0.00105148
0.000453632
0.00138535
-0.00101233
-0.000810235
0.00389884
0.000349442
8.0935e-05
-0.000903617
0.00423536
-0.00166577
0.00202469
-0.000263513
-0.0062804
0.00470743
-0.00477593
0.00431963
0.000607677
-0.00825961
0.00615989
0.00581383
-0.00488693
-0.00708679
0.00383665
-0.00187701
0.00489103
0.00228156
0.000256264
-0.00271528
0.000646531
-0.00099737
0.00263239
0.00328155
-0.00366488
0.000445203
-0.000150654
0.00464884
0.000526569
-0.000906321
0.00168085
-0.00469616
0.00164915
-0.00241544
0.000832822
0.00293101
-0.000457602
0.00125137
-0.00394695
0.000580799
0.00211478
-0.00102328
0.000399798
0.000108997
-0.00157566
-5.13605e-05
-0.00105935
0.00186563
0.00689784
-0.0148078
3.35996e-05
-0.00448424
0.0022751
0.00217554
-0.0395701
0.0189783
0.0139886
-0.00112977
0.00386025
-0.0310513
0.0283208
-0.013044
0.0112267
-0.0199253
-0.00214952
0.0148506
-0.0352244
0.00681453
0.00522046
0.00271622
-0.00114947
0.00782669
-0.00558188
-0.00109534
-0.000922244
7.22584e-05
0.000107658
0.000405025
-0.000934902
0.000422219
-0.000792784
-0.000621622
-0.00127239
-0.000573377
-7.15079e-05
0.00506034
-0.00165445
-0.0134785
0.0112913
0.0265824
-0.00133352
-0.000860212
-0.000522769
0.000925442
0.00045754
0.00401069
-0.0119895
0.00361402
0.00436477
0.00378612
-0.020297
-0.00264263
0.00216995
-0.000449933
0.000797697
0.000440213
-0.000792499
0.00125475
-0.00253418
-0.000691181
0.00678953
-0.0021548
-0.0112172
0.00402535
0.0045329
-0.0290889
0.0263571
0.0280121
0.00267678
0.00148867
-0.00271544
-0.00142823
0.00577877
-0.000402798
0.000150901
-0.00658465
0.0212518
0.00721877
-0.00384621
-0.00141094
-0.00196162
0.00367409
0.00462934
-0.00732207
-0.000981359
-0.00437832
0.00338803
0.00272673
-0.00173644
-0.000915725
-0.00739161
0.00530317
0.00300417
-0.00175554
-0.000815177
-0.00216028
0.00473099
0.00176381
-0.00553071
0.000202891
-0.000409303
-0.000495925
-0.0011991
-6.04377e-05
-0.125808
0.0238653
0.0913635
0.0595669
0.0031893
0.00272697
-0.0023585
0.00240782
0.00647713
-0.00607485
0.000846031
0.012129
-0.00949141
0.0148123
0.00392746
-0.00193371
0.00798358
0.00558441
-0.0116343
-0.0951072
0.00364457
-0.0616009
-0.00344081
0.0812432
0.0565957
0.00674671
0.00379958
-0.00235234
0.0054873
-0.0565129
0.00110281
0.00215312
0.0563529
-0.111628
-0.000285183
-0.000404495
-0.000582708
0.00102101
0.00221197
-0.000506809
0.00114552
-0.00061108
-0.000276807
-0.000809431
0.000604058
0.000482179
2.11624e-05
-0.0129887
0.0104205
0.0271345
0.00318078
-0.0067162
0.00525898
-2.04927e-05
-0.00664959
0.0014111
-0.00408243
0.0043704
0.00210363
-0.0103865
0.000423967
0.00628819
-0.00158857
-0.000185606
0.0010876
0.000686572
-0.00222653
0.000135638
0.0009563
0.00113459
-0.00212123
-0.00471646
-0.00132153
0.0017227
-0.00100987
0.00140603
0.066205
0.0143542
-0.0829101
-0.000172266
0.000757164
-0.00464333
0.00258472
-0.00188399
-0.00019613
0.000219014
-2.28834e-05
-0.000820125
0.000447244
-0.000501237
0.0138993
-0.0611245
-0.160412
0.119938
0.0310714
-0.00516121
-0.0714851
0.0602295
0.0784912
-0.0672356
-0.0175721
0.00644369
0.00281704
0.1179
-0.123453
0.0528086
0.0457923
-0.135298
0.0801178
0.00938783
0.071289
0.0930185
-0.0464075
0.10645
-0.188194
0.12048
-0.0387358
-0.0025076
0.011644
-0.0131208
0.00436898
0.00204615
-0.0115317
0.00256978
-0.0024372
0.00241835
0.00403607
-0.00401722
0.00666441
0.0659716
-0.00643098
0.0055236
0.0035904
-0.00983841
0.00072441
-0.0416395
-0.115464
0.0312953
-0.0346381
0.0857038
-0.120534
0.1012
-0.0663705
0.0567674
-0.00017165
0.0773904
0.027815
-0.0601768
-0.0630496
-0.0882688
0.00312791
0.075422
0.0610953
0.00439086
0.00731108
0.00125336
-0.00397926
0.013862
0.0485063
-0.105555
0.0199421
-0.0125589
-0.015187
0.00780382
-0.0056233
0.013824
-0.00944224
0.00124153
0.0125353
-0.00842548
-0.00888985
0.097746
-0.0986213
0.0445361
0.112756
-0.0577584
-0.0995341
0.0838131
-0.0925609
0.023102
-0.00166529
0.000695309
0.00173189
-0.00767529
0.00463828
0.00907918
0.0294328
-0.0620836
0.0623404
-0.00651039
-0.0125863
-0.0105621
-0.010721
-0.0462261
-0.0739715
0.158879
-0.00755172
0.00239168
0.00355807
0.00296126
-0.00643384
0.00294469
-0.14829
0.039233
-0.12363
-0.00275786
0.060687
-0.123231
-0.0915018
0.0849166
0.00969858
-0.0255096
-0.0502193
0.138819
-0.0630898
0.000177199
0.000370029
-0.00030577
-0.000125681
0.00810628
0.00394284
-0.00175031
0.0138667
0.00134275
-0.00267409
-0.00537289
-0.00801214
0.136703
0.0476761
0.00263415
0.000703122
0.000904515
0.000660283
-0.00226792
-0.00109177
-0.000448441
-0.000484411
0.00202462
0.000984071
-0.00106942
-0.00100641
-0.0792859
0.0456926
0.0186344
-0.0538071
-0.00439932
-0.00280624
-0.00030855
-0.0122011
0.0171424
0.0115393
-0.0187522
-0.00897325
-0.00195028
0.0049142
0.00600933
-0.00526294
0.0101314
-1.29908e-05
-0.000668043
0.000639027
-7.82751e-05
0.0068738
0.000751302
-0.0211036
0.00175937
0.00133844
-0.000691205
0.0036036
0.00188912
-0.000535075
-0.00044744
-0.000142224
0.000188873
-0.00101399
0.000124848
0.000700268
-0.00432065
-0.000245472
0.00220762
0.000672749
-0.00115516
-0.00242433
-0.00211434
0.00253605
0.00331264
-0.00132435
0.00106874
0.00236719
-0.0159175
-0.0033751
0.00094592
-0.000848519
0.00135899
0.00155457
0.00828692
0.00235885
-0.0013181
0.000350253
0.00358077
0.0102059
-0.0137867
-0.000580752
-9.70843e-05
-0.000520587
0.00044913
0.000723258
-0.000651801
-0.00244357
0.000570911
0.000660674
0.00100776
-0.00223935
-0.000920974
7.97464e-06
-0.00588006
0.000333864
0.000993494
-0.000807274
0.000179094
0.000498211
-0.00638767
-0.007914
0.00271262
0.00138924
0.00090337
0.00118562
-0.00139609
-0.000336629
0.00298872
-0.00251858
-0.00237938
0.000369668
-0.00986302
-0.000338603
-0.00230879
-0.0165166
-0.00265389
0.00114057
0.00517019
-0.00365688
0.000247186
-0.000676675
-0.000774318
-0.000498207
-0.000615679
0.000823744
-0.000409628
-0.00048716
-0.000595038
-0.00032271
0.00140491
-0.00114099
0.000738389
0.000274941
-0.00121221
-0.00116975
0.000251859
0.000105682
0.000904474
0.000389803
-0.000527892
0.00174543
-0.0457336
-0.0214499
-0.000368651
-0.00164551
-0.000775088
0.0129799
0.0518502
-0.0155012
-0.13321
0.070519
0.0286736
-0.0977239
0.00046645
0.000499484
-0.000265694
-0.00070024
0.000669341
0.00160778
0.00134873
-0.000949317
0.00117128
-0.00217192
-0.0641488
-0.126088
0.083975
0.106262
-0.0436214
-0.049328
0.0021177
-0.0698273
-0.0406137
0.0668197
-0.0539277
0.0378172
0.000284614
-7.07301e-05
0.000357027
-0.000982156
-0.00131938
0.000850776
-0.000714435
-0.000419484
0.000704099
0.00290248
-0.00102183
0.000862257
-0.00168239
0.00167299
0.000213071
0.0129733
-0.00954846
-0.00648113
-0.0182115
0.0238184
-0.00265547
-0.00304118
-0.00593848
0.00212943
0.00685023
-0.000699931
-0.00121218
0.0154017
0.0143724
-0.0124429
-0.00321993
0.00288232
-0.00209348
-0.00532071
-0.00520296
-0.00258815
0.00599721
-0.00546563
-0.00216513
-0.00181575
0.000125826
0.00381436
-0.006139
-0.00198521
-0.00354531
0.0091737
0.00122773
-0.00114132
-0.0152551
-0.00467787
0.00865756
-0.00155914
0.000316432
0.00457144
-0.000520615
0.00162091
0.000988126
0.00734671
-0.0020977
0.0156253
-0.0208743
-0.00826802
-0.000145029
0.00030096
0.0148852
0.0233887
-0.0456011
-0.00119194
0.000898277
-0.000965185
-0.000226756
-0.00148719
0.00109754
-0.000844239
0.0230918
-0.000449095
0.00039062
0.00208893
-0.00211183
-0.000367718
-0.000489936
-0.00351561
0.00193484
-0.00327227
-0.000175309
0.000165885
-0.00117187
0.000874443
0.000308047
-0.00126122
-0.00173174
0.00242021
-0.000323511
-0.00202105
-0.000524819
0.000394682
0.000629621
0.000111947
0.00050807
0.000154145
0.000836399
-0.0035274
0.00277437
0.0077355
-0.00698247
0.00117478
-0.00570794
-0.00279927
-0.006301
0.000239511
0.000105449
0.000702116
-0.00387679
0.00482147
0.00112588
-0.00256678
0.00154251
-0.00069395
0.00114306
-0.00149969
0.000356625
0.00165801
-0.00302914
0.000513585
0.00090228
-0.0789726
0.0462858
0.00675585
-0.0436335
0.00780606
0.0482134
0.0739451
-0.0473933
-0.0202621
0.0141847
0.000647774
0.00542962
0.00231937
-0.0838866
-0.000710727
0.00214709
-6.66172e-05
0.00147374
-0.0011652
-0.000901647
0.0044427
-0.00386704
0.00366971
0.0249825
-0.0429886
-0.0105985
0.0432099
-0.141155
0.104178
0.0564484
-0.00724904
0.0122877
0.00029697
-0.00533558
-0.0106115
0.0160716
-0.00672189
0.00557562
0.0101031
-0.0107294
-0.0138678
0.0322675
-0.00932046
0.00368826
0.000440964
0.000287453
0.000499423
0.000100128
-0.00365455
0.000455941
0.00246033
0.00253579
0.000519089
-0.00199563
-0.00191042
0.000327903
0.000754638
0.000827878
-0.00289424
0.00657501
-0.00849826
0.00937401
-0.0051577
0.00428194
-0.0058068
-0.00092538
-0.00457488
0.00237086
0.00141853
-0.0117938
0.0031789
0.0109857
-7.84017e-06
0.00444039
-0.00136213
-0.00659249
0.00139654
0.000194306
0.00188655
-0.0138746
-0.0318772
-0.000574493
0.00254831
-0.00434812
2.80507e-05
0.00189248
0.0024276
-0.0693908
0.0189591
-0.0958357
0.146267
-0.0398162
0.0400412
-0.0814716
0.0800757
0.0133994
-0.0265862
0.0126275
-0.0767763
-0.0726838
-0.0175643
0.0172236
0.000260187
8.05621e-05
-0.0850889
0.0723686
0.00324344
0.00285091
-0.00194513
0.0125339
-0.00470433
-0.00183105
-0.00697008
0.0134238
-0.0139389
-0.0318894
0.0156715
-0.0273007
0.0136637
0.0065765
0.0135323
-0.0279576
-0.0152649
0.00266411
0.0261689
0.00329439
-0.00405399
0.00199994
-0.000939695
-0.0035009
0.0026943
0.00174629
-0.00641184
0.00637258
-0.000122861
0.000162128
-0.0074755
0.00307234
0.00416461
0.00012633
8.75399e-05
-0.00977401
0.00956014
-0.000659469
0.00175396
-0.000541286
-0.000553209
0.01599
0.00395218
-0.000248043
0.00317638
0.00170614
-0.000770195
-0.000150897
0.000532413
0.000346053
0.000926806
-0.00180527
-0.00242137
0.00182966
-1.64944e-05
-0.00607949
-0.00978594
0.0100291
0.00583634
0.00497328
0.00526683
-0.00664971
-0.00170266
0.00114454
-0.00160701
0.0036734
-0.00040787
-0.00452779
0.00126226
-0.000986757
0.00658
0.00355419
-0.00172962
0.00246356
-0.00131128
0.00057733
0.00142997
-0.00404057
0.0016709
-0.00785001
0.00340985
-0.00915981
0.00752616
-0.00177619
0.0041955
-0.00101858
-0.00453671
0.00135979
-0.00162857
-4.98258e-05
0.00303444
-0.00135604
-0.00102995
-0.0079194
0.00875848
-0.0031147
0.00637943
0.00677234
-0.012731
-2.66252e-05
0.00401193
0.00338054
-0.000677176
9.97803e-05
0.000626868
-0.033984
-0.000746174
0.0134391
0.0170819
-0.0453872
0.0041786
-0.00470417
0.0234506
-0.022925
0.00012398
-0.00062875
-0.00475609
0.00689803
0.00616088
-0.00136616
0.000961193
-0.00754172
0.011244
-0.00465011
0.000947803
-0.00150528
-0.000530182
-0.00824209
0.0189857
0.00647305
-0.0172167
-0.000670687
0.00102278
0.000126226
0.00115499
0.000854335
-0.00135178
-0.00051011
0.00343521
-0.00174791
0.00310179
-0.00203944
0.00068556
0.00740894
-0.0110662
-1.79799e-05
0.000500555
-0.000664756
0.00107942
-0.0100233
0.0119151
-0.00506626
0.00318421
-0.00231441
0.00419646
0.0143837
-0.00498132
-0.0112215
0.00181917
-0.0110136
0.0160261
0.00623149
0.00405332
-0.00171377
-0.00452374
-0.0037431
0.00292117
-0.00185797
0.00581405
0.0125325
0.00347229
0.00155684
-0.00843002
0.00306948
-0.00359304
0.00279866
0.00273857
-0.00197657
0.0105494
0.00194449
-0.00571646
3.44047e-05
-0.0016113
0.00463735
0.00166377
0.0021516
0.00133511
-0.00169333
-0.00132442
0.00168264
0.00134724
-0.00154625
-0.000991932
0.00119094
0.00196393
0.00140391
0.00267543
-0.000152264
0.00899779
-0.00687762
0.00219266
-0.000186653
-0.0113043
0.00299472
0.0139319
-0.00562229
-0.00197062
0.00186081
-0.0016381
-0.00166844
-0.00299312
0.0117602
-0.00709862
-0.0012902
-0.00404222
0.000401323
0.000159577
0.00529038
-0.00865298
0.00771543
-0.00107523
0.00131504
0.000903258
0.00101513
-0.000924572
-0.000260696
0.000229604
-0.000848935
0.000691576
-0.000142242
-0.000711003
-0.000788686
-0.0038432
-0.000169898
0.00592332
-0.00357317
0.00319988
0.00118438
0.00432953
0.00253075
-0.00410559
-0.0119442
0.0201967
-0.00414688
-0.000199139
0.000873888
0.00114806
0.00341553
-0.00464976
-0.00211386
0.00222698
0.00186819
0.00250593
-3.5267e-05
0.00139267
-0.00243771
-0.00211917
0.00109865
0.000861044
-0.00156154
0.000350691
-0.000157724
-0.000192967
0.00835255
-0.000139035
-0.0102684
0.00396395
-0.000647747
0.00695223
-0.00111383
0.00669133
-0.00174133
-0.00408665
0.00119065
0.00231824
-0.000259679
-0.00214011
0.000893221
0.000394391
0.0145582
0.00107003
-0.00152802
-0.0116197
0.00357805
-0.00776022
-0.00112843
0.00022211
0.00574325
-0.00639362
-0.0041234
0.000613473
0.000943147
-0.00016959
0.000404129
0.0019248
-0.00168482
0.000802778
0.00096991
-0.00131034
0.00166483
-0.000287078
-0.0028334
-0.00714795
0.000131742
0.00979558
-0.00180099
-0.0012412
-7.14247e-05
0.0019556
0.00139978
-0.000942367
0.00661069
-0.00197156
0.00332819
0.0121104
0.00976834
0.0201425
0.0124113
-0.00101069
0.000892752
-0.00137908
0.00363158
-0.00331272
-0.00135638
-0.00183128
0.000614038
0.000911553
-0.00425195
0.00513428
0.000927378
0.000923414
0.00276121
-0.0028074
0.000963567
0.0199902
-0.00204203
0.000829859
-0.00327979
0.00271031
-0.00310287
-0.000983632
0.00263393
-0.00110317
0.000192247
-0.0172062
-0.00208264
-0.00325044
0.00210635
0.00304381
-0.00218021
0.0020674
-0.000995067
0.0318594
0.00657398
-0.00180646
0.00596542
-0.0292503
0.00149287
-0.0129818
-0.000569625
-0.00421957
0.00180522
-0.000677392
0.00309174
0.000593289
0.000564803
-0.00254652
0.00118726
-0.00195197
0.00140362
0.000440281
0.00193026
0.00187384
0.00322622
-0.00369645
-0.00514977
-0.00206503
0.00164595
0.00334526
-0.0019107
-0.00214467
0.0182572
-0.00161124
0.00305831
-0.00505522
0.00259739
0.00226337
-0.0014428
-0.00201056
-0.00105816
0.00597509
-0.00857853
0.00419354
-0.00389961
-0.00214726
-0.00249079
0.00220034
0.00235426
-0.000627987
-0.00387353
-0.0003895
0.00372865
-0.00247811
0.00346878
-0.00108862
0.00258773
-0.00188862
-0.000477623
-0.00475943
0.00317822
0.00194379
-0.0017087
-0.00337948
-0.0029522
0.00352544
0.000699736
0.0123768
0.000736772
-0.000834921
-0.000147416
-0.00225682
0.00427807
0.0721987
-0.00105336
-1.2585e-05
0.045161
-0.0451484
0.0438638
-0.0106889
0.00268353
-0.0117546
0.00200328
0.0107558
-0.0118224
-0.0012527
0.00891853
0.00415662
-0.00774982
-0.0126192
0.0146319
-0.00610251
0.00183912
-0.00102821
0.00384162
0.000465855
-0.000858315
0.000873958
-0.00363146
-0.00409777
0.00463811
-0.00142545
-0.00328416
0.000171639
0.000835009
-0.00136401
-0.000547257
-0.0161445
-0.00445736
-0.000929855
-0.00192762
0.00042588
-0.00157043
-0.000104317
0.000792027
-0.00165067
0.00036122
0.000551005
-0.00125722
-0.0255841
-0.00526809
-0.00171482
-0.0114552
-0.0420866
-0.0270729
0.0170481
0.00648412
0.00354066
-0.0205436
-0.00130478
-0.00206595
0.0043282
0.00036764
-0.0022364
0.00267754
-0.000276189
-0.00203845
-0.000379006
-0.00359281
0.00507622
-0.00173316
0.00141413
-0.000805873
-0.000552462
0.00280726
0.00503197
-0.00323158
-0.00408789
0.0051406
0.00225518
-0.011284
0.000769548
-0.000632736
-0.00258166
-0.001903
0.00554198
-0.00266222
0.00247513
-0.004657
-0.0275514
-0.00443275
0.0511367
-0.000526172
-0.00338156
-0.00088223
-0.00308118
-0.00129696
-0.000210774
0.0037321
0.00360695
-2.91207e-05
0.000721188
-0.000780283
0.000194733
0.00290483
-0.0024579
0.00103237
0.000123976
0.000940047
-0.00401277
0.0107096
-0.00254553
-0.0168765
-0.00304335
0.0049644
0.00673324
0.00203855
-0.000321403
0.00815363
-0.0180065
-0.00608998
0.00425141
-0.00435737
-0.000461486
-0.0092707
-0.000958626
0.00173726
-0.00128757
0.00228022
0.0023251
-0.00132573
-0.00228694
0.000901823
0.000236922
-0.0101452
0.0126486
0.0043472
0.00618996
-0.0110167
-0.00649764
0.00598258
0.0012023
-0.000809286
0.000943469
-0.000600127
0.000573035
-0.00235947
0.00428932
0.00416498
-0.0268048
-0.156773
0.100949
0.0241388
-0.0360268
0.0247447
0.0656057
-0.0527161
0.0259456
-0.0522021
-0.0960691
0.0184876
-0.0294695
-0.0074561
0.00626383
-0.00575496
0.00239577
0.00544042
0.085861
0.00223302
-0.00821163
-0.000322371
-0.0724145
0.0622064
-0.0143321
-0.0700948
-0.0693816
-0.0501027
-0.00177694
-0.00695916
-0.0397676
0.00465382
-0.00127845
-0.00975124
0.000995007
-0.000797124
0.000656304
0.000536028
0.00264799
-0.00770135
0.00240345
-0.00187906
-0.00132431
0.000209161
0.000146045
0.00346356
-0.00815862
0.00248178
0.00166965
0.0011541
-0.000679007
-0.000270163
-0.000204933
-0.00175636
-0.00200689
0.000964276
-0.000608053
-0.000256557
0.000484708
-0.00107333
0.00321979
1.43886e-05
0.00145243
-0.0177424
0.000737561
0.019928
-0.00828667
-0.0131334
0.00730459
-0.00354318
-0.00130545
0.00842595
0.00206117
-0.000245683
0.000198614
0.00233618
0.00101812
0.00362924
-0.00932549
-0.00135368
0.000664557
0.00162221
0.00119825
-0.00138201
0.00104274
-0.0031583
0.00189059
0.0030203
-0.00191677
-0.00172272
0.000243545
0.00414449
-0.000603694
-0.00995264
0.00200519
0.000824072
0.00143935
-0.000603412
0.00307798
0.00037641
-0.00175684
-0.00209871
-0.000431289
0.000950589
-0.000242475
-0.00173547
-0.000413381
-0.000121129
0.0750702
-0.00386078
0.118844
0.0301882
-0.157044
-0.0470778
-0.0593026
-0.00278105
-0.0602931
0.0133149
0.0375053
0.0085864
-0.00215625
-0.0044355
-0.00199464
-0.00823091
0.00521235
-0.00959583
-0.000322357
-0.000408235
-0.000292693
-0.00158955
-0.00378772
0.00180801
-0.00088994
-0.00604924
0.00513117
0.000644809
0.00322908
-0.00055903
-0.00331486
0.00275011
-0.000870162
-0.00092365
-0.00625049
-0.00284145
-0.00189286
-0.00255687
-0.00463449
0.00718351
0.00104099
-0.000787949
-0.000937247
-0.00211279
-0.0011055
0.00173719
0.00149919
0.000315389
-8.04177e-05
-0.000865785
-0.00883609
0.00141691
-0.00102152
-0.00114275
-0.000457732
0.000718343
-0.000381116
0.00113402
-0.00715578
0.00135049
0.000969323
0.000952369
0.000771037
-0.00118285
-0.0020265
0.00243832
0.000768217
-0.00164174
0.000943928
-0.00146651
-0.000607743
-0.000299158
0.00187622
0.0613537
-0.0234807
-9.67401e-06
0.0551985
0.0445514
-0.066983
-0.0557316
0.0013095
-0.0400832
-0.0193327
0.00834231
-0.0228878
0.0549909
-0.0312451
0.0439816
-0.0404422
0.0049122
0.0324887
0.0346116
0.0107854
0.0466538
-0.046667
0.0936735
0.0153662
0.00167648
-0.0032553
-0.0209076
0.0415663
0.0015657
0.00631263
0.00699175
-0.000451379
-0.00473665
0.00747096
-0.000454102
0.0092531
-0.00548098
0.00295693
0.00524605
0.000204112
0.0600254
0.00849998
0.0595011
0.00106629
0.000498368
0.00100889
0.0234689
0.0458974
0.0993425
-0.0554009
0.00312494
-0.000446109
-0.0013301
0.0150919
0.0186472
-0.000579088
-0.000411717
-0.00842999
0.00586841
0.00192686
-0.00554966
0.00337476
-4.94144e-05
-0.000819776
0.000500223
0.000368968
-0.00579116
-0.000255862
0.00217718
-4.86037e-05
-0.00187271
-0.00076972
-0.000529537
0.0049824
-0.0736411
0.00195819
0.0716829
-0.147129
-0.00670303
0.00476679
-0.00802666
-0.000991826
0.0096186
0.000756771
-0.00938354
0.00183978
-0.0100189
-0.00885586
0.0118801
-0.000191287
0.00128184
0.000323361
-0.000320198
0.0116639
-0.011908
0.00412781
0.000324086
-0.000508506
0.000894518
-0.00677368
0.00185034
0.000788873
0.0156207
0.0413129
-0.00161351
0.0027973
0.0128266
0.00282378
0.00518098
-0.0128889
-0.00633194
0.00754257
-0.000967936
0.000893674
-0.00276996
-0.010503
0.00736149
0.00591143
0.00217276
0.0101067
0.000988988
0.00144565
0.017098
-0.00609414
-0.00193199
-6.64086e-06
0.00107747
0.00658998
-0.0148563
0.0254962
0.00675183
-0.0116993
-0.0164986
0.00873508
0.0151413
-0.00737777
0.0101587
0.0136142
0.00244004
0.000164132
-0.00163989
0.000554716
0.00164528
-0.00150452
0.00114491
0.000635344
0.00294515
-0.000681619
0.00304848
-0.00169715
-0.00146235
-0.000373473
-0.000565589
-0.00113156
0.00275047
-0.000853325
0.000972424
0.000785417
-0.000147106
-0.0017603
-0.00159349
0.00219279
-0.00291617
0.000889262
-0.00215202
0.00186172
5.48245e-05
0.0018198
-0.00147144
0.00182718
-0.000699283
0.00094499
-0.00137847
0.00044491
-0.000520258
-0.0109405
0.00958615
-0.00128436
0.00450547
0.000443969
0.00188414
-0.00211335
-0.000214751
0.00119266
0.000654696
-0.00593025
-0.00826874
0.0124585
0.00558541
0.0103497
-0.0027734
0.000143309
-6.78529e-06
0.00319129
-0.000585363
-0.00133749
0.00113534
-0.000374205
0.000813298
-0.000863825
0.00119359
-0.000338812
0.000251765
-0.000708867
-0.000594373
-0.00275984
-0.00230092
0.000536726
0.00211317
0.000267729
-0.00135655
-0.00125762
0.00124463
-0.00190268
-0.00211524
0.00319285
-0.000559031
-0.00111847
0.000594927
-0.000110218
-0.0079062
0.00336701
-0.00157168
0.000211062
8.25009e-05
-0.00239317
0.00201011
-0.000701682
0.00190749
-0.000102114
-0.00110369
-0.00157094
-0.00275065
0.00306991
-0.00124023
8.10452e-05
-0.00181886
0.00133742
0.000400396
-0.000755488
-0.00184856
0.0028946
-0.00255147
-0.00109862
0.00014582
-6.47749e-05
-0.00127468
-0.0010046
-0.000272188
-0.000889571
0.002569
-0.00252426
6.14779e-05
0.00216595
-0.00222743
0.00208961
-0.000234015
-0.00133651
0.000286476
-0.00178368
0.000945639
0.00137188
-0.00500118
0.00273499
-0.00408663
0.00180758
0.0024107
-0.00196183
8.09635e-05
0.00142678
0.000626195
-0.000350578
0.00177736
-0.00154379
0.00147796
-0.000910117
-0.00068716
-0.00301786
0.00223851
9.06463e-06
0.000513372
0.000103155
-0.00199921
0.00104058
0.000710179
-0.00177112
0.00122355
2.86417e-05
0.000136283
0.000986845
0.147008
-0.0902637
-0.0466253
-0.0046821
-0.000502766
0.00385264
-0.000605091
0.00105396
0.00068905
-0.00250866
0.00121452
0.047301
0.00159416
-0.00086256
-0.0627378
0.0627252
-0.035112
0.0950237
0.0089156
0.00672509
-0.0116767
0.000925625
0.139278
0.0406613
0.0110415
-0.0123354
-0.00242903
-7.53576e-05
-0.000906332
-0.000920994
0.00059869
0.000588558
-0.00118725
-0.000812842
-0.00119302
-0.00120137
0.00180819
-0.00218782
0.000724991
0.000269809
0.0021884
-0.000518577
0.00289543
-0.00064315
-0.000919325
0.000629473
0.000933003
0.000717216
-0.000357906
-0.00068202
7.40659e-05
0.000697292
-0.000783567
8.62754e-05
-0.000988061
-0.000463343
0.00212925
-0.000633559
-0.000290769
-0.00371568
0.000714166
0.0759444
-0.0614728
-0.0638241
0.0131831
0.0100782
0.00836905
-0.111497
-0.00214271
-0.00204496
0.00852419
0.00195681
-0.0114189
-0.000909856
-0.0184041
-0.00500697
-0.00370216
0.0407721
0.00475649
-0.0367075
0.0140952
0.00734569
0.00300489
-0.00868526
-0.00839162
0.014072
-0.00277582
-6.9045e-05
0.0183589
-0.0126128
-0.00574607
-0.00606315
-0.000845652
-0.00453683
-0.00144256
-0.000486292
0.0030967
-0.00413302
0.0118357
0.000121171
-0.00454874
-0.0124489
-0.0161277
-0.00258834
0.00252033
-0.000579593
0.0148613
0.0121883
-0.00165272
0.00222446
-0.0116792
-0.00193157
-0.00384418
0.00445583
0.00201066
0.00248928
-0.00141642
0.000598254
-0.00167111
-0.00231953
0.00222426
0.00228229
-0.00527388
-0.00976631
-0.00936456
-0.00120924
0.00742317
0.00631183
-0.00501135
-0.000698408
-1.51193e-05
-0.000382292
0.00379943
-0.00687638
-0.00686243
0.00676383
0.00424067
-0.002035
0.00440096
0.00268236
-0.00169316
-0.00164867
-0.0011308
-0.00109227
-6.7016e-05
-0.00329705
0.00397853
-0.000614463
-0.00135095
0.000757739
-0.000443046
0.00103626
0.000824264
0.000507147
-0.000335129
-0.00036862
0.000488695
0.00102031
-0.00200946
-0.00158557
0.00294024
-0.000347882
0.00225904
-0.00484219
-0.0018286
0.000681931
-0.00235854
-0.000448573
0.000148981
0.00118006
-5.30549e-05
0.000882679
0.000412297
0.000395134
-0.00188619
-0.0023065
-0.000136289
1.17969e-05
-0.000490359
0.0087064
-0.0164208
-0.0129562
-0.00384313
-0.0147714
0.0155712
-0.0144232
-0.0056466
0.0199472
0.000966201
-0.000264783
0.000144095
0.00452949
-0.00810893
0.00315556
-0.000678213
-8.96762e-05
-0.00184968
0.000392891
0.0015282
-0.00488473
-0.00825396
0.000186406
-0.00239707
0.00167251
0.00234761
0.000628731
0.00132653
4.56908e-05
-0.000192518
-0.00113445
-0.0056979
-0.000909162
0.00075565
0.00290262
-0.00154489
0.00203872
0.00504646
-0.00458261
0.00340263
-0.00044176
0.00586757
-0.00650131
0.0028521
-0.00546034
0.00159081
-0.00115068
-0.000703954
-0.000434463
0.00121981
0.000636541
-0.000902375
-0.000884848
0.0459249
0.000834205
0.0195787
0.000892682
0.000327604
0.00400821
0.00305357
-0.00127115
0.000440822
-0.00541163
-0.00128269
0.000833865
-0.00260441
0.00049536
0.000202936
-0.00100057
-0.000464318
0.000827127
-0.00172112
0.00514415
-0.00425016
-9.6144e-05
0.00213822
-0.00285821
0.000816131
0.00168398
-0.00936313
0.00393604
-0.00327351
0.000755997
0.00532422
-0.00168324
0.00692056
0.00911194
-0.00403359
0.0312652
0.0184594
0.00434094
-0.00200287
-0.002211
0.000186072
0.00330139
-0.000473083
0.00273545
-0.00417101
-0.000713056
-0.00172886
0.01105
-0.0064858
0.00180394
-0.00484832
1.94244e-05
-0.00466776
0.000523961
-0.00295131
0.000284646
-0.0196839
0.00188278
-0.0102299
0.0191365
-0.00912965
0.00127657
-0.00380899
0.0038658
-0.0400836
-0.0080722
0.000142017
-0.000467769
0.000215496
0.00360542
-0.00125423
-0.00286129
0.00402746
0.0110375
-0.0142112
-0.0134084
0.000383235
0.0119382
-0.00443252
0.00186833
-0.0013021
-0.00244389
0.000545496
0.000600023
-0.00319832
0.00513407
0.00245357
0.0274584
-0.000940906
-0.0151247
0.00916616
0.00751306
-8.26767e-05
-6.56204e-05
0.000630476
-0.00118749
0.000705612
0.00411403
0.00167339
0.00315407
-0.00412093
0.00939309
-0.00469479
-0.000105084
-6.10851e-05
0.00126179
0.00115572
-0.00140382
0.0168078
-0.0151047
0.00639156
-0.00916624
-0.00422598
-0.000437626
-0.000231281
0.0116375
-0.0062976
-0.00710404
-0.000535024
0.00225051
-0.000103863
-0.00153135
0.00153322
0.000101995
0.000847381
-0.0019743
0.00141291
0.00051324
0.00218789
-0.00214852
0.00149136
0.00226289
-0.00539497
-0.0045365
0.00130098
-0.00651327
-0.000926711
-0.000605639
0.00255195
-0.00122131
0.000693418
0.00255332
-0.00144096
-0.00111237
0.00108467
-0.000620301
0.00100008
0.00896613
-0.0036227
-0.000444152
-0.014256
-0.0102195
-0.000569324
0.00123649
0.000566152
-0.00457167
-0.00197331
0.00420175
0.000608286
-0.0128385
-0.00288291
-0.00671018
0.000120171
-0.0111951
0.0180404
-0.00179225
-1.74861e-05
0.00167888
-0.00324522
-0.00543786
-0.0077102
0.00281099
0.00594005
-0.000878012
-1.24872e-05
-0.000615094
0.00124226
-0.00380224
-0.00540374
0.000775376
-0.000666685
-0.00178784
0.00112333
0.000530989
-0.000631533
-0.00253896
0.00410087
-0.000973502
0.00471659
0.00343487
-0.00278036
0.00237783
-0.000274091
-0.00271298
0.000609243
0.0116239
-0.0273451
0.00747906
-0.00747089
0.00444316
-0.00486542
0.0345907
0.0132376
0.00496078
-0.01556
0.0241497
-0.00858971
-0.00103463
-0.00116262
0.00168075
-0.00125916
0.0017584
-0.00324671
-0.000500329
0.00226029
0.000116089
-0.000866366
0.00208694
-0.00391109
-0.00112106
-0.00257846
0.00245978
0.00242665
-0.00102965
-0.00181581
-0.00135309
0.00150189
0.000159859
0.00230605
0.00494868
0.00144758
-0.00417598
0.00718143
0.00400653
-0.0121532
-0.00702803
0.00289295
-0.0107535
-0.00726413
0.00231411
-0.000129442
-0.0103546
0.00548524
0.00671152
-0.00485751
-0.00906747
-0.000860921
-0.00290235
-0.00253021
-0.0107669
0.00104345
0.0103746
-0.00184528
-0.00815969
0.0128308
-0.0125842
4.24493e-06
-0.00038507
0.00814143
-0.00241356
-0.000415637
-0.0142569
0.0030052
0.00166736
0.00669735
-0.008115
-0.000625668
0.00333098
-0.00396021
0.00306383
-0.00144212
4.63706e-05
-0.00763933
0.010829
-0.00300636
-0.00434722
-0.00636257
-0.00493261
0.00408734
-0.00318229
-0.00231923
-0.00159617
0.000294516
0.00021898
0.000112382
-0.000963925
-0.00444279
0.00435597
-0.00229847
-0.00535116
0.00936081
0.00279921
0.00116339
-0.00292
-0.00659405
0.00377071
-0.0163161
0.0112203
-0.00313207
0.00934741
0.00106488
-0.00430519
-0.000725665
-0.0115798
0.00753601
-0.00294972
0.000845164
-0.00535086
-0.000823647
0.000575798
0.00266584
-0.00342852
0.0029741
-0.000577416
-0.000274425
0.0129599
-0.00125798
-0.000231679
-0.00437682
-0.000201292
0.000629075
-0.000962858
-0.000398002
0.00145947
0.00301929
0.000513714
-0.00027874
-0.0200283
0.00704651
0.00191578
-7.85082e-05
-0.000891351
0.0122901
-0.0111084
0.000243176
-0.019884
-0.00103974
0.0260864
-0.00446178
-0.00167325
-0.00838177
0.00313377
-0.000196762
-0.00531659
0.0172982
0.0241789
0.0729994
-0.0539684
-0.00505866
0.00181033
-0.00500562
0.00140176
-0.00471168
0.00235551
-0.00847896
0.000525886
-0.0126541
0.0150819
-0.0059258
0.00410852
0.00136096
0.00924859
-0.00403415
0.00583925
-0.00193394
0.00676123
-0.00345217
-0.00106817
-0.00299485
0.00751518
-0.00267381
-0.00118328
-0.000500274
-0.00341952
0.00190735
-0.00260988
0.00713083
-0.00445734
-0.00832009
0.00169163
-0.00343379
0.00527862
0.000309839
0.000565175
-0.000423818
0.000351863
-0.0036053
0.00121483
-0.000565277
-0.00100747
-0.0199521
0.00418759
-0.00859582
0.000832315
-0.000873588
0.0102019
0.00296434
-0.00107708
0.0111997
-0.00259643
-0.00344303
-0.014089
0.00658794
0.00623124
-0.00348862
0.00190581
0.000341849
0.00268296
-0.0143299
0.00368708
0.00324617
-0.00265849
-0.00288387
-0.00682715
0.00726274
0.00708633
-0.00290183
0.0103008
-0.00240676
0.00114039
-0.000906812
0.00455774
-0.00136188
0.00206558
-0.00262203
-0.000109229
-0.00641715
0.0024154
0.00536271
0.00163549
-0.00147765
0.00141555
0.00695579
-0.0142828
0.00470435
0.00855321
0.00645136
0.00174118
-0.000292389
-0.00174915
0.00593604
0.00758263
0.000146869
-0.00355032
-0.0100198
0.00142813
0.00317881
-0.00191264
0.00157737
-0.00206552
-0.00480337
-0.00859253
0.000374895
-0.0033156
0.00881583
-0.000326764
0.0246901
0.0204224
-0.00240178
0.000783715
0.000508213
0.00161351
-0.00227523
2.61021e-05
-0.00366946
-0.00170779
-0.000568045
0.00267623
-0.00198661
0.00515642
0.000564905
0.00445068
-0.00905032
-0.000895245
-0.00149153
0.0129075
0.00968516
-0.00989794
-0.013826
0.00346004
0.00114881
0.000754448
-0.000256086
-0.000547777
0.00026443
-0.00193121
8.96944e-05
0.00951797
0.0187489
0.0016544
-0.0094396
-0.00119542
0.0103606
-0.000689529
-0.00214487
-0.00933514
-0.00816874
-0.0121597
0.00123442
-0.00341224
-0.000904522
-0.0016702
-0.000217445
0.000541922
-0.000113077
0.000470314
0.000110988
0.0032931
-0.013876
0.00537794
0.00939044
-0.00117396
-0.000768925
-0.00146835
-0.00138608
-0.0021386
-0.00364851
-0.000741548
0.00592153
-0.00885579
-0.00349404
0.000572407
-0.00189879
-0.00306285
-0.00152653
-0.00108621
0.00158399
0.00420259
-1.77797e-06
0.000241885
-0.00223153
-0.000552209
0.00132672
-3.1304e-05
-0.000699954
0.00072415
0.000400294
-0.00725147
-0.00515623
-0.000982091
0.00045378
0.000666986
-0.000501794
-0.000712013
-0.000167359
0.000413088
-0.00173292
0.00052215
0.00268588
-0.0019144
0.00331933
0.000827364
-0.011127
0.00325605
0.0010164
0.00022639
0.00373323
0.00087833
-0.00461797
0.0014008
0.0015968
-0.00651447
0.0049439
0.00109689
0.000579421
-0.000873537
0.000453692
0.00683143
-0.000402964
0.00623654
-0.00276689
-0.0109097
-0.0204766
0.00155355
-0.0095051
-6.09236e-05
0.00294546
-0.000972386
-0.0100431
-0.0141097
-0.0156698
0.0132074
0.00383575
0.00248931
-0.00475589
-0.000145513
0.00225231
-0.00413588
-0.0087062
0.0130334
0.00126637
0.00110717
-0.00911786
-0.0426489
0.0290911
-0.0527215
-0.0727609
0.116321
0.0622854
-0.0667777
-0.0137577
-0.00115094
-0.00993193
0.000310244
0.00155266
0.00907396
-0.00242431
0.00393885
-0.0013563
-0.00195529
-0.000749475
0.00439639
-0.00201885
0.00235088
-0.00239206
-0.00306606
-0.000681148
0.00158073
-0.00468309
-0.000984267
-0.00121011
0.00061105
0.000920214
-0.00283864
0.00258456
-0.00480234
0.00530365
-0.00190074
0.00109256
0.000242261
-0.0011716
-0.000912803
0.0045415
0.00534886
-0.00927888
-0.00175552
-0.000290838
-0.00119308
0.000863808
-0.00237563
0.00268141
0.00101585
-0.00593834
-8.20841e-05
-0.00301647
0.00490732
0.015201
0.0181075
0.00234152
-0.014509
-0.00864135
0.000361855
0.00713614
-0.00514245
0.00725726
0.00184615
-0.0024865
0.00442274
0.00134793
-0.0088124
0.0192613
-0.0125747
-0.00369194
-0.00795428
-0.00145303
0.00546507
-0.00166948
0.0198027
-0.0425645
0.0691516
0.131662
0.178454
0.00275131
0.00289813
-0.00326049
0.00134027
0.00256834
-0.00200275
-0.00408955
0.0128691
0.0110478
0.00564244
-0.0401308
0.00415266
0.0571633
0.000451948
0.0167543
0.0171832
0.0167038
-0.0132781
-0.00702064
0.0225946
-0.0177761
-0.021529
0.0393052
-0.00896719
-0.00306128
-0.00482482
-0.0476491
0.0199993
-0.0129639
-0.000644097
-0.0650805
-0.0633303
0.0272933
0.00518618
0.0238222
6.71784e-05
0.00165161
-0.00169371
0.000682131
0.0267286
-0.0613667
0.00565796
0.00102078
-0.000497654
0.000609275
-0.104645
0.0834799
-0.00675184
-0.00352867
0.00757738
-0.00325096
-0.000693444
-0.000174451
-0.00185597
-0.00964646
-0.00323515
0.0137679
-0.00539359
0.00374878
-0.00235372
-0.000502578
0.00187242
-0.00155117
0.00275396
0.00251618
3.74231e-05
-0.018246
0.0177169
0.00186762
0.00378016
0.000248686
0.00153575
-7.5553e-05
-0.00096579
0.00221671
-0.00117537
-0.0012469
-0.000838765
0.00201011
0.00197442
-0.000667998
-0.00239627
-0.00151741
-0.0120759
-0.00798383
0.0101714
-0.00504283
-0.00704481
-0.00675844
-0.00388429
0.00579899
-0.00371978
0.0104928
-0.00388005
-0.00252507
-0.00106006
-0.0156437
-0.00394077
0.00697749
0.0164731
0.00326413
-0.00107665
-0.00396908
0.0685964
-0.0600545
-0.00854194
0.0294846
0.0458043
-0.00284436
-0.0167669
0.00255107
0.0423203
0.0344172
0.0144449
0.0171601
-0.0144369
-0.000477824
-0.00402461
0.0176198
0.00253778
-0.000959141
-0.000511163
-5.63949e-05
0.00104753
0.0114532
-0.0134718
0.00739338
-0.00831029
0.00114573
-0.000499999
0.000478279
-0.0012359
-0.000536238
-0.0272511
-0.000541696
-0.00438092
-0.000519984
-0.000238853
-0.00174982
-0.000370755
0.000723955
0.00583548
0.000974001
-0.00176988
0.00137042
-0.0068855
-0.00277848
0.000252676
-0.0010793
-0.00276342
0.0132761
0.000700135
-0.000367178
-0.00290403
-0.000432149
0.000223371
-0.00192878
-0.000760318
0.000365779
-0.000788644
0.00962381
-0.00238812
-0.00242831
0.000176241
-0.000425064
0.00289756
0.00283285
0.0002794
0.0333326
0.0123774
-0.00397493
0.0451136
0.0176119
0.0252823
-0.00684624
0.0101967
0.00150634
-0.00870909
0.00959679
-0.021817
-0.0080437
0.00706157
0.000291928
0.000690205
0.000853049
-0.00915174
-0.0202683
0.00815616
0.0104289
-0.00757074
-0.000828451
0.000708105
0.00293567
-0.00968216
0.00701721
-0.00942879
-0.000418377
-0.0057296
0.0163412
0.00127423
0.00839459
-0.00839341
0.00017847
-0.00266652
-0.00159254
-0.00187667
-0.00316044
0.00522511
-0.00110746
0.00615294
0.00344474
-0.00399848
0.0115534
0.011558
-0.0103158
0.00650014
0.00146487
-0.0134832
-0.00162525
-0.00119519
0.0200066
0.00864812
0.0133575
-0.0228982
0.00140149
0.00422626
-0.00373379
-0.00384473
0.00241795
0.00281185
0.0044942
-0.00204301
-0.000671052
0.00212242
0.00300698
0.00186541
0.000387772
-0.00367347
-0.000522421
-0.00467709
-0.0062077
-0.00854377
-0.0161566
0.00677376
-0.00545402
-0.00314238
-0.00130683
-0.00041848
0.0288615
-0.0144973
0.012998
-0.0262761
-0.0198842
0.00494978
-0.013158
0.0045668
0.00420987
0.000290897
0.00835751
-0.00716698
0.0078921
0.00122975
-0.00138311
0.00512572
-0.00822592
0.00731077
-0.0270926
-0.0124225
-0.0103658
-0.0113256
-0.00135134
-0.00324056
-0.00500974
-0.051893
-0.0120293
0.00191558
0.0115328
0.0100156
-0.022596
-0.00411226
-0.00111867
0.0168168
-0.0133999
0.00160557
0.00307701
-0.00188337
0.00591246
-0.00876039
0.000509144
0.000119468
0.000683626
0.003427
-0.000950841
0.0291806
-0.0112693
0.0152504
-0.0167945
0.00120736
0.00144027
-0.00151343
-0.000677513
-0.00562833
-0.0128616
-0.00833991
0.0197376
-0.00989152
-0.0124441
-0.00689038
0.00478794
0.00190831
0.00350093
0.00582848
0.00119977
0.000928278
-0.00256698
0.00754503
-0.0042122
-0.00937649
0.00659782
0.00253991
-0.00181952
0.00253475
-0.0081158
0.0120228
0.00827842
4.29482e-05
0.00457436
0.000913688
-0.00310773
-0.00340938
3.0143e-05
-0.00210991
-0.00198902
-0.00239541
-0.000657945
0.000493452
-0.00344472
-0.000564481
-0.00944301
0.00298289
-0.00132967
-0.0108533
0.00393585
-0.000316665
-0.00315307
0.00872336
-0.00133192
0.000423617
0.00731654
0.000263318
0.000475628
0.00243345
-0.000283436
0.00202763
-0.00322735
0.00201745
0.00184159
0.00168484
0.00216038
0.00270143
-4.63166e-05
-0.0168008
0.00187295
0.00111719
-0.00264078
0.0014558
0.00134941
-0.00242165
0.00103145
-0.0143678
0.0112443
0.00029508
-0.0168294
-0.000473531
-0.00616517
-0.00522323
-0.0020948
0.00778912
-0.00120211
-0.0122609
0.0016387
0.0141865
-0.00486487
-0.00449695
-3.3663e-05
-0.00149863
-0.00127511
0.00344853
-0.00141667
0.0012256
-0.000950566
-0.00170868
0.00325186
-0.000837434
-0.00781798
-0.00127384
-0.0114471
0.000146315
0.00139296
0.00154387
0.00103499
-0.00141935
-0.00221159
6.62349e-05
-0.0024564
-0.0030641
0.000554503
0.00110458
6.94868e-05
0.00367334
-0.00231411
0.0042622
-0.00773233
0.017607
-0.00483244
0.0030595
0.0152956
-0.00822336
-0.0101317
-0.0149578
0.0153763
-0.000527866
-0.00719861
0.00554374
0.00778194
0.00686735
-0.00047356
0.000646972
-0.00121465
0.00078525
0.000874667
0.000814502
0.00585451
-0.000958871
-0.000216275
-0.0144646
0.0105182
0.000722146
-0.00482909
-0.000673533
0.00405193
-0.021644
0.00989295
-0.00636391
0.00606789
-0.00795286
-0.00319222
0.00174902
-0.0141513
-0.00136484
0.00298498
0.00399895
0.0213598
-0.00252518
0.0029427
0.00566647
-0.00156511
0.000318683
0.0143771
-0.00596384
-0.00655104
0.00071905
0.000262018
0.00340857
-0.00689659
0.00171749
0.00134771
0.00639519
-0.0499766
0.00113881
-0.00228433
0.000270984
-0.00039772
0.000126736
-0.00950347
0.00269568
-0.000336766
-0.0184335
0.001247
-0.00411388
0.00429672
-0.00632877
0.000245823
0.000778828
0.0301954
-0.000111094
0.00230384
-0.0030632
-0.00577536
0.00451751
0.000503622
-0.000451086
0.00109233
0.00605231
0.0703326
-0.00301487
0.000694539
0.000138868
-0.00141384
-0.00477466
0.00518105
0.0187881
0.00033102
-0.00457947
0.00805612
-0.000530467
-0.00178946
0.00509548
-0.0087046
-0.000861573
-0.0135776
-0.00667949
-0.0238549
-0.0131149
0.000328926
0.00604501
-0.0139574
0.0075622
-0.00301501
0.015443
-0.000936733
0.00420119
5.55348e-05
0.00349214
0.00752588
-0.0036619
0.0122137
0.0131978
-0.00478876
0.00408108
0.00124038
0.0113083
-0.00258414
-0.00530048
-0.000452597
0.00292159
0.00115278
0.00100497
-0.00108029
-0.00068109
-0.000136271
-0.00239974
-0.000497808
-0.00184436
-0.000496719
-0.00162569
0.00145186
0.00110929
0.00877996
0.000103613
0.000521034
1.96187e-05
-0.000304328
0.000146604
-0.000553512
0.0046816
-0.0156581
0.00524493
-0.00119887
0.00136547
0.000631566
-0.00254385
-0.00582912
0.000275852
0.000548135
-0.00947474
-0.00102212
9.82277e-05
-0.001149
0.0515602
-0.1087
-0.00610481
0.00442618
0.00274842
-0.00365435
-0.00144326
0.00183916
-0.00131982
-0.0013717
-0.0036235
0.00399248
0.0368658
-0.0398669
-0.0060476
-0.0711623
-0.0518039
0.0571869
0.0274561
0.00449533
-0.00513187
-0.0217168
-0.00740834
-0.0377615
-0.0449433
0.049661
-0.00696436
0.0561518
-0.0491875
0.0276166
0.0196257
-0.000935261
-0.00460185
-0.000506815
-0.0745766
0.103559
0.0531913
-0.00755449
-0.00639997
-0.000861902
-0.00375154
-0.00390706
0.00163924
-0.0201294
0.00171584
0.00277455
0.00190826
0.0145698
-0.00907642
0.0505553
0.0358552
0.0207397
0.0192775
-0.0263617
0.000932572
0.0125125
-0.00161993
-0.00148398
0.00993605
-0.00741637
0.00866182
-0.00117256
-0.000829789
0.00164861
-0.000751846
-0.000870652
-6.04114e-05
-8.13212e-06
0.0033629
-0.000553028
-0.000342217
-0.00317492
0.00738763
0.00547806
-0.000939707
0.000724955
-0.000354176
-0.00279254
-0.000510946
0.000363712
0.00731868
-0.00671848
0.0326166
0.014198
0.00168565
-0.0057681
-0.00857941
0.00251793
-0.00172098
-0.00315433
0.000171397
-0.00676707
-0.0149745
0.000310364
0.0387051
0.0100278
-0.0208791
0.000620604
-0.0012627
0.00117616
-0.00379694
0.00174055
0.00101181
0.000759518
4.74579e-05
-0.000926198
0.000187933
-0.050047
0.0290546
-0.014377
-0.00578053
0.0547231
-0.0597722
0.0745862
-0.0002498
0.0461587
0.0345738
-0.144683
0.000480056
0.00069212
-0.00102615
-0.000390519
0.00926268
-0.0106096
-0.00283256
0.0158486
0.00765272
0.0021556
-0.00331054
0.00410741
-0.000595622
0.012105
-0.0166012
0.0141968
0.00154446
0.00208141
-0.00497685
0.00211554
-0.00778333
-0.022055
0.00111553
0.0232092
0.00996047
0.00854018
-0.000779498
0.00110212
0.00308641
0.028939
0.00918332
0.0019503
0.00404826
0.000358051
0.000363642
0.00363829
0.00084835
0.00129577
0.000928383
-0.000260917
0.00139148
-0.0170961
-0.00367699
0.00756028
-0.00404811
0.000427945
0.000132641
0.00370597
0.00221056
0.00113443
-0.00147884
0.000491793
0.00156374
-0.00364247
-0.0024828
-0.00301596
0.00323826
0.00172101
-0.00194332
0.000218649
0.0143468
0.0109872
0.0115827
-0.0043753
-0.0114905
-0.00161383
0.0128655
0.0270639
0.00374379
0.0311461
-0.0320145
0.00371938
-0.000675868
0.0134891
0.0031407
0.00235531
0.0140106
0.0115445
9.20539e-05
-0.00132979
-0.0279896
0.00938033
-0.00176256
0.00079927
0.00608277
-0.00243399
-0.000656071
0.00996764
-0.00536987
-0.00086767
0.00869111
0.00527113
0.000388949
-0.000322324
-0.00484557
-0.0130366
0.0147371
0.000530606
-0.00157183
-0.00402256
0.00306443
0.00307248
-0.00452122
0.00316951
0.000953078
0.00268127
0.000145569
0.00182375
-0.00229678
0.00208442
-0.000937563
-0.00317977
0.00137159
0.00151038
-0.00352016
-0.00153736
-0.00522899
-0.00343667
0.00246265
-0.000476423
0.00065378
-0.00316281
0.0120818
0.001577
0.002092
-0.00141312
0.00147792
-0.00821141
-0.00118022
-0.00554163
-0.00106481
-0.00633941
0.00517483
-0.00891552
-0.0162889
-1.81464e-05
0.00186091
0.000343529
0.000335396
-0.00140916
0.00168921
0.00173756
-0.000137777
0.00129856
0.00713391
0.0025879
-0.0121934
-0.00604361
0.0023479
0.00087575
0.00125792
0.00772447
0.0552102
-0.0488301
0.142629
0.00477192
-0.0050152
0.004613
0.00100737
0.00179228
-0.000409489
-0.0592034
0.0543783
-0.0122609
0.0151434
-0.000540149
-0.000506494
-0.0182545
0.0840303
0.0641179
-0.00612803
-0.00502864
0.00037318
0.0019114
-0.00147514
-7.81459e-05
0.000771993
-0.00116285
-0.00390302
0.00535077
-0.000737579
0.0100029
-0.000980418
-0.000350262
4.94522e-05
7.68697e-05
0.0545004
0.0106172
-0.0260893
-0.00873396
0.00789729
0.0345552
-0.00317328
0.00052808
-0.000280681
0.00176457
0.0026288
-0.0049538
0.0320432
0.0191095
-0.0156067
0.0162987
-0.0102431
0.0125476
0.00138164
0.00128805
-0.00299809
-0.0160736
0.000432608
0.000836713
-0.00553518
0.00283954
-0.00181703
0.0122235
-0.000500242
0.000826202
0.00174263
0.00435589
0.00441975
0.00274638
-0.0011585
-0.00468879
-2.9662e-05
-0.00383921
0.0337092
-0.0195868
-0.00661456
-0.0250744
-0.0215362
-0.0352517
-0.00152661
-0.0133568
)
;

boundaryField
{
    outlet
    {
        type            calculated;
        value           nonuniform List<scalar> 0();
    }
    walls
    {
        type            calculated;
        value           uniform 0;
    }
    inlet
    {
        type            calculated;
        value           nonuniform List<scalar> 
36
(
-0.0813831
-0.0727182
-0.0696641
-0.0813831
-0.0729875
-0.0784507
-0.0665781
-0.073315
-0.0721533
-0.0680473
-0.0860794
-0.0819772
-0.075472
-0.0802144
-0.0999646
-0.0841839
-0.10715
-0.0633445
-0.0784955
-0.0822721
-0.0776536
-0.0803481
-0.0764233
-0.0836066
-0.0677273
-0.0940888
-0.0916515
-0.0814347
-0.0778858
-0.0677441
-0.101928
-0.0910155
-0.0825761
-0.0952081
-0.0965205
-0.0953546
)
;
    }
    model
    {
        type            calculated;
        value           uniform 0;
    }
    procBoundary3to1
    {
        type            processor;
        value           nonuniform List<scalar> 
15
(
0.0131797
0.00951833
0.00854784
0.00302558
0.0119456
0.0120541
0.00698291
0.0076482
-9.41699e-05
0.00996289
0.0184982
0.0154614
0.00417648
0.00929361
0.0182259
)
;
    }
    procBoundary3to2
    {
        type            processor;
        value           nonuniform List<scalar> 
93
(
0.00846731
0.00673905
0.000990247
0.00382538
0.00402771
0.0138182
0.00286741
0.0117036
-0.00172375
0.00347163
0.00775727
0.00397693
0.00456953
0.0035467
0.00342916
0.00293219
0.00133086
0.0017575
0.0400877
0.00916893
0.003104
0.00207161
0.00205385
0.00317069
0.00121772
0.0039354
0.010152
0.00348504
0.0142259
-0.000378343
0.0092604
0.00976312
0.0113411
0.00112746
0.00400488
0.0331117
0.00751958
0.00226282
0.0179464
0.00941978
0.0164745
0.00350521
0.015081
0.00165938
0.000251897
0.0107379
0.00921781
0.00648424
0.00238512
0.0216124
0.0223726
0.0224653
0.00334809
0.0018578
-0.00200779
0.00925929
0.00232235
0.00396133
0.00117911
0.00671546
0.00336959
0.0126144
0.0217243
0.0116124
0.00152523
0.00163312
-0.000959818
0.00257472
0.0045087
0.000223061
0.00830367
0.00562903
0.00576162
0.0219685
0.0120938
0.0161999
0.00255652
0.00215203
0.00331801
0.0110223
0.00937164
0.03012
0.0183127
0.00547561
0.0103351
0.044112
0.0287179
0.0057571
0.00666074
0.00114827
0.00337397
0.00279794
0.0033008
)
;
    }
    procBoundary3to4
    {
        type            processor;
        value           nonuniform List<scalar> 
176
(
0.0917088
-0.0198114
0.00606943
-0.0081013
-0.00874591
0.083226
0.132056
-0.000124898
0.103545
0.047386
-0.00268752
-0.00347518
-0.00402053
-0.00451455
-0.0141148
0.0472346
0.0937987
0.000516101
0.0805006
0.00360868
0.00089709
-0.00397136
2.52765e-05
0.00267873
0.000377772
0.000407061
0.00102384
0.000840642
-0.0064306
-0.00211129
-0.00706455
-0.00470256
-0.0576635
-0.00298795
-0.0100412
0.00120591
0.0113047
0.000232948
-0.00241517
0.00032849
-0.00326443
0.000262939
0.000303024
0.000305632
0.000198803
-0.00375894
0.0017835
-0.00144428
-0.00416297
0.00527476
-0.0113114
-0.00365668
2.91649e-05
0.000435771
-0.00854261
-0.0109295
-0.0184743
0.0692832
0.0663796
0.175182
-0.00231684
-0.00129092
0.000546031
-0.00010105
0.00213172
-0.00126223
0.000754101
0.0855168
0.0796327
-0.012677
-0.000226877
-0.00308327
0.00144482
0.000426836
-0.00191485
-0.000563621
-0.00183936
-0.000528764
0.000123186
-0.00166149
0.000743063
0.0670138
0.00012085
-0.00255451
-0.00608995
0.00502935
0.00145078
0.00105298
-0.00423867
0.00577613
0.00924793
-0.00124831
0.134231
-0.00450611
-0.0281063
0.0802529
-0.020582
0.0657014
0.0905858
-0.0235664
0.000650904
-0.00350405
0.000885563
0.000723741
-0.00568308
-0.00047873
0.0770337
0.0783178
-0.0479979
-0.0335297
0.000743
0.00143562
-0.0283891
-0.0204435
-0.00179388
-0.0019759
-1.48357e-05
-0.00615519
0.00129443
-0.0164549
-0.00398444
-0.00465833
-0.00305142
-0.00292312
-0.000287608
0.0573193
0.124113
0.0997561
0.114422
-0.0136693
-0.0161409
-0.00320816
-0.0130023
-0.0195387
0.00102521
-0.0101732
-0.00468568
0.000641524
-0.00164526
-0.00165917
0.00165384
0.000281719
-0.0142681
-0.000197952
-0.000703929
0.00239999
0.0846101
0.0760941
0.1018
0.0982635
-0.000687549
-0.00773394
-0.00876574
-0.0237944
0.000375668
-0.000868218
0.000563354
-0.00498352
0.00017464
0.0691166
0.00338746
0.0693859
-0.00371226
-0.000980852
0.00106971
-0.0279607
-0.0252297
-0.0304914
0.000754137
-0.0426343
-0.0144532
0.127412
-0.0129426
-0.00300699
0.0540525
-0.0091792
)
;
    }
    procBoundary3to5
    {
        type            processor;
        value           nonuniform List<scalar> 
57
(
0.00801224
0.00103233
0.0117564
0.00525627
0.0267741
0.000341867
0.0213099
0.00018674
0.00897825
0.00523362
4.77731e-05
0.000404943
0.00685074
0.0127797
0.00175775
0.00058676
0.0033323
0.000513459
0.00215239
0.000834513
0.000256135
-0.000206052
0.00790578
0.00726346
0.0113071
0.00706054
0.000944369
0.00440053
0.0126536
0.0138227
0.013142
0.00430108
0.00105083
0.0044099
0.000651622
0.000911347
0.00119875
-0.00562898
0.00931142
0.00783022
0.00513029
0.00483335
0.0120661
0.00373833
0.000301594
0.0017645
0.00165651
0.0152242
0.00251284
0.00243132
0.00955298
0.00230024
0.0017201
0.00160001
0.00283088
-0.000409796
0.00596236
)
;
    }
    procBoundary3to6
    {
        type            processor;
        value           nonuniform List<scalar> 
51
(
-0.0238013
0.0346938
0.00813815
0.0297649
-0.0444223
0.0488744
-0.0252802
0.00831854
-0.0590276
-0.0543092
-0.036059
-0.0246924
-0.0510744
-0.113028
0.0160758
0.125651
0.00222079
-0.0499303
-0.0423745
-0.0319497
-0.0245663
-0.0295619
-0.045691
0.0105795
-0.010726
0.0583668
0.0479734
-0.00749883
-0.0531408
0.0371155
-0.017926
0.0335933
-0.0123859
0.0445313
-0.00855601
-0.038081
-0.0194936
0.0269717
0.0052139
-0.0310567
0.0132481
0.0447356
-0.081799
-0.00830715
0.00294572
0.00517152
-0.0335903
-0.00857947
0.00872165
-0.0351721
-0.0481438
)
;
    }
    procBoundary3to7
    {
        type            processor;
        value           nonuniform List<scalar> 
153
(
0.0164184
0.00118806
0.00232369
0.00657264
-0.00779941
-0.00552723
0.00084483
0.015719
0.00337307
0.000606133
-0.000726384
0.00580814
-0.000844956
-0.0033252
0.00904507
0.0096868
-0.0017627
-0.0206817
-0.0018062
-0.000541686
0.00236933
-0.00105925
-0.000324012
0.0045225
-0.000467561
-0.00446653
-0.000671352
0.00427117
0.0133795
-0.00864602
0.00256231
0.00304046
0.00368544
-0.00390321
-0.0082278
-0.000520588
0.00443374
-0.00302673
0.000751764
0.00176414
-0.000818359
-1.93624e-05
0.00811724
0.0143472
-0.0020406
-0.00348499
-0.00452751
-0.000368325
-0.00443844
-0.00121754
-0.00124034
-0.000424785
-0.00277679
-0.00468773
-0.0113829
0.0188065
0.0123262
-0.00206198
0.00854096
0.00286971
0.00708216
-0.00143122
0.0118727
-0.000296144
-0.00141914
0.000131544
0.00095317
0.0212833
-0.0134024
-0.00180636
0.0131869
-0.00090877
-0.00081887
0.00131992
-0.00522444
-0.00511807
0.000608201
0.000886071
0.00249389
0.000145257
-0.000721076
0.000121153
0.0169485
-0.0268181
-0.011658
-0.000439093
-0.00266821
0.00218719
-0.000537317
-0.00545078
0.0109216
0.01046
0.0151318
0.000491208
0.00126505
0.0085213
-0.00283569
-0.00070654
-0.000460224
-0.00143217
0.000790003
0.0010764
-0.00257947
-0.00328683
-0.00265842
-0.00389534
0.00669565
-0.00703822
0.0192829
0.00740351
-0.000284408
-0.00092224
0.000181329
0.000178674
4.11178e-05
0.000296289
0.00839707
0.00298814
2.53799e-06
0.0103055
-0.00411925
0.00310151
0.00148423
-0.00484295
-0.0163257
-0.00304532
0.0057323
0.00287635
0.00445581
-0.00878412
-0.000650762
-0.00839881
-0.00123308
-0.000469446
0.00365999
-0.00150618
-3.37503e-05
-0.0312743
-0.00225428
0.0091076
-4.69445e-05
0.000169585
0.00811452
0.000212478
0.00108415
0.00191203
-0.00101017
0.00133447
-0.000133812
-0.00155253
0.0024686
0.00261453
0.0067176
)
;
    }
    procBoundary3to8
    {
        type            processor;
        value           nonuniform List<scalar> 3(0.00571222 0.0081539 0.00317685);
    }
}


// ************************************************************************* //
