/*--------------------------------*- C++ -*----------------------------------*\
| =========                 |                                                 |
| \\      /  F ield         | OpenFOAM: The Open Source CFD Toolbox           |
|  \\    /   O peration     | Version:  2506                                  |
|   \\  /    A nd           | Website:  www.openfoam.com                      |
|    \\/     M anipulation  |                                                 |
\*---------------------------------------------------------------------------*/
FoamFile
{
    version     2.0;
    format      ascii;
    arch        "LSB;label=32;scalar=64";
    class       surfaceScalarField;
    location    "0.00481384";
    object      phi;
}
// * * * * * * * * * * * * * * * * * * * * * * * * * * * * * * * * * * * * * //

dimensions      [0 3 -1 0 0 0 0];

oriented        oriented;

internalField   nonuniform List<scalar> 
7606
(
0.00104958
-0.000580058
-0.000874875
0.000405352
-0.002051
-0.0043933
0.00127827
0.00516603
-0.0314072
-0.00476179
0.0332965
-0.00111464
-0.000626565
8.71275e-05
0.00165408
0.00123596
-0.000966582
0.00134415
-0.00161353
-0.00216582
-0.00582896
-0.00217416
0.0101689
0.000271789
-0.000150472
0.00176951
-0.00338077
0.0192583
0.00714809
-0.0174504
-0.00895592
0.0013374
-0.00297506
-0.00912646
0.0107641
0.00200229
0.00515175
0.0114735
0.0010181
-0.00401127
-0.000164522
0.00315769
-0.00145158
0.000812219
0.00143468
-0.000795315
-0.00155683
-0.000532134
0.000637377
2.74382e-05
-0.00071218
-4.39157e-06
0.000689133
0.000737596
0.00017523
-0.000454427
-0.000458399
0.000248335
0.000437625
-0.000634292
-5.16676e-05
-0.015175
0.0111356
-0.00416667
0.0082061
0.00061098
0.00073451
-0.000464211
-0.000881279
0.000766459
-0.00137136
0.00799872
-0.00739382
-0.00743161
0.00877662
-0.000578558
-0.00177099
-0.000150449
0.00223525
0.00207502
0.00216321
-0.0419916
0.00240756
0.00365655
0.000246755
-0.00631086
0.00599538
-0.00114464
-0.00428159
-0.000569144
-0.00117554
0.000740813
0.00086668
-0.000431949
-0.00575792
0.00718057
0.000984906
-0.00387753
0.0122117
-0.000233593
-0.00810055
0.0209857
0.00878201
-0.000467212
-0.00208763
0.00223621
0.000318627
-0.00288956
0.00189205
0.00265688
-0.00165938
0.00126041
-0.00228335
0.000515385
0.000507557
0.00142988
0.000157341
-0.00265944
0.00107222
-0.000576338
0.00195163
0.00209557
-0.00347086
-0.000546151
-0.00117986
0.000205812
0.0015202
-0.00908415
0.00378227
0.00192348
0.0033784
-0.000755184
0.000739734
1.545e-05
0.00160449
-0.00223526
0.000741906
-0.000111131
3.23393e-05
-0.000134663
0.000504055
-0.000401732
0.000592232
-6.52104e-05
0.000239671
-0.000766692
0.000453805
-0.000484662
0.000168659
-0.000137802
0.00243926
0.000799517
-0.000781494
-0.00245728
-0.00041278
-0.00203003
0.00189159
0.000551221
-0.00267552
0.000379186
0.00188356
0.00216931
0.00234655
-0.000144081
-0.00437179
-0.00162139
-0.000813785
0.000405139
-0.000801086
-0.000459837
0.00326615
-0.00200523
0.00197928
-0.000888776
3.17199e-05
-0.000122696
0.000437777
-0.000346801
-0.000232227
0.000280347
0.000158567
-0.000206687
-0.00341773
0.000651838
-4.21105e-05
0.002808
-0.000217156
1.6649e-05
-0.000203056
-0.000423844
0.000462357
0.000164543
6.40154e-05
8.83617e-05
3.72345e-05
-0.000189612
0.000575968
0.00031038
-0.000822332
0.000483213
-0.000307591
0.000514946
-0.000690569
0.0046389
0.00762644
-0.00780952
-0.00445582
-0.00138557
-0.00243205
0.00232109
0.00149653
-0.000417998
-0.000295881
-0.000272989
0.000986867
0.0117058
-0.00225981
-0.00676512
0.00136121
0.00697217
0.00190547
-0.0102388
0.00287107
0.00333849
0.00280124
-0.0254837
0.0244617
0.00102208
-0.00256914
-0.00046094
0.00224403
0.000786044
-0.000501529
-0.00263648
0.000568875
0.000250741
0.00111487
-0.00114899
-0.000216626
0.000149047
-0.00184046
0.0114491
-0.00975773
0.00186693
0.0100918
0.000134303
-0.0120931
-0.00306498
-0.00126913
0.00197299
0.00236112
-0.000348892
-2.23815e-05
-0.000143181
0.000514454
-0.00311873
0.00013522
-0.00187809
0.00486159
-0.000595293
0.000227898
-0.000340313
0.000707708
0.000471756
-0.000165924
-0.00034614
4.03087e-05
-0.00187349
0.00240731
-0.0109081
0.0103743
-0.0157473
0.0116531
0.00552216
-0.0014279
-0.0034386
-0.00644928
0.00201431
0.00787357
0.0120707
0.013229
-0.00757022
-0.0177295
0.0011458
-0.00332093
0.00211947
5.56623e-05
0.000525727
-0.00046694
-0.00029776
0.000238973
0.00221431
-9.15646e-05
-0.00258996
0.000502718
-0.000132778
0.000388768
-0.000758707
0.000460976
0.000169826
-0.000128085
-0.0046063
0.000365924
0.0071224
-0.00288203
-0.00566996
-0.00489362
0.0128792
-0.00231564
-0.00038263
-0.000203388
7.06394e-05
0.000515379
-1.1152e-05
8.94983e-05
-0.000627692
0.000143788
0.00051941
-3.55057e-05
0.000536965
-0.000317795
-4.93443e-05
-0.00222314
0.00467772
-0.00124519
-0.00120939
0.0262681
-0.00586266
-0.0115523
-0.00885312
0.00925842
-0.0103779
0.000505583
0.000613945
0.00346689
-0.00501343
0.0020884
-0.000541861
0.00109014
0.00206445
-0.00108108
-0.00207351
0.000994691
0.00524345
-0.0055116
-0.000726544
-0.0030416
-0.000217162
-0.00799617
0.0112549
-0.00162878
-0.00291196
0.00382426
0.000716479
-0.00364138
-0.00164513
0.00278208
0.00250443
0.000460137
-5.9072e-05
-8.29068e-05
-0.000318158
-0.00937906
-2.20046e-05
0.00923779
0.000163273
-0.000298974
0.00113854
0.00430738
-0.00514694
-0.00056279
0.008009
0.000264903
-0.00771112
0.0066936
0.000597915
-0.0078688
0.000577293
0.00220093
-0.000718386
0.00263235
0.00221738
-0.00438665
-0.00250079
0.00467006
0.00199917
0.000105853
-0.00276495
0.000659929
-0.000474438
0.00234785
0.000678235
-0.00255165
-0.000404839
0.00155201
0.00173732
-0.00288449
0.0157593
-0.00756339
-0.0061919
-0.00200401
-0.000406484
-0.000259242
0.000636562
2.91638e-05
0.00939227
-0.0095811
-0.00484698
0.00503581
0.0085397
0.00219795
-0.00868338
-0.00205427
-0.000918549
0.00174445
0.00077869
-0.0016046
0.0609833
-0.0327217
-0.0234953
-0.00476631
0.000150407
0.00234331
0.000648847
-0.00314256
-0.000960565
0.00123101
0.00298728
-0.0112492
0.0118092
0.000472249
-0.0010323
-0.0032225
-0.000280426
-0.000190192
0.00369312
0.00297928
-0.00191208
-0.000445016
-0.000622182
-0.000998136
0.000168628
0.000397949
3.89594e-05
-0.000436908
0.00811927
0.00037342
-0.00218547
0.00678517
0.00344581
-0.00579655
-0.00443442
0.00428053
0.00262298
-0.00397196
-0.00293154
-0.000794594
0.0027815
0.00148952
-0.0015824
-0.00196623
0.00205911
0.0057979
0.00145296
0.00148489
-0.000824804
-0.000282987
0.00408707
0.00118086
0.00111625
0.000260124
-0.00255724
-0.00060994
-0.000670125
0.00113579
0.00014427
-0.00392448
-0.00220404
0.00248713
0.00271384
-0.00109514
-0.00057661
-0.0010421
0.030186
-0.00634463
-0.00850439
-0.015337
-0.000463585
0.0013179
-0.000213047
-0.000641271
-0.0008013
0.000121482
5.73163e-06
0.000674086
-0.00761455
0.00698675
-0.00203225
0.00266005
-7.76625e-05
-0.000960865
2.62954e-05
0.00101223
-0.00319188
0.00162587
0.00216737
-0.000601354
0.00188131
-0.000566142
1.98285e-05
-0.001335
4.15633e-05
-0.00187591
-0.000718634
0.00255298
0.00417237
-0.00465819
0.00997793
-0.00949211
-0.000756097
-0.000271949
3.99925e-05
0.000988053
0.000791963
-0.00473815
-0.0015645
0.00551068
-0.00867898
0.0129671
-0.00982641
0.00129266
0.00226545
0.000525716
-0.00408383
-0.000886858
0.000579245
0.00049578
-0.000188167
0.0038044
-0.00412086
-0.00261352
0.00292997
0.0144972
0.000705464
-0.0155533
0.000535577
-0.000629932
-0.00185575
0.0019501
0.00352235
0.000181616
-0.00346285
-0.00024112
-0.0136885
0.00116475
0.0139831
-0.00145928
0.00328285
0.000463521
0.00625841
-0.0100048
0.024937
-0.026603
0.00166601
-0.00259878
0.00221718
0.00237871
-0.0019971
-0.00123158
-0.000822468
0.00135957
0.00069448
0.00254158
0.00758328
0.00685681
-0.00144248
-0.00201525
0.00421996
0.00612296
-0.00937295
-0.000969964
-0.00143836
-0.00289926
0.00295242
0.00138519
0.00277944
0.00132804
-0.00292662
0.000611277
0.00284898
-0.00463885
0.00117859
0.00382785
-0.00173964
-0.00383723
0.00174902
-0.00181925
0.00303326
-0.000744885
-0.000469122
0.00894092
-0.00792056
0.00278825
-0.00380861
0.00210757
-0.00975414
0.0100281
-0.0023815
-0.000117813
-0.00504471
0.00980142
-0.00953064
0.00900047
-0.00513978
0.00215984
-0.00241171
0.00158153
-0.00132967
-0.000467227
6.64394e-05
0.00101905
-0.000618259
-0.000688544
0.00670395
-0.00586635
0.00164777
0.00047212
0.00448345
0.00654447
-0.00275646
-0.00827146
0.01775
-0.00801778
-0.0209311
0.0111989
-0.020467
-0.0263818
0.00508557
0.000439103
0.000414161
-0.000804056
-4.92082e-05
0.000731536
-0.000365524
-0.000897916
0.000531904
0.00150073
-0.00484092
-0.00530476
0.00864496
-0.00562308
-0.00135739
0.002068
0.00491247
0.00464084
-0.000632302
-0.0076427
0.00363415
0.0106098
-0.0226713
0.0298116
0.00142868
-0.00336993
0.00323391
0.00176783
0.000345317
-0.0020043
-0.000108851
0.00115473
-0.000885801
-0.000686929
0.011078
-0.00203796
-0.00538921
0.00329048
-0.00112857
0.00311012
-0.00527202
-0.0064472
-0.00157665
0.00531044
0.0027134
0.000171629
0.00343353
0.000675368
0.0014329
-0.00298115
0.0015714
-2.31471e-05
0.0304322
-0.022604
-0.00290644
-0.0049217
0.000352999
0.00269923
-0.000419068
-0.00263317
-0.0358847
-0.00827053
-0.00252124
0.00443678
-0.00285766
0.000942116
0.00349333
-5.63127e-06
-0.00312257
-0.000365134
0.00123635
0.000102593
-0.00907671
0.00773777
-0.0152883
0.00859512
0.00430516
0.00238804
0.00174534
0.0018676
-0.0110322
0.0074193
-0.000733529
0.00190775
-0.00400547
0.00283124
-0.001921
0.0109273
-0.00261258
-0.00170387
0.00373816
0.000578293
0.00380791
-0.000399423
-0.00368203
0.00027354
0.000916784
0.00222706
-0.000697901
-0.000230855
0.00297828
0.00106049
0.00101956
-0.00309012
0.00885573
0.000299052
-0.000443157
-0.000339787
0.000483892
0.00628602
-0.000945823
-0.00506612
-0.000274078
-0.00144022
-0.00259601
0.00245563
0.00158059
0.00912053
-0.00973571
0.000517625
9.75556e-05
-0.000238464
0.000929842
-0.00232015
0.000482323
-0.000436456
0.000174535
-0.000220403
-3.0327e-05
-0.0011039
0.000247368
0.00133977
0.00152644
0.000912242
-0.00374787
0.00221451
0.00314733
-0.00161397
-0.000506343
-0.000145483
-0.000523717
0.00117388
0.0020648
-0.0036637
0.000425024
0.00159917
-0.0025871
-0.0010997
0.0113877
0.00312788
-0.0282848
0.0137692
-7.44648e-05
0.000271832
-0.000537524
0.000340157
-0.00149015
0.000449705
-0.0115663
0.000198754
0.000871245
-0.00201495
0.000944951
0.000283762
-0.000187727
0.000442869
-0.000538904
-0.0116251
0.00773449
0.00784767
-0.00395709
0.000336015
-0.000263418
-0.000539824
-0.000316476
0.00302424
-0.00194864
-0.000759123
-0.00398505
0.00439564
0.000379045
-0.000789632
-0.0106259
0.0115619
0.00320795
-0.004144
-0.000392678
-0.001617
-0.0036134
-0.010885
0.0153894
0.0125158
-0.0170202
0.0154324
0.000888575
-0.00901867
-0.00102787
-0.00964282
0.00936762
0.00130307
-0.000394725
-0.0123304
-0.00195268
-0.000141941
0.00381085
-0.00171623
-0.000645461
0.000810359
0.000633159
-0.000798056
-0.000541608
0.000715827
0.000136862
-0.000311081
-0.00384525
-0.00303817
0.00227713
0.00170518
-0.00406502
0.00297111
0.000790223
0.000451067
-0.000562053
0.00107453
-0.000316531
-0.000195943
-0.00129169
-0.00256203
-0.00357789
0.00226268
-0.00676157
0.00945332
-0.00495443
0.00924309
0.00208244
-0.00958019
-0.000272952
-0.000420614
0.000693566
0.00354903
-0.000168947
-0.00468931
0.00130922
-0.00465439
0.00203982
0.0118487
-0.0092341
-0.00766287
-0.00598753
0.0184987
-0.00484827
0.00393179
0.00206867
-0.00657308
0.000572619
-9.92159e-05
-0.00118584
0.00376133
-0.00247628
-0.0108698
0.000481081
-0.0143265
0.000232727
0.000405227
0.00238615
-0.00217401
0.00115032
-0.00136246
0.00104692
0.00519423
0.00546461
0.00433247
0.00173865
-0.00788946
0.00181834
-0.000780591
-0.00235397
0.004238
-0.00110343
-0.00380744
-0.00296931
0.00260023
0.00417653
0.0113511
0.00500497
-0.00218336
-0.0141727
-0.0022079
0.0043938
-0.00512934
0.00294343
0.00157756
0.000258018
-0.000507678
-0.0013279
-0.00184687
0.00260503
0.00172209
-0.00248025
0.00225684
-0.00239386
-0.000785453
0.000922472
0.000370854
0.000144526
0.000216156
-0.0024798
-0.000322304
-0.000389782
0.00553701
0.00181666
0.0020979
-0.00945157
-0.00168286
-0.00110138
0.00117376
0.00161048
-0.00229341
-0.000558839
0.00322933
-0.000377091
0.00634281
-0.000669286
-0.0018167
-0.00385683
-7.89826e-05
-0.000621222
0.000700205
0.000838694
-6.58035e-05
-0.000364373
-0.000408517
-0.00110372
0.000405876
-0.00187762
0.00257546
0.00112165
0.00014654
0.000873502
-0.00214169
0.000589778
-0.00361515
0.000135815
0.00159256
-0.000674397
-0.00033328
-0.000584888
0.000392457
0.000764439
-0.000672492
-0.000484405
0.00019563
-0.00221991
-0.0010407
0.00151313
0.00225297
-0.00150102
-0.00226508
-0.024638
0.000131105
0.00101598
-0.000980977
-0.000166108
0.00035128
0.00169741
0.000296409
-0.0023451
0.00584805
0.00117151
-0.0023739
-0.00464566
-0.00145299
0.000791201
0.000959264
-0.00029747
-0.0032832
-0.000518168
0.00423914
-0.000437766
-0.00187548
0.00381571
-0.00157165
-0.000368574
0.00163491
-0.000502773
-0.00107529
-5.68545e-05
0.0023589
-0.000356942
-0.00216654
0.00252926
-0.00204352
0.0016808
0.000447529
2.58428e-05
-0.000532688
5.93169e-05
-0.000447495
-0.000818665
0.000453699
0.00081246
-0.00241459
0.00638314
-0.00360262
-0.00180134
0.00162024
0.00244379
-0.00226269
-0.00260086
-0.00113974
0.00334792
-0.00176764
0.00218861
0.000732383
-0.00115336
0.00116682
-0.001954
0.00229802
-0.00151084
-0.00500267
0.00127712
-0.00474349
0.00846905
-0.00186798
-0.00223808
0.00181265
0.000801751
-0.00112165
0.00378817
-0.000493002
-0.00110137
0.000676424
0.000917946
0.000441603
-0.000586061
-0.000990945
0.0011354
0.00156406
0.000270377
0.000199628
-0.00203407
-2.97114e-05
0.00208661
-0.00253884
0.000481948
-0.00102961
0.000113015
0.00200674
0.00153676
-0.00107374
-0.000463018
0.00247974
-0.000784182
0.000185755
-0.000356052
0.000312093
-0.00056598
-9.73902e-06
-0.00151942
0.00114079
-0.000715947
0.000442995
-0.00580329
-0.0117095
0.00688694
0.00282702
0.00150443
-0.0032098
-0.0154466
-0.00168601
-0.00757787
0.00744456
0.000220459
-8.71412e-05
-0.0100149
0.00252671
0.00556414
0.00192407
0.00314553
0.000137389
-0.00292992
-8.52376e-05
0.00105504
0.00179355
0.00553027
-0.00647903
-0.000844792
0.0119384
-0.000338654
-0.00568602
-0.0059137
-0.00160691
0.00379259
-0.00237734
0.000191666
-0.00137496
-0.00103914
0.000247571
0.00114028
-0.00184444
0.000902912
0.00103014
-0.00453425
0.00109407
0.00241004
0.00385154
-0.0177392
6.93765e-05
0.0138183
-0.000103851
0.00113023
-0.000415395
0.000213755
0.000675455
-0.000622928
-0.000266282
-0.00053834
0.00200263
0.000487724
-0.00195201
0.000629741
0.000587106
0.000249934
-0.00146678
-0.00166156
-0.000202788
0.00207446
-0.000489661
-0.000979505
0.000577317
0.000891848
-0.00157252
0.000573898
0.00274545
-0.00174682
-0.000171407
-2.99262e-05
-0.000585988
0.000787321
-0.00511008
0.00865593
0.00406265
-0.00760851
-0.00457143
0.00617589
-0.000812491
0.013033
0.000128975
-0.00391885
0.00510718
0.00904092
0.00316303
0.00212869
-0.00749962
0.00341848
-0.00289561
-0.00130346
-0.000239768
0.000260837
0.000453211
-0.00047428
0.000599901
-0.000565068
0.000213502
-9.29891e-05
-3.58055e-05
0.00187966
-0.00268648
0.00214658
-0.000100771
-3.56225e-05
0.000136393
-0.00103235
0.00489582
3.37219e-05
0.000422839
-0.000456561
0.00133763
0.00189234
-0.00208417
0.000325853
0.000586952
-0.000782338
-0.000130467
-0.000313323
0.00134668
-0.00130445
0.000271089
-0.000348282
0.000790964
-0.000225713
-0.00021697
-0.00324344
0.00182245
-0.00171728
0.00313827
7.85975e-05
0.00149136
-0.000904815
-0.000665143
-0.00171644
-0.00240785
0.00386268
0.000261613
-0.000159098
0.00479632
-0.000165232
-0.004472
-0.000995381
-0.00272329
-0.00020581
-0.00189361
-0.000466504
9.08348e-05
0.00226928
-0.000355923
0.00011533
-0.000257881
0.000498474
0.000713624
-0.00015856
-0.00158468
-0.000610859
2.85044e-06
0.00314838
-0.00254037
-0.00495204
0.00297202
0.0111155
-0.00913551
-0.000677778
0.000513753
0.00172522
-0.00156119
-0.0012123
0.00467014
-0.001617
-0.00184083
-0.000954224
0.000455618
0.00105187
-0.000553267
-0.00205038
0.00313436
-0.000387721
-0.00069625
-0.00257568
0.00606905
-0.00860346
-0.00355814
-0.01317
-0.00154364
0.0182718
-0.0012839
-0.0209374
0.0191749
0.00304646
-0.00832038
-0.0125772
0.0187318
0.00341857
-0.000679482
-0.00140146
-0.000432931
-0.000205629
-0.000117537
0.00406999
-0.00172383
0.000922109
-0.00326826
-0.000529002
0.000411761
-0.000172204
0.000289444
0.00175798
-0.00156643
5.08162e-05
-0.000242367
0.00387465
0.00063945
0.0112452
0.0021941
0.00047156
0.00120885
-0.00563176
0.00701522
0.00415354
-0.00333739
0.00409491
0.00414566
-0.00490318
0.00462252
0.00136884
0.00175019
-0.00774155
0.00242573
-0.00674951
0.00737756
-0.00305377
0.00335613
-0.0126329
0.00364504
-0.000991564
0.00113185
0.00344234
-0.00358262
0.00432699
-0.00646504
0.00114649
-0.00024837
0.000810179
0.00358603
-0.00414784
0.000390439
-0.00402592
0.00338711
0.00417489
-0.00397131
0.000606593
-0.0040977
0.00210395
0.00262726
-0.000633499
0.000482179
-0.00248713
0.00239539
0.00104501
-0.000931992
-0.00417035
0.00405733
0.0244458
0.0190333
-0.0320914
0.000474844
-0.00281075
0.000100128
0.00223578
-0.00147134
-0.000920482
-0.000426444
0.00281826
-0.00248386
0.00244269
0.00111838
-0.00107721
0.00409235
0.000538387
-0.00415589
0.000244526
-0.0002474
-0.000592418
-5.85592e-05
0.000757415
-0.00045433
0.000450041
0.000338474
-0.000518513
-0.000270001
-0.000142624
0.000182862
0.000422477
-0.000462716
-0.00102258
0.000878533
-0.000103349
0.00148778
-0.000282128
0.00122821
-0.00243386
0.00262871
0.000721079
-0.00186201
0.00153415
-0.00493193
0.00390239
-0.000504613
0.00223394
-0.00156002
-0.00214525
0.00151261
-0.00267947
0.000884726
0.00791625
-0.00312844
-0.00476516
-2.26498e-05
0.00353156
0.00453155
-0.000146861
0.00398164
0.0020658
-0.00410481
-0.00194262
0.00649648
-0.00429009
0.00177525
-0.0020953
0.00546334
-0.000204218
3.62303e-05
3.00325e-05
0.000137955
-0.00231981
-0.00037955
0.00498413
-0.00303699
-0.00196979
-0.00106331
0.00538081
0.000666631
0.000971818
-0.00191154
0.00196986
-0.00193276
-0.0010644
-0.0015371
0.00200311
0.00082238
-0.00408539
0.0012599
-0.00137152
0.00120287
-0.00118671
0.00135536
-0.000695167
-0.00194222
-0.000718342
0.00335573
0.000521498
-0.000531237
0.00318977
-0.00723568
0.000306162
0.00914691
0.00575623
-0.00440534
-0.00858657
0.00241283
0.00168554
0.000479977
-0.00457835
0.00167528
-0.00367021
0.00112936
0.000865571
0.00263253
-0.00321792
0.00299822
0.00433384
0.00147366
0.00206101
0.0514731
-0.0485622
0.0152311
0.00387663
-0.0152561
-0.0451156
0.0471766
-0.0111386
0.00213178
0.0247911
-0.0157843
-0.0148676
-0.0270461
0.01549
-0.0154523
0.0080476
-0.00808532
0.00025039
0.000300451
-0.000906893
0.000727961
3.16605e-05
0.000169833
-0.000395169
0.000828932
-0.000603596
0.000684539
0.00162165
-0.00539318
0.000625141
0.00578614
0.000568514
-0.00061003
0.000164288
-0.000122773
-0.00477754
-0.00598872
0.00537308
0.00216232
0.000693017
0.000932687
-0.00378803
0.00315136
0.0121704
0.00426536
-0.0024455
0.00212878
-0.00394865
0.00498037
-0.0049514
-0.000188064
0.00238547
-0.000984389
0.000761245
0.000317426
-0.000514426
-0.000151892
0.00161047
-0.00087179
-0.000234028
-0.000504652
0.000477461
0.000201743
6.1608e-05
-0.000364347
0.00104453
-0.00130261
0.000622419
5.28394e-05
0.000906693
-0.000141411
-0.000818122
0.00600095
-0.00772714
-0.00722155
0.00894774
-0.00195711
0.00255913
-0.00162098
0.00101896
-0.00268485
0.00211479
-0.00265244
8.49556e-05
0.000312993
0.000876839
-0.00250087
-0.0152618
-0.00344105
0.000726487
-0.000680233
0.000112891
0.000630342
-6.3e-05
-0.0112579
-0.00195145
0.00831571
-0.000683239
0.00119962
-0.000325153
-0.000191229
-0.00370024
-0.0113492
0.00379154
0.000703331
-0.000619141
-0.000490674
0.00404985
0.012073
-0.0122482
0.0103268
-0.013951
0.0129494
-0.0106792
0.000867207
-0.00313745
-0.00044359
-3.60477e-05
0.000432801
4.68373e-05
0.000274867
-0.00348131
-0.00108597
0.00429242
0.00232263
-0.000448587
-0.000769456
-0.00320665
0.000494796
0.00251934
0.00246199
-0.00217022
-0.00281111
-0.00246674
0.00534829
-0.000362215
0.0104998
0.00364184
-0.00105438
-0.00175531
-0.000185323
0.0014662
0.0118036
-0.0056129
0.00229263
-0.00848337
-5.82304e-05
-0.00101945
0.0016289
-0.000551222
-0.049046
-0.00280733
0.0518534
0.00462126
-0.00108662
0.000695176
0.00343751
0.00048857
-0.00162677
0.00160027
-0.00257436
-0.000125662
-0.000856137
-0.000785837
0.000314079
6.6409e-05
0.000158179
-0.000538666
6.76389e-05
-0.00047227
0.00350484
-0.000148218
-0.00161217
-4.95473e-05
-0.00136452
0.00141406
7.05229e-05
-0.000948882
0.000267824
0.000610535
-0.00184244
-0.00275672
0.00287411
0.00172504
-0.0022504
0.000439191
-3.12257e-05
0.000415263
-0.0034564
0.00141436
0.00122712
0.00224339
-0.00168683
-0.00178369
0.00312
-0.00136264
-0.000530241
0.00264067
0.000883702
-0.00108512
0.00209312
-0.000376112
-0.000420063
-0.00129694
0.00139715
0.00135779
-0.000114265
0.0170697
-0.0227811
0.0164403
-0.0107289
0.006418
-0.0033119
-0.00481505
0.00170896
-0.000521653
0.00361157
0.00409023
-0.00718014
0.00341031
0.000194209
0.00432382
-0.00136215
-0.00316393
0.00103439
0.00349168
-0.0011154
0.000169285
-0.000572067
0.00151818
0.000618148
-0.00157366
-0.000159882
0.00182687
-0.00155297
0.000344245
0.00062648
-0.000716302
-0.000641194
0.000731016
-0.00105838
0.00249708
-0.00122528
-0.000638828
0.00203339
-0.00112195
-0.00116171
-0.0223338
0.0149998
-0.0235758
0.000833877
-0.00099376
0.000316752
-0.000156869
0.000613219
0.000217562
3.09711e-06
0.00162132
0.00189573
-0.00190658
-0.00108113
0.00321194
-0.00278564
0.000654839
-0.00116787
-0.00101404
0.00333276
-0.00115085
-0.000803883
-0.001092
0.000728017
-0.00183554
0.000185489
0.00411204
0.000292752
0.00230463
-0.0040415
0.00144412
0.00217353
0.000591477
-0.00102678
-0.00173823
1.40162e-05
0.000137154
0.0023892
-0.00254037
0.00120319
0.00387577
-0.00390508
-2.17814e-05
-0.00337943
0.000760566
0.00264065
0.00103369
-0.00149083
0.000603678
-0.000743465
0.00122437
0.000140599
0.00120937
-0.00305158
0.0042914
0.000824974
-0.00119441
-0.00343544
0.00205364
0.00257621
0.000958626
-0.00130611
-0.00211925
-0.00161207
-0.000409375
0.00137566
0.000645792
0.000753049
-0.000602492
-0.000870814
0.000720256
-0.00138227
-0.00091304
0.000504428
-0.000832747
0.00252925
0.00956706
0.00897658
-0.00812261
0.000201019
0.000289308
-0.000564792
-0.000466923
0.00112182
-0.000485062
0.000943688
-7.14625e-05
-0.000970393
9.81673e-05
0.000218114
-0.000136562
-0.000429834
0.000265061
0.000223568
3.70976e-05
-0.00112815
-0.00030654
0.00292523
-0.00149055
0.000228345
-1.8305e-05
-0.000565963
0.000346931
0.000155737
-0.000376063
-0.000126606
0.000818859
0.000710752
-0.0031186
0.00158899
0.00163836
-0.0012471
-0.000140525
0.000389086
0.0026048
0.00045203
-0.00344592
0.000360713
0.00208486
-0.00205649
-0.000190189
0.000572055
0.00180675
0.000577077
-0.000816121
0.000172668
6.63754e-05
0.00253434
-0.00294681
-0.00867168
-0.00483031
-0.00403338
0.00779124
0.00107245
0.00100094
-0.0027239
-0.00229387
0.00401683
-0.000802435
0.0102434
0.00424599
-0.00304578
0.00353094
-0.00473116
0.00312486
0.000434507
-0.00111731
-0.00244206
0.00757346
0.0113639
-0.0155812
0.00598972
0.00300013
-0.00799502
-0.000994838
7.37128e-05
-0.00279808
-0.0025873
0.00531166
-0.001267
0.00732314
-0.00881441
0.00275827
-0.00243122
0.00172815
-0.00134731
-0.000965154
-0.000658604
-0.00118869
0.00281245
1.06294e-05
-0.000560821
0.00232254
-0.00177235
-0.000420983
-0.00140089
0.00284799
0.0002214
0.00840366
-0.000977318
-0.00764774
-0.00478035
0.00863381
0.000318905
0.00671387
0.00328854
-0.0125777
0.00257526
-0.00574194
0.00939678
0.00145233
0.0035013
0.00660198
-0.00338941
-0.00189927
0.0124788
-0.0239494
0.0149971
-0.00343731
0.00735947
0.00598706
-0.000397101
-0.00516973
-0.00547903
0.00508425
0.00464076
0.0100849
-0.00737408
-0.00633245
0.00362167
-0.00356531
0.00246729
-0.0017614
0.00285941
0.00203641
-0.00290524
0.00119682
-0.00625214
0.00796056
-0.00163651
-0.00888328
-0.00305166
-0.00127512
-0.00176924
0.00609602
0.00675202
0.00172635
-0.00201356
-0.00646481
-0.00845557
-0.00182072
0.00532425
-0.000457809
0.00743123
-0.0101431
0.021144
-0.00314501
-0.0053771
0.00727799
-0.00017454
0.00148879
-0.000961759
-2.25998e-05
0.00290764
-0.00420343
-0.00408131
-0.00639915
0.000699739
0.0084804
-0.00278099
0.00637904
-0.00151712
-0.00195428
-0.00398555
-0.00590668
0.00533547
0.00455676
0.000548094
0.00136076
-0.00589441
0.00407374
-0.00387503
-0.00200024
0.00180153
0.0400654
0.0012047
0.00394477
0.000302223
-0.000173249
-0.00071176
-0.00874358
0.00354866
0.00122137
-0.00221379
-0.00301884
-0.00113084
0.0110244
-0.00455809
0.00738867
-0.00747673
-0.00702408
0.00711214
-0.00200801
0.0145706
-0.00517387
-0.000354679
-0.0031474
0.00472344
0.00052215
-0.00954058
0.00154169
-0.00106609
0.00573083
-0.00535328
0.00439785
-0.0076358
0.0130828
-0.00984483
-0.00501695
-0.00363716
0.013052
0.0048336
0.000205482
-5.8712e-05
-0.00433482
0.00415147
-0.0102853
0.00245566
0.00385202
0.00397766
-0.00119738
-0.00915737
0.0109125
-0.000557766
-0.00235274
-0.005869
0.00350252
0.00323339
-0.0008669
-0.0129336
0.0290091
-0.00766647
-0.00840903
0.00109746
-0.00121771
0.00211942
0.00880309
-0.0118263
-0.00991036
-0.00794258
-0.00583604
0.00404292
-0.00557412
-0.00600562
0.00542471
0.0113029
-0.00812084
-0.00860679
0.000322914
-0.00229881
0.00060093
6.2616e-05
0.00106544
-0.00037332
-0.000754732
-0.000761633
-3.74987e-05
-2.16894e-06
0.00100842
-0.000724489
-0.000716867
-0.000476777
-6.02085e-05
0.00234117
-0.00180418
0.00205526
-0.000580261
-0.00161808
0.000143082
-0.00354094
0.00771054
-0.000145762
-0.00627621
0.00351812
0.00821225
0.0255832
0.0106625
-0.0099776
-0.0157817
0.0200073
-0.00599119
0.0016904
0.00167043
-0.00118293
0.00130144
0.000915184
0.000141599
0.00102539
-0.000193076
0.00122735
-0.000311889
-0.00072721
-0.000188247
0.000809171
7.50325e-05
-0.000291971
0.00306986
-0.00800271
0.00197913
0.00636995
-0.00527922
-0.00263632
0.00193724
0.000372503
0.000326575
-0.00593691
-0.00867133
0.0300982
0.00326494
-0.00401628
-0.00770539
0.00845673
0.00311062
-0.00206797
0.000837011
0.00127956
0.0054227
-0.00328378
0.00421796
0.000104966
-0.00242362
-0.000834105
3.98069e-05
-0.00124472
-0.00372639
0.00254749
-0.00511324
0.00996865
5.77593e-05
-0.00252981
0.00182003
0.000652015
-0.000616193
0.00297503
-0.000574178
0.000727396
0.00168927
-0.00273008
0.00205209
-0.000425728
-0.00312613
0.000745661
0.00168457
0.000695901
-0.00248717
-0.00188041
-0.00356172
0.00792929
-0.0019719
0.00161198
-0.00276621
0.00234487
0.00465048
-0.0031675
-0.0270281
-0.00775844
-0.0137756
-0.00191893
-0.000443165
0.00172327
-0.00825574
0.00674351
-0.00690645
-0.00232423
0.00113207
0.00187561
-0.00474731
-0.00406841
0.00187101
0.00267737
-0.0104077
0.0178803
0.00298371
-0.00209716
0.00274105
-0.000637548
0.000368014
0.00213303
-0.00058669
0.000680715
0.0468104
0.00895881
0.00291382
0.000360093
-0.00410666
-0.000742182
-0.00286578
0.00641572
-0.0085936
0.00489394
0.00262703
0.000695578
-0.000132836
0.00178763
0.00190044
-0.00106104
-0.000733499
0.0023074
-0.00174231
0.000168408
0.00430706
0.0118633
-0.0155309
-0.00554762
-0.00261456
0.00932884
-0.00116666
0.00487407
-0.00178655
-0.00513853
-0.00505703
0.00236771
0.000795911
-0.00813008
-0.00650519
-0.0112844
0.00599684
0.0230396
-0.0148789
-0.00489579
0.00115666
-0.0201413
0.0045582
-0.00206576
0.00899827
0.00184152
0.00746833
0.000767982
-0.00036889
-0.00339635
0.00499646
0.00208996
-0.00369007
-0.00107347
-0.00169286
0.000520488
0.00224584
0.000805009
0.00187144
-0.00252604
-0.00182306
-0.00102394
0.000971519
-1.09744e-05
2.11645e-05
1.13002e-05
-2.14904e-05
0.00196355
0.00157953
-7.44333e-05
-0.00346865
0.00305242
0.00284392
-0.000350654
0.0018208
-0.00260689
0.00113675
-0.00615619
-0.00207885
0.0092546
0.0174887
-0.0161869
0.00220323
-0.00350508
-0.0197409
0.0169573
0.0100227
-0.00144683
-0.00259466
-0.00598119
-0.00126039
-0.00275507
0.00421109
-0.00232925
0.00239024
0.000625469
-0.000686461
0.00149495
0.00147788
-0.00215044
0.00205854
-0.000594989
-0.00145292
0.000869047
-0.00151069
1.58296e-05
0.000625812
0.00557577
-0.00669408
0.00325201
-0.00213369
0.000860333
-0.000302524
0.00113503
-0.00169284
0.000135366
0.00313656
-0.000293592
-0.000495115
0.0102018
-0.00702468
-0.00464591
0.00146874
-0.00030818
-0.000429651
0.000447182
0.000142805
-0.000160336
0.00132075
-0.00286601
-0.000641273
0.00218653
0.00112286
-0.0081824
0.011543
0.00387581
0.000586523
-0.000767113
-0.00210381
0.000763154
0.00134127
-6.11187e-07
0.00195368
-0.00103112
0.00295325
-0.00173896
0.00173086
-0.00055074
0.00246374
-0.000374173
-0.00291437
-0.00129229
-0.0055007
0.00136283
0.00543016
0.000137398
0.00274627
0.000236079
-0.000802543
0.002197
0.00099101
-0.00136055
-0.00156557
-0.000285578
0.00327157
-0.000158971
7.72313e-05
0.000631285
-0.00130829
0.000599778
-0.00168785
0.00146313
0.000712329
-0.00048761
0.00921513
-0.0116685
0.00185384
0.0108854
0.000284417
-0.000751383
0.00116287
5.7137e-05
0.000990428
-0.000590798
-0.00320645
0.0088974
0.0043327
-0.0100237
0.001446
-0.00210431
-0.000306842
0.010124
-0.00541013
0.00513372
-0.00984762
0.00572291
-0.0144681
-0.0115515
0.0202967
0.000180011
-0.00336435
0.00245084
0.00287318
-0.00218919
-0.00408034
0.00347932
-0.0104127
0.00772931
-0.00344679
0.00151946
0.00601968
-0.00546376
0.00500316
0.00105038
0.000671379
-0.000140707
-0.000243832
-0.00028684
0.000440611
0.00248463
0.00438179
0.0586765
-0.0035934
0.00506757
-0.027856
0.0337578
0.000830607
0.000614329
-0.00119455
0.00233991
0.002432
-3.04628e-05
-0.00293606
0.00646783
0.0303944
0.000707637
-0.0197679
0.00168869
0.00229747
-0.00133068
0.00014775
-0.00329553
0.00497096
-0.00194428
0.000268852
-0.00322398
-0.000517072
-8.33262e-05
-0.000279023
0.000772989
-0.00041064
0.000476729
-0.000361768
0.000112067
-0.000227028
0.000266237
-3.71024e-05
0.000380869
-0.000610003
0.000607254
0.00449339
-0.00405563
-0.000877291
-6.55172e-05
0.000776552
0.000166256
0.00106064
-0.000822539
-0.000908452
0.000670348
-0.000516708
0.000419854
-0.00353007
-0.00236463
0.00247697
0.00193016
0.00159726
-0.00137881
-0.000707912
0.000855964
0.00123076
-0.00361612
0.00414171
0.0006117
-0.00113728
5.99626e-05
5.05832e-05
-0.000493323
0.000202972
-0.000592531
0.00010549
0.000608523
-0.00849589
0.00138687
-0.00134655
-0.000664332
1.72814e-05
0.00302502
-0.0005289
0.000660376
-0.000135102
3.6252e-06
-0.000364111
5.87839e-05
0.000676181
-1.19347e-05
-0.000690409
-0.000164335
0.000861303
0.00387263
-0.00608393
0.00119737
0.00101393
0.000219597
0.00209917
0.000826754
0.00108108
-0.000598924
-0.00157573
0.00109358
0.000154519
-0.00158765
-0.00994005
0.00193579
0.00530724
-0.000692503
0.000120767
0.00108549
-0.00137007
-0.000400623
0.00129391
8.48012e-05
0.000985449
-0.00134288
-0.00178939
0.00214682
-0.00153745
-0.0126906
0.0334863
-0.00103294
0.00333603
-0.00243375
0.000130661
0.00422646
0.00833024
-0.00793417
0.0345991
-0.0131179
-0.0108186
0.00214811
-0.000874739
0.000374405
0.00844968
-0.00147652
0.00180346
0.00106948
-0.0184597
0.00625666
-0.00120172
-0.00612104
-0.000272626
0.00104039
-0.000134615
-0.000633147
0.0143482
-0.0198242
-0.00680703
-0.00584458
0.0262678
-0.0116624
-0.00876078
0.0025804
-0.000228485
0.00055078
0.00885868
0.000792388
-0.00195902
0.00673274
-0.00675898
0.00198526
0.00081053
-0.00949071
-0.00358352
0.0095161
-0.000519219
0.00169862
0.000274322
-0.00145372
0.0082809
-0.00254348
-0.000659302
8.47443e-05
0.000990694
-0.000749585
-0.00908309
0.000579594
0.0151675
-0.006664
-0.0190152
-8.77797e-05
-0.00419934
-0.0070626
0.0236398
-0.0123779
-0.000410931
0.013387
0.00029866
-0.0132747
-0.0152413
-0.00475819
0.0116792
-0.00103304
-0.00351938
0.00997713
0.00443772
0.00827208
-0.00844926
-0.00426054
-0.000426293
-0.000370359
0.00222531
-0.00142866
0.0013427
0.00192048
-0.00244432
-0.00283664
0.000542965
-0.00227776
0.000237936
-0.000331116
-0.000623122
-0.00166893
-0.00390787
0.0057134
0.000692077
0.00159593
-0.00663196
0.0294819
-0.000192576
-0.0020477
0.00050132
-0.000597603
-0.000371818
0.000909903
5.95185e-05
0.000630953
0.00482339
-0.00172351
-0.00373083
-0.000754868
-0.000189675
-0.00100158
0.00194612
-0.000245771
0.00112055
-0.0011339
0.00292435
-0.00164254
0.000178412
-0.00146023
-0.00128913
-0.00128125
0.000716717
0.00185367
0.00406399
0.00232042
-0.00153296
-0.00485145
0.00253931
0.00726063
-0.0127764
0.00297646
-0.00288929
0.0012145
-0.0127105
-0.00554408
0.00757541
-0.0218623
-2.63642e-05
0.0011811
-0.000141942
-0.000832608
0.000803144
-0.0159623
-0.00430413
-0.0108052
-0.00198227
0.00068108
0.000934883
0.000254228
-0.00187019
-0.00192809
-0.000583775
0.000692613
-0.00629104
0.0186768
-0.00833243
-0.00405333
-0.0106971
0.0128986
-0.000865613
0.00084551
0.00204949
0.0099218
0.000934778
0.000734721
-0.0012304
0.00289217
-0.00528879
-0.0137071
-0.00114035
-2.63157e-05
0.00466
0.000102554
6.8621e-05
0.000388922
-0.000560097
-0.000111987
-0.000262443
0.000688509
-0.000913438
-0.000458082
0.00719199
0.00467894
-0.00552812
0.00093917
0.000326044
-0.000635473
-0.00043362
0.000142286
-0.000132946
0.00042428
-0.00168575
0.000746916
-0.00516492
0.00362275
0.00154217
0.00193458
-0.0024851
-0.00354718
-0.0023114
0.00545067
-1.80014e-05
-0.00312127
0.00103941
-0.00182783
0.000788419
0.000577026
-0.00391473
0.00113367
0.00623442
-0.00315792
0.00277155
-0.000477724
0.000504629
0.000438804
0.00128405
-0.00826651
0.00448436
0.00249811
-7.96428e-05
4.07228e-05
-0.00114963
0.0034616
0.00114138
0.00323742
-0.000918956
2.14412e-05
0.000120598
-0.000739871
0.000182818
-0.0115505
0.00928173
0.00641222
-0.00414345
0.00146277
-0.000187851
-0.00734406
0.00343319
0.00519492
0.00230364
-0.00296412
-0.00282405
0.000192265
0.00112109
-0.000632489
5.17094e-05
9.61502e-06
0.000571164
-0.000745001
0.000117279
0.000606378
2.13439e-05
-0.000325837
-0.000716669
0.000410017
-0.000589646
0.00163088
-0.00150815
0.00382809
-0.00493585
0.000800929
0.0020595
0.00125189
0.0141453
-0.0117903
-0.00395023
0.00159522
-0.00457877
0.00756472
0.0111593
0.00444774
0.010208
-0.00596882
-0.00868696
-0.00391769
-0.00342484
0.0064953
-0.00685103
0.00139893
-0.00104319
0.0134381
-0.00474313
-0.00619557
-0.000708494
0.0118709
-0.00496685
0.000288918
0.0011538
-0.000317844
0.0129863
0.00542972
-0.00323311
0.00411006
-0.00205722
0.0194549
-0.0055706
-0.00508119
0.00633791
0.00729637
-0.000196213
-0.000556533
-0.0181706
-0.000385523
-0.000644507
0.00103003
-0.0174089
-0.00367525
0.00103644
-0.0227664
-0.00308958
0.0248196
-0.00105842
0.000110373
7.07553e-05
0.000638366
-0.00168096
0.000597694
0.000644609
-0.00160665
0.00178076
-0.00112377
0.000294776
-0.0171206
-0.00723208
-0.00305658
0.00216523
0.000701159
0.00128272
0.00118414
-0.0006861
0.000575672
-0.000619479
-0.000206711
0.000690306
0.000135885
-0.0103041
-0.00403282
0.0041318
0.0102051
0.0123108
-0.0154871
0.0018924
0.000291781
-0.00128603
-0.000577045
-3.05375e-05
-0.00175231
-0.00747088
0.00534567
-0.000167053
0.00518426
-0.00291326
-0.00120864
0.00112941
-0.0015443
-0.00129233
-0.0011777
0.00232432
2.02e-05
0.00105217
-0.000620966
-0.000256667
-0.00782547
0.00506727
0.00392267
-0.00116447
-0.000353139
0.00344237
-0.000164884
-0.000921902
0.000810342
0.00101825
0.00408806
0.00428493
-0.00550191
0.00212821
0.00116026
-0.00196196
-0.0013265
0.00335711
-0.00476681
0.000233096
-0.00358288
-3.50233e-05
0.00338481
0.000633103
-0.0027035
-0.000491077
0.000693347
0.00332008
-0.000931598
0.000612746
0.00017691
0.000649765
-0.00101055
-0.00057081
-0.000103334
-0.0020989
0.00470458
0.00150438
0.00155861
-0.000385408
-0.00487987
0.00370666
0.000893004
0.00307856
-0.00125352
-0.00271804
0.000227364
-0.000465736
0.000459974
-0.000221603
0.000379281
0.000444422
-0.000517463
-0.00030624
0.0017976
-0.00175492
0.00246844
-0.000577131
0.00194247
0.00184171
-0.00191346
-0.00187072
0.000238822
0.000521214
-0.000146817
0.000694852
-0.00185255
-0.00293149
0.00408919
0.000518992
0.000400744
0.000202081
-0.0137818
-0.0216701
0.000565497
0.00218138
-0.000217619
-0.00865534
0.00548492
0.00187263
0.0012978
0.00410159
-0.000518285
0.000143381
-0.00589333
0.0117626
-0.00538944
0.00168622
0.0024585
-0.00711715
0.000343617
-0.00363973
0.00905233
7.0429e-05
-0.000246829
0.00102228
-0.000845881
-0.000324909
0.00248008
0.000735541
0.000297101
0.000166979
0.000177326
-7.21684e-05
-0.000821104
0.00116116
4.84941e-05
-6.30292e-05
-0.00114662
0.000127857
0.00139311
0.0028426
0.00456131
0.0014317
-0.000134657
-0.00585836
0.00127041
-0.00164482
-0.00292113
-0.00203248
0.00297669
0.000488689
-0.00817707
0.00536505
-0.00305699
0.00642238
0.00401974
-0.0204963
0.0100542
0.000859379
0.00113559
0.000133243
-1.31329e-05
0.000286369
0.00065606
-0.000929296
-0.00352344
0.00200396
0.00166007
0.00184269
0.00303264
-0.00558709
0.00325841
0.00237086
-9.37967e-05
0.000345077
0.00102045
-0.00127173
-0.000736316
0.000603325
-0.000246435
0.000379427
-0.000724187
0.00036056
-0.000389948
0.000753575
-0.00138609
0.00243362
0.00106833
0.00229269
-0.000615994
0.000199241
-0.000557538
0.00162356
-0.00792399
0.00107439
-0.00250014
-0.00303676
0.00280262
0.000405761
0.00010916
0.00220509
-0.00515388
-0.000149885
0.0120782
-0.00381747
0.000395196
0.00320717
-0.0045581
-0.00647454
0.000360758
-1.2295e-05
-0.000530228
0.000566916
-0.000565691
-0.000831469
0.00127013
0.00366294
-0.000154648
0.000524914
-0.00392882
0.00355855
0.00231223
-0.00212849
1.59294e-05
-0.00337249
0.00195025
0.00696212
-0.000262584
0.000446298
0.000393948
-0.000577662
5.3412e-05
0.000610916
0.000831591
-0.00123737
-0.000205141
-0.000654182
0.00244258
0.000230847
-0.00160112
-0.000970997
-0.000801964
-0.000557914
0.000891753
0.000468125
-0.000390558
0.000237752
-0.000186206
-0.000631362
0.000817568
-0.00235061
-1.75664e-06
0.00127123
-0.00459367
0.00833495
-0.00664339
0.00290211
0.00381396
0.00171225
-0.00145622
0.00178162
-0.00230998
0.000508279
0.000861391
0.00094031
0.00122421
0.000512631
-0.00285849
0.000305541
-0.000757858
-7.42371e-05
0.000526554
-0.000433649
0.00124874
-0.000912871
9.77827e-05
0.00474137
-0.00368837
-0.0164452
0.0153922
0.000393311
-0.00333088
0.00278292
-0.0117385
0.00566552
-0.00591023
-0.011533
0.000466315
0.000664371
-0.00463716
-0.0072764
-0.0064616
0.0049416
-0.000791394
-0.0173598
-0.00200855
-0.00045578
-0.00257895
-0.00694118
0.0108874
-0.00136725
-0.0363647
-0.045403
-0.00136536
0.0075325
-0.00222237
-0.00217873
-0.0277583
0.00710098
-0.00845106
0.00500663
0.000325412
-0.00639445
0.0149068
0.00754768
-0.0106453
0.00574544
0.000869212
0.0182524
-0.00909949
-0.0133522
0.00301152
-0.00200786
-0.00133234
0.00032868
-0.00460218
0.00815512
0.00257002
-0.000574696
-0.000264552
5.69996e-05
0.000782248
0.000427813
-0.000657888
-0.000411119
0.000881595
-0.000624755
0.000354076
0.000189478
0.000589901
-0.00219251
0.00141313
-0.000369681
-0.000616385
0.000690185
-0.000696952
0.000652987
0.000310201
-0.00121927
-0.000242181
0.00017232
-0.000333255
-0.0016062
0.0028693
0.00813868
-0.00133576
-0.00107545
0.00176272
6.38072e-05
-0.000751077
-0.000416373
0.00593714
-0.00372722
0.00269859
-0.00209516
0.00110175
0.000149087
-0.000252633
0.000112164
-8.61857e-06
0.000168193
0.0004415
-0.000337861
-0.00565623
-0.00260724
0.00482487
-0.00708863
0.0152351
-0.0104436
0.00196525
-0.00149923
0.00131547
0.000641838
0.0141574
-0.00665142
0.00551864
-0.00274273
0.00278652
-0.00476698
0.00311254
0.0157959
-0.00588049
0.00195888
0.00338702
-0.00290863
-0.00243727
-0.00201346
0.00358438
-0.00171913
-0.00062673
0.0007543
-0.000166782
3.92113e-05
0.039343
-0.0238108
0.000808385
-0.00445391
-0.000285076
-0.000239342
-0.00139451
0.00141079
-0.0013412
-0.00088926
0.000819675
-0.000939995
-0.00865561
0.000104886
0.00948838
-0.0024815
0.000765051
9.10308e-05
0.00185776
0.000746863
-0.0024338
0.00404943
-0.0023625
-0.00105324
-0.000179427
-0.00343895
0.00467162
-0.00246085
-0.000159678
0.000784984
-0.000585328
0.00316794
-0.00117125
0.000843297
0.000234161
-0.00240206
-0.000856575
0.00189649
0.0106933
-0.0142407
0.00291308
0.000634296
-0.00478558
0.00191582
0.0035451
0.00179987
-0.0030351
0.00116209
-0.00521797
-0.00720085
0.0112567
-0.0034123
-0.00183595
0.000958157
-0.000481674
-0.000537397
0.00124697
-0.00579953
0.00104851
0.00611223
0.011795
-0.00297169
-0.000518587
0.00153196
0.00502367
0.00334941
-0.00620376
-0.000420953
0.000409083
0.000358801
-0.0286324
0.00475497
0.0359482
0.00559074
-0.0157184
0.01655
0.00502769
-0.00322193
0.00174355
-0.00187138
-0.00385723
-0.00905056
0.0120695
-0.00387693
-0.00257454
0.000692838
0.000439588
-0.000761676
0.0026654
0.000152989
0.000735203
-0.000438151
-0.00105546
0.00220867
0.00025758
0.000630867
-0.000704183
-0.00022798
-0.00020564
-0.000201212
-0.000281775
0.000635976
3.99913e-05
-0.000208192
-0.00120187
-0.000969565
0.00274676
-0.00209368
-0.000478619
8.26902e-05
0.000384351
-0.000219694
0.000156837
-0.000321494
-0.000512031
0.000610617
0.000572793
4.39182e-05
-3.57071e-05
-8.21115e-06
-7.74416e-05
-0.000750182
0.000569743
0.000174143
-0.00208405
-0.00165898
0.00356889
0.00242409
-0.00231121
-0.000266599
0.000153712
0.000183807
0.000537856
0.000807362
0.000678521
-0.000477458
0.00112439
-0.00447177
0.00568251
-0.000603484
-0.0013572
0.000947032
-0.00121427
0.000706686
-0.00169526
0.000949866
-0.00216656
-0.00172828
0.000128592
4.46213e-05
-4.3579e-05
-1.04235e-06
-0.000430883
-5.44153e-05
-0.000330823
-0.000604108
0.00162696
-0.000890898
0.00215401
-0.00272891
0.0014658
0.00295783
0.00333346
-0.00544179
-0.000849504
0.00141676
-0.0154815
0.00550179
0.00856292
-0.000223837
-0.000757992
-0.00140739
0.000488268
-0.000679828
0.000426767
0.000215959
0.000868441
0.000578069
-0.00107051
-9.85708e-05
0.000591009
-9.87548e-05
0.000377693
-0.000674107
0.000649679
0.000215759
0.00648189
-0.00483573
0.00540143
0.00321712
-0.00700091
-0.00315066
0.00971865
-0.000719012
0.00986485
-0.00107651
0.0118863
-0.000940351
0.00016396
0.001541
-0.000764613
-0.00056908
0.0002267
0.000243625
-0.0203463
0.0103936
-0.0137078
-8.82046e-05
0.000943721
4.38326e-05
-0.000899349
-0.000777727
0.000512558
0.000690962
-0.00257495
-0.00960427
0.0048074
0.000446575
-0.0080399
0.00180782
0.000722129
0.00172158
0.000695464
0.000802629
0.000996894
0.000172409
0.0017026
-0.00249232
0.00168363
0.000289469
0.000136572
0.000538983
0.000105428
-0.000780983
0.00335807
-0.000898296
-0.000821693
-0.00163808
-0.000756618
2.35245e-06
0.001248
-0.000493731
4.82408e-05
0.000612569
0.0125477
0.00510297
-0.0106639
-5.23755e-05
4.14011e-05
-0.00158197
0.0111011
0.0042657
-0.0157616
-0.00445482
0.00497411
-0.00678871
-0.00374561
0.0111987
-0.0106724
0.00523058
-0.00260781
-0.0049093
-0.0154668
0.0138176
0.00900988
0.00215935
-0.000690299
-0.00104842
-0.000420631
0.000828899
-0.00106199
0.000197388
3.57002e-05
0.0013224
-0.000236517
-0.000824208
-0.00030785
-0.000112327
-0.000247314
0.000527833
0.000443932
1.41279e-05
-1.84641e-05
-0.000683017
-7.62459e-05
-0.00324994
0.00685255
-0.00489429
0.000436497
0.00100081
0.00122627
-0.00266358
0.00180856
0.00150146
-0.00371486
-0.00100373
0.00282536
0.00758342
-0.00295929
-0.00246862
-0.00215551
-0.00269478
-0.000665118
-0.00710539
0.0104653
4.02563e-05
0.00075564
-0.00040899
-0.000386907
0.0036209
-0.0022108
0.00174098
-0.00315108
0.00114016
-0.00299125
-0.00188731
0.0011241
-0.000177141
0.000745116
0.000877026
-0.00210278
0.000480636
-0.00484825
-0.00229611
0.00181219
0.00235953
0.0191367
0.0011125
0.000683995
-0.00120939
-0.00326551
-0.000829346
0.00164936
-0.000999825
-0.00954834
0.00712082
0.00342735
-0.000239376
0.00110732
-0.00120267
0.00033472
0.0346499
-0.00193883
-0.000981223
-0.000498729
0.00140041
7.95377e-05
-2.50231e-05
0.000404385
6.78198e-05
0.000163677
0.000333708
-0.000324717
-0.00015167
0.00015159
-2.2302e-05
0.00714146
-0.00233341
-0.000501379
-0.00210132
0.000928366
0.00167433
0.00869217
-0.00322008
-0.00506101
0.00137575
-0.00114505
0.00284745
-0.00415786
-0.00210698
0.00341739
0.00181194
0.00220401
6.6336e-05
-0.000770728
-0.0011583
0.000677959
0.000462137
1.8206e-05
0.00023161
0.000360062
-0.000525336
0.00332229
-0.00298004
0.000678027
-0.00120134
0.0010497
0.0010615
-0.00179282
-0.00210838
0.000230983
0.000334868
0.0010533
-0.000105456
0.000995897
0.000110768
-0.000771797
-0.000500316
0.00263761
0.000945382
-0.00308267
0.000373001
-0.000388617
-0.00166395
0.00167957
0.015484
-0.00634738
-0.00313572
-0.00178038
0.00116884
-0.00201224
-0.00187453
0.00205718
0.0018296
0.00832711
-0.00258707
-0.00252818
-0.000797694
-0.00307578
0.00241749
0.00145598
0.00736264
9.38279e-05
-0.0060696
5.32324e-05
-4.25697e-05
-1.06627e-05
0.0010614
-0.00289844
0.00183704
0.000760688
0.000962022
0.00024035
-0.000624303
9.24331e-05
0.000116676
0.00026762
-0.0017536
0.00210578
0.000219882
-0.000745292
0.00060996
0.000271256
-0.000135924
-0.00590456
0.00842781
-0.00359976
0.000683355
-0.000163142
-0.000792162
0.000234388
0.00219312
-0.000936152
-0.00130659
0.000180569
-0.000180691
0.00190748
-0.00190736
0.000628354
-0.000281568
-0.000334922
0.000142314
-0.000511594
5.03462e-05
0.000196327
0.000264921
-0.00925297
0.00554949
0.000484358
0.00377534
-0.00328293
0.00489287
-0.00957481
-0.0109364
0.00896069
-0.000796532
0.000313444
-0.0010114
-0.00281989
0.0051017
-0.00373644
0.0095467
0.00235044
-0.0081607
-0.0112094
-1.6468e-05
0.00748944
0.00976196
0.00403106
-0.00424632
-0.00237567
0.0125842
0.0127084
-0.00848198
-0.00159826
0.00130146
-0.000136843
-4.52039e-05
0.0012604
-0.00281346
-0.000786206
-0.000550219
0.00198993
-0.000653504
0.00444054
0.00249387
-0.000314656
-0.000602612
0.0013202
-0.0015743
0.00106378
-9.20954e-05
0.000550677
-0.00251927
0.00114605
-0.0014793
-0.00156578
0.00306528
0.00269261
-0.000614239
0.000543655
-0.00189251
0.00131416
4.00021e-05
0.00348381
-0.00323365
-0.00301054
0.0048755
-0.0012189
-0.000646059
0.000279779
0.00328634
0.00304098
0.0021122
-0.00272118
0.00311364
-0.000127132
0.000250919
0.00413047
-0.000929645
-0.00145368
-0.00890519
0.00353283
0.0118992
-0.00652683
0.000443723
-0.000155172
0.00122764
0.0018906
-0.00100323
5.09046e-05
0.00296133
0.000542004
-0.00321381
0.00250728
-0.000835518
0.00121066
0.000690611
0.00177277
0.00126994
-0.00200916
0.00104002
-0.0003008
-0.000125419
-0.00301058
-0.00038281
0.000373175
-0.000195994
0.0101087
-0.00541422
0.00466554
-0.00936006
0.014858
-0.00948914
0.00473985
-0.00168833
0.00265202
-0.00986889
0.000674053
0.00939578
0.000836051
-0.00595243
0.000366055
0.000518503
-0.00753052
-0.0198185
0.00230918
-0.00285098
-0.000937502
-0.000307795
0.00161302
-0.00210777
0.000615116
0.00097019
-0.000305391
-0.00172026
-0.000752754
0.000552256
0.00117069
0.000816361
0.00322398
-0.0017602
-0.00228014
-0.00074545
0.000306708
0.000575313
0.000894804
-0.000922211
-0.000879895
-0.00070673
-0.00337949
0.00496612
4.19014e-05
0.000183083
0.000871556
0.000153668
0.000743363
-0.00176859
-0.0132603
-0.0197451
0.0120637
0.000246946
0.00205878
-0.00175502
-0.000550706
-0.0012472
-0.000268673
0.00176282
0.00159719
-0.000774293
-0.00204217
-0.000931263
0.00191009
0.000719616
-0.00057092
-0.000440109
0.00157349
-0.0028884
-0.00116634
0.00288219
0.000207944
-0.0019238
0.000878718
0.00420781
-0.000928469
-0.000256088
0.000537361
-0.000447444
0.000166171
-0.000588748
-0.00259908
-0.000871988
-0.000461697
-0.00245636
0.00127552
0.00153883
-0.00309555
0.000915447
-0.00124093
-0.00157733
0.00639216
0.00134365
-0.00343085
0.00330317
0.00461051
0.00108609
-0.00155253
3.22014e-05
0.00181758
-0.00304082
0.000328051
-2.12452e-05
0.00302017
-0.00155085
-0.0018903
0.00216489
-0.00419564
0.00101438
0.00101637
-0.000423887
-0.000138791
0.000562678
0.000653265
-0.000705658
5.23935e-05
-0.0014963
0.00068812
0.000209251
0.000315487
-0.00010879
-0.000841666
0.00213917
-0.00118871
-0.00157853
0.000753389
-0.00129177
0.00156935
0.00148574
0.00156124
-0.00160267
0.000238156
0.00109414
-0.00372662
0.00134238
0.00129011
-0.00207688
-0.00375983
0.00354076
0.00229594
-0.000601651
0.000250211
-7.2166e-05
0.000423606
0.0112654
0.0057392
0.00167216
-0.00169583
0.00535638
-0.000787366
0.00625428
-0.00434369
0.00104724
-0.00291201
0.00157468
0.000426077
0.000911257
0.00146684
-0.000139762
0.000906857
0.00277411
0.00134169
0.000385153
-0.000629213
0.000114124
-0.00212993
-0.000442656
0.00245847
-0.000474911
-0.00299782
0.00106487
0.00140656
0.00229918
-0.00497095
0.00126521
-0.000128085
2.73142e-05
0.000194331
0.000373344
-0.00109657
-0.00149439
0.000999321
-6.28485e-05
0.000386791
-0.0006555
0.000551343
0.00868351
-0.00597012
0.00625644
-0.00536388
-0.0213265
0.0224912
-0.00418398
0.00585
0.00663363
-0.00829965
-0.00231213
0.0042256
0.00151972
1.42073e-05
-0.00518909
0.00755845
-0.00497448
0.00130802
-0.00389198
0.00483455
0.00987854
-0.00198178
0.00504886
-0.00526604
0.00219896
0.0100576
0.000555061
-0.00773974
-0.00287291
-0.00280344
0.00119069
0.00625359
-0.00802726
0.0034698
-0.0236891
-0.0001217
-0.0014506
-0.0152135
-0.0112373
0.00460664
0.0018725
-0.000628783
0.000317797
0.000310986
-0.0079859
-0.00280962
0.0018509
-0.01263
-0.000368797
-5.04907e-06
-0.0370703
0.0483805
0.00544194
-0.00567452
0.007816
-0.000538364
-0.00120965
0.00124167
0.00108475
0.00102705
-0.00032716
0.00104376
-0.00025995
-0.000456645
-0.000805029
3.64149e-05
-4.13733e-05
0.000437759
0.00011845
0.00041977
-0.000566729
0.00081033
-0.000391959
0.000148359
-0.000124443
0.000400462
2.30326e-05
0.00573967
0.00363032
-0.00869594
-0.00124159
-8.95383e-05
0.000261147
0.00106998
-0.000694382
0.000960438
0.00247973
-0.00155912
-0.00106256
-0.000776541
0.000805266
-0.000449339
0.000914394
0.00278261
-0.000583366
0.000531513
-4.35795e-05
0.00138121
-0.000294074
-0.000500184
-0.00126207
0.00630211
0.00687442
0.00212026
0.00539337
-0.0033183
-0.00419534
0.00683324
-0.000420864
0.000184222
0.00285707
-0.000826976
0.000132799
-0.000567719
0.000699981
0.00112015
0.000970846
-0.00105159
0.00312467
-0.00133555
4.93557e-06
0.000132018
-0.000229942
0.00144297
7.28321e-05
-0.00181535
-0.00445462
0.000465759
0.00580421
8.64549e-05
-0.000598486
0.00650482
-0.00744062
-0.000879558
0.00477091
-0.00300662
0.00123012
-0.00299441
-0.00699018
0.00955893
0.00210827
-0.00765407
0.00032584
0.000664011
-0.001536
-0.00173992
0.00116975
6.98623e-05
-0.00133859
0.000931818
-0.000227804
0.000932419
6.55138e-05
-0.00153844
0.00147292
0.00314181
-0.000563012
0.00576119
-0.000750013
0.0010804
-0.00609158
0.000792923
-0.000446546
-1.40855e-05
0.000339925
-0.000311245
0.00045705
-0.00906485
-0.00155789
0.00416175
0.00646099
0.000203879
-0.00505542
0.0141465
-0.0126084
-0.0186588
-0.0002998
-0.00619235
0.00733766
0.00423437
0.0058396
-0.00521841
0.00206123
-0.000702535
-0.004924
-0.00318725
-0.00855276
0.00118555
-0.00339403
0.00383434
-0.00035517
0.00235549
0.00417523
0.00416835
0.00265538
0.0091824
-0.0027243
-0.00911348
0.00836095
0.00274733
-0.00627373
-0.00230216
-0.00521816
0.000214216
0.00256729
0.00350452
-0.00613244
0.000539965
0.000283663
-0.000823629
0.0100203
-0.00702541
0.000944262
-0.00393918
-0.000684453
-0.00449653
0.00751281
-0.000393307
-0.0100328
-0.000398368
0.00133421
-0.00178431
-0.000256464
0.000706565
-0.0034992
0.00103525
-0.00120801
0.000647963
-0.000142771
-0.000372393
-0.000356527
0.000877213
-0.00107257
0.000551886
-0.00300581
0.00289533
0.00151704
5.22921e-05
-0.000291599
-0.000362344
0.000195784
-0.00256942
-0.0050801
-0.00448304
0.00492599
0.000273785
0.00891032
-0.00775582
-0.00467387
0.000822149
-0.00094703
0.00159216
-0.00430891
-0.000252558
9.254e-05
0.000245979
0.00181394
-0.00144532
0.000364991
-0.000431303
0.000930367
-0.000864055
0.0138701
0.00426283
-0.0571982
0.00314478
-0.0010145
-0.0041845
0.00205422
-0.000962363
0.00540065
0.000385099
0.00203704
-0.00221146
0.000739915
-0.00912452
0.00781745
0.000375076
0.000751646
0.0011659
-0.00299623
-0.00061774
0.000942991
-0.00063714
0.00249567
0.00111337
-0.000809953
0.000623323
0.0108358
0.000181589
0.00157938
-0.00785866
-0.00893418
-0.000478295
-0.00269226
0.00126695
0.000774
0.000651315
0.00593304
0.00184599
0.00571789
-0.0009662
-0.00190424
-0.00542545
0.00152596
0.0028107
-0.00232188
-0.00349937
0.00102765
-0.000928157
-0.000424642
-0.00115978
-0.000270466
-0.0101274
0.00118889
-0.00123382
0.000390012
0.00386539
0.0035668
0.00364362
-0.00174619
0.00403561
0.00245765
-0.000951911
0.00193663
-0.001552
0.00319507
-0.00444651
0.000627637
-0.00112801
-0.000866964
-0.00100833
0.00669921
-0.0123252
-0.0384168
0.000689235
0.00286744
-0.0168225
0.00281497
-0.00173983
0.00451417
-0.0211072
-0.00618811
0.000785467
9.77191e-06
-0.00210204
0.0013068
-0.00280113
0.0017995
-0.000574015
0.00157565
-0.00263271
0.0131376
-0.00214398
0.00800852
-0.00263329
-0.00134217
0.000663072
-0.00106083
-0.0028974
0.00694344
-0.00417185
0.0107744
-0.0123521
0.00894691
-0.00736916
0.00828008
-0.00717995
0.00324896
0.00802122
-0.00339611
0.0191124
0.0305514
-0.0060716
6.22553e-05
-0.00516843
-0.0123027
-0.00586814
0.00770599
-0.00820513
0.00636728
-0.00299397
0.00519047
-0.00100581
-0.000381176
0.00437584
-0.00683455
-0.000909417
-0.00372463
-0.00497019
0.0257057
4.27209e-05
0.000326561
0.00432429
0.0133042
0.0018028
0.00226228
-4.56206e-05
-0.00888701
0.00112312
0.000982625
0.00220846
-0.00212969
-0.00576582
0.010485
-0.0103859
0.00182788
0.0199091
-0.000310264
0.0211112
0.000565979
-0.00190092
0.00329674
-0.00293975
-0.000219608
0.00641612
0.00874954
-0.0231834
-0.0128444
0.00968568
1.99276e-06
0.0220807
-0.00206931
0.0049256
0.00445205
-0.0108451
0.00114323
-0.00139021
-0.0020069
0.00209767
-0.000133527
-0.00069935
0.00182877
0.00836678
0.00105327
0.00302049
-0.000386659
0.00326079
-0.000739133
-0.00213499
-0.00587117
-0.000198021
0.000688544
-0.00156597
-0.00891764
-0.00175187
0.0147194
8.10791e-05
-0.0215267
-0.000114174
0.0215598
0.00868475
0.0045566
0.000621805
0.00296028
0.0127387
-0.010014
0.0102017
0.000832689
-8.75722e-05
-0.0100983
-0.00157541
-1.87539e-05
0.0165767
0.000283878
0.00292276
0.0148441
-0.0130255
-0.00638002
0.00317488
-0.00550436
0.0087095
0.0281828
-0.0281017
-0.00207628
-0.00132312
0.00473263
-0.00133323
0.000315762
0.0042372
-0.00274441
-0.000718928
0.000143294
0.000545307
0.00678831
0.000928854
-0.00761458
0.000852272
-0.00670001
-0.00193961
-6.70709e-05
-0.00410954
0.00611622
0.00282614
5.17252e-06
0.0028313
-0.00532911
-0.00122857
-0.00105064
0.00114715
-0.00046687
-0.000588503
-0.00197381
0.00929755
0.0018946
-0.0022996
-0.00889254
-0.00320436
0.00591195
7.89254e-05
-0.00227754
0.00157794
0.00519399
0.00155041
-0.0127533
-0.00504852
-0.0108306
-0.00174115
0.00124607
0.00913451
-0.000581367
-0.00767911
0.00277498
0.0132992
0.00269499
-0.000532976
-0.000588527
-0.00110575
0.00213123
8.30109e-05
0.00786216
-0.00292506
0.019396
-0.0243331
-0.000451723
0.00419908
7.19732e-05
0.0178802
0.00631613
-0.0156893
0.00918796
-0.00837761
0.003376
-0.005804
-0.00388286
0.0041279
0.000662325
-0.00413838
-0.0132819
-0.00276235
0.00451339
-0.0164328
0.00554351
0.00637587
-0.000703547
0.00357022
0.00604365
-0.00247604
-0.00671096
0.0100638
-0.00087684
-0.00118767
-0.00106589
0.00259505
0.000971836
-0.002501
-0.000506508
-0.000245837
0.000309188
-0.000239087
-0.000283356
5.43713e-05
-0.000258457
0.00066752
-0.00055007
-0.000117451
0.00142243
-0.00322256
0.000364264
0.000287257
-0.000706829
5.53069e-05
-0.000325333
0.000565815
-0.000243357
0.00165793
0.00429757
-0.00066204
-0.00170095
-0.00452206
0.000463643
0.00331205
0.000746366
0.000917303
-0.0026093
0.000116271
0.00191578
-0.00519852
-0.00185127
0.00513401
-0.00529483
-0.00154813
0.00818035
-0.00160019
0.00158108
-0.00269208
0.00109772
-8.85007e-05
-0.0126561
0.0136919
-0.000563487
-0.0221237
-0.00638147
0.0136996
-0.00114709
-0.00606977
0.0037856
0.00438699
-0.00868349
0.00520505
-0.00160167
0.00244141
-0.00490831
-0.000120401
-0.0153667
0.0178261
-0.00142297
-0.00298057
0.00359197
0.00512827
0.00261831
-0.00498547
0.00173486
-0.000520008
0.000170403
0.00459063
-0.000750957
-0.00330128
0.00323993
0.0011432
-0.00623017
0.00188904
-0.00279408
0.00124382
4.70592e-05
-0.000962829
-0.000489808
0.000179971
0.000993193
-0.00267866
0.00648912
-0.000184315
-0.00137526
0.000934385
0.000102306
0.000584097
-0.000137969
-0.000548434
0.0013805
0.000521224
-0.00188496
0.000312169
6.16726e-05
0.000249225
-0.000642013
-0.00238874
-0.000638713
0.00186112
0.00141547
-0.00598664
0.0033754
-0.0218622
0.00547056
0.01432
0.00207172
0.0115007
0.00239881
0.00194748
-0.00204836
-8.56601e-05
0.00069717
-7.43446e-05
-0.000537166
-0.000597639
0.00130626
-0.000842147
-7.66646e-05
-0.000340987
0.000560456
-0.000611952
0.0002482
0.000817557
0.00131209
-4.61155e-05
-0.000791744
-0.00160296
0.000741006
0.00083382
0.00220937
-0.00486259
-0.00029507
0.00109622
0.000594067
0.00117819
0.0015605
0.000207197
-0.00036193
0.000546948
8.20445e-05
-0.000569676
0.00092842
-0.00033607
-0.000666641
-0.000626573
0.00035218
-3.88602e-05
-0.000199689
-0.000330531
0.00421267
-0.00171384
-0.000319807
0.000993719
-0.000946539
0.00117416
-0.00389539
0.000146874
0.00169313
-0.0037235
0.00343347
-0.0219555
-0.000810932
-0.0014905
0.00142431
-0.00121984
0.0039811
-0.00211333
0.00079758
-0.00437643
-0.00553418
-0.00350126
-0.0114859
0.00021448
0.000429308
-0.000643788
0.00340604
-5.76837e-05
-0.0024293
-0.000919058
-8.33203e-05
0.000225615
0.000359233
0.000717663
-0.000497651
0.000225232
0.000442289
-0.000118192
-0.000869479
0.00286667
-0.0124459
0.000636341
0.00250797
-0.00221775
-0.000667302
-0.00701193
0.0107308
-0.0113854
-0.00204753
0.00556872
0.00901652
-0.0125377
-0.000556993
0.000106851
1.32333e-05
0.000708964
0.000137952
-0.000820224
-2.66927e-05
-0.00231282
0.00128661
0.00190323
0.000230568
0.00155808
-0.000476559
0.000562269
0.00112795
-0.000994626
-0.00069559
0.00130615
0.00163787
0.00127395
0.00364056
-0.00434689
0.00431808
0.0030093
-0.00298048
-0.000232857
-0.000355762
0.000219821
-0.000352258
0.000698699
-0.00061943
-0.000694036
4.54988e-05
0.000654269
0.00372212
-0.000845739
0.000128426
-0.000174958
0.00427484
0.00721229
-0.000462717
-0.00100112
0.0020552
-0.00114118
8.71027e-05
-0.00088102
-0.0104418
-0.0097508
-0.000416034
0.00169185
-0.000968056
-0.000307756
-0.000343376
0.00107596
-0.00546374
-0.000500771
-0.00035788
0.000168551
0.0006901
0.00246588
-0.000168226
-0.000808867
0.00274885
-0.00244491
0.00122251
0.000384351
1.18946e-05
-0.00035983
0.000396153
1.78375e-05
9.6553e-05
-0.000510544
0.000864827
-0.00037136
-0.000251375
0.000642341
-0.000362685
0.000820984
0.000122154
-0.000646037
0.000614952
-0.000710202
-0.000163992
-0.00210847
0.000779141
-0.000364991
-0.000635353
0.00037377
0.000597183
0.000851279
-0.000296099
-0.00104499
0.000707715
0.000631509
-0.000353178
5.12833e-05
0.000560292
2.97943e-05
0.00115688
0.000189324
0.0133335
0.000236096
0.000755809
0.000254948
-0.000282795
-0.000620081
0.000145494
-0.00150257
0.00948789
-0.0121686
0.00124168
0.015671
-0.0206011
-0.00187797
-0.00256513
-0.00558967
0.00793663
-0.00163828
0.00274257
0.000198422
-0.00396782
0.00273245
0.00314112
-0.00538822
-0.000375487
0.00189226
-0.000347025
-0.00325216
0.00240763
0.00153754
-0.00109682
-0.000458522
0.00148834
0.00183054
-0.0007025
-0.00261638
-4.00575e-05
-0.000207189
-9.25405e-05
0.00685133
-0.000988212
-0.000456757
0.000472861
-0.00057524
0.000559136
-0.0010147
-6.39866e-05
0.00105929
1.94024e-05
-0.00810343
-0.000220647
0.000906185
0.000785859
-0.000861438
0.00565057
-0.00988146
0.00136467
0.0120413
-0.00992663
-0.000177843
-0.000235088
0.000654217
-0.000241286
-0.000797001
0.00184746
0.000368253
-0.000698414
-0.0079511
0.0182995
0.00129472
-0.00168217
-0.000229367
-0.000323223
-0.000517917
0.000603271
-0.0007948
0.000716285
0.00184123
0.00292272
-0.000408556
0.00587523
0.00171994
-0.00109365
-0.000530385
-0.00830796
-0.00756689
0.00788696
0.00507326
0.0113332
-0.00821111
-0.00819535
-0.00114154
-0.00223975
-0.00128782
-0.00207967
0.00222581
-0.0216061
0.00421491
0.00695066
0.00117874
-0.000715103
-0.000543001
0.00297831
0.00133143
-0.00376674
0.00214478
0.000750047
-0.00369252
0.00303302
0.000439412
-0.00220231
-0.00119162
0.000815968
0.00375335
-0.00281586
-0.00811744
-0.000173377
-0.000180934
-0.00147719
0.000282901
-0.00125864
0.00159725
0.000330151
-0.0016445
-0.00233627
0.000932366
-0.00079206
-0.00115133
0.000557295
0.00249089
0.000234628
-0.00287327
0.00494239
0.00908981
0.00501264
0.000645804
-0.000360804
0.00011104
-0.00039604
-0.00380112
0.00414223
-1.11677e-05
0.000452452
-0.00214233
-0.00304593
0.000793712
0.00439454
-0.00222174
0.0013167
-0.0012373
2.72607e-05
-0.000520994
-0.00104786
-0.00237999
0.00111488
0.00231298
0.00131113
-0.000834277
0.00154289
-0.00259586
-0.00129764
-0.00050379
-0.000194005
0.000478101
-0.00215117
-0.00153523
0.000646391
0.00215878
-0.00019323
-0.000263621
0.00385484
-0.00118292
-0.00135522
0.00385089
-0.000958411
-0.0012034
0.0027294
-0.00914893
0.00930638
-0.00165872
0.000631757
0.000705362
0.00018719
-0.000891595
0.00152921
2.63998e-05
-0.000778922
0.00107705
0.000605815
-0.00222199
-0.00161534
0.0015993
0.00223803
-9.31184e-05
-0.000783629
0.000374941
1.62988e-05
-6.30583e-05
-2.54502e-05
0.000446461
-0.00174945
0.00034987
-0.00143825
-0.000981152
3.96403e-06
0.00177671
-0.00115364
-0.00267357
-5.98266e-06
-0.00251
0.0040865
-0.0017871
0.000329208
0.00605621
0.0106405
0.00362811
0.00134604
-0.00110151
0.00148487
0.000879855
-0.00203198
2.18426e-05
4.71628e-06
0.00042278
-9.2306e-05
0.00189079
-0.000289854
-0.002173
0.000176372
0.00140509
0.00269467
-0.00220898
-0.000235922
0.00241884
-0.00276317
-0.000978862
-1.51281e-05
-0.000177264
-0.000301461
-0.00116517
-0.000630891
0.000415131
-0.000763103
-0.00232798
0.00175399
0.00147594
-6.72716e-05
-0.00193438
0.000525715
0.00126612
-0.00495733
0.00122118
0.000899509
-0.000696934
0.00033141
-0.000898723
-0.000556857
0.00021278
-0.000194828
0.000703775
-0.00140829
-0.00579583
0.00108929
-0.00187062
-2.85233e-06
-0.000504778
-0.00033762
0.000517064
-0.000170439
-0.00032172
-0.000529586
0.000607473
0.00295448
0.000446747
-0.000277024
0.000606306
-0.000493618
-0.00131871
0.00106445
-0.000340729
0.000709802
7.44226e-05
0.000653557
-0.000698803
-0.000737092
-2.84928e-05
0.000185723
5.63476e-05
-0.00054866
0.00372447
-0.00343939
-0.000951065
-0.000765028
0.00060313
0.000870862
-0.00883914
-0.00931595
-0.00358281
-0.000486848
-0.000575828
-0.000907612
-0.000606794
-0.000301897
0.000896756
-0.000491806
-0.00194488
-0.00203447
0.00253568
0.00251896
0.000379971
-0.00156915
0.000860285
0.00032889
-0.000993829
0.00211651
-0.00200258
0.0145846
-0.0100874
0.00716001
0.00299358
0.000681964
0.000426686
-0.000661192
-0.000447458
0.00135857
-0.00103796
0.000614279
-0.000487473
-0.000351288
-0.000105496
0.000470507
-0.000692171
0.00820088
0.0160509
-0.00267938
-0.00124635
0.00605608
-0.00236238
0.00199138
0.00575548
-0.00538448
0.00172322
-6.77898e-05
-0.00220127
0.00219963
0.000346954
0.000816691
-0.00348746
-0.00178405
-0.000615388
-0.00639008
0.00154122
-0.000539575
0.00146085
-0.000553264
0.00116681
-0.00060867
-0.00224909
-0.00254331
0.00342976
-0.000168938
0.00055421
-0.000461937
-0.00104585
0.000373016
8.03012e-05
1.04599e-05
0.00194789
-0.00702204
0.00182927
0.00502382
-0.0031376
0.00439315
0.00121174
-0.00379577
0.00159721
-0.00351295
0.000656332
-0.00183269
0.00577426
-0.00221003
-0.00707718
-0.00377434
0.00252656
-0.00469137
0.00529512
0.00122552
0.000816478
-0.0004932
0.000319093
0.000741907
0.00357724
-0.00105182
0.00105759
-0.000452597
-0.000122724
-0.000737016
0.000420679
-0.000114966
7.628e-05
0.000352058
0.000260014
0.000252853
2.44944e-05
-0.00132194
7.83212e-05
0.000121262
-0.000650848
-0.000191068
-0.000136865
-0.00325736
-0.00326765
0.00331835
-0.00124425
0.000620404
-0.000347425
0.000971271
-0.0037548
9.80223e-05
0.000345172
-0.000608412
0.00035578
-0.00382119
-0.000882058
0.000149974
0.000732085
-0.000626867
0.000223731
-0.00125144
0.00105734
-0.000518495
0.00215895
-0.00327627
0.00198192
0.000583222
0.00243132
0.000930366
-0.00239598
0.000235421
-0.000866783
0.00418103
-0.000118255
0.0225455
-0.00874076
0.00515061
-0.000830296
0.000739879
-0.00214555
0.00168547
0.00604212
0.00249469
-0.000645936
0.000228358
0.000417578
-0.00257728
0.00123747
0.000708916
-0.00135462
-0.00011803
0.000420829
0.000347045
0.000749745
0.0016645
0.000548373
-0.000579958
0.00022735
0.00174411
-0.000490914
-0.000847322
-0.00186565
0.00320388
-0.00387431
0.00300956
-0.00101565
0.000342717
-0.000934507
0.00203225
0.00100982
0.00332261
-0.0028014
0.00194253
0.0011583
-0.00065028
0.00115692
-0.00344675
-0.00411543
-0.00870265
0.00727329
0.00384803
0.00555572
0.00141802
0.00126046
-0.0122805
0.0023174
0.000588185
0.00405599
-0.00231746
0.0029371
-0.00363292
0.00301328
0.00247432
0.000609155
0.00296886
-0.000780225
0.000285681
0.000195545
-0.00544905
0.00108316
-0.000348889
6.57858e-05
-0.000463106
-0.00237498
-0.00556793
0.00470433
0.00377846
-0.00226143
0.000357065
-0.0018741
-0.00323899
5.79334e-05
-0.00525606
-0.000242762
-0.000955922
0.00567352
0.000109687
0.000739627
-0.000242935
-0.0209704
-0.00578188
7.6362e-05
-0.00350572
-0.00512617
-0.00051704
-0.00136431
0.00912704
-0.000268515
-0.016389
0.000194586
-0.00180877
-0.00280229
0.00089161
-0.00402157
-0.0124319
0.0415279
-0.0285959
0.0427326
0.00309846
-0.00415197
0.00242235
-0.000498522
0.000567833
0.00314263
0.00222009
0.0135908
0.00101741
-0.00800874
0.0203445
0.0100498
-0.0053274
0.00215256
0.00620747
-0.00106043
-0.0010222
0.000464427
0.00113769
-0.00338903
-0.000724403
-0.000902254
0.000180514
0.00076276
0.000778868
-0.000423124
0.00279577
-0.00156864
0.00191463
-0.000345987
0.000155771
0.000623097
0.000459844
-0.000503424
6.73244e-05
0.000335465
0.000352851
0.000951653
0.00041584
3.67206e-05
-0.00492515
-4.16753e-05
0.000242908
0.00166247
-0.00170587
7.04258e-05
0.00189862
-0.0009982
-0.000696846
-0.00048473
0.00033761
0.00014712
-0.00179417
0.00208261
0.000153667
-0.000227802
-0.000431639
-0.00251218
0.00202334
-0.000968943
0.000932195
0.00293652
-0.00173749
-0.00238754
0.00116901
0.0023121
0.000125145
0.00227249
0.000478958
-0.000908738
0.000840543
-0.00179463
-0.000614556
0.00219223
-0.00176396
-0.000488475
-0.000659668
0.00230618
0.00113441
0.00132202
-0.00595774
0.00887008
0.000614439
-0.0022729
-0.0028869
-0.00532108
0.00552931
-0.00383499
0.00186957
-0.00187181
-0.000429402
-0.0086485
0.00585596
-0.00157501
4.9113e-05
0.0156207
-0.0168501
0.00118026
0.00451428
-0.000391977
-0.00218929
-0.0004372
-0.000264736
0.000643376
0.00169652
-0.00591353
0.00189955
0.0152125
0.000349807
-0.00160835
-0.00197505
-0.00311693
-0.00131383
0.00175903
-0.00356393
0.000385702
-0.000321481
0.000261788
-0.000326009
0.000290183
0.00250922
-0.000811709
0.00318032
-0.00320867
-0.000890606
-0.00247153
0.00283376
0.000139644
0.00158926
-0.00189862
0.00636942
-0.0151004
-0.0186315
0.0273624
0.00109234
0.000386527
0.00135663
-0.00392968
0.0119729
0.00140159
0.00241058
0.00139609
-0.0118635
0.00484168
0.00210069
0.000373398
-0.00731577
-0.0146485
-0.00242984
0.00324643
-0.0242877
0.0210669
0.0273695
0.00417799
-0.00193935
-0.000932433
0.00114715
-0.000559681
0.000880232
0.000508348
0.000970155
-0.000704556
-0.000318771
5.3171e-05
0.0100124
-0.0105406
0.0047715
0.0012799
2.5424e-05
0.00020909
0.00578847
0.000674007
-0.000534725
0.00023147
-6.17348e-05
-0.00198915
0.0021749
-0.012012
-0.0036429
-0.019891
0.00843141
0.00476648
-0.00601684
0.000291952
-0.00347815
0.0132219
-0.00383511
0.000970331
-0.00209255
-0.005794
0.0106498
-0.0103257
0.000326871
-0.000650951
0.00140633
0.00155024
0.000671115
0.00107795
-0.00815108
-0.00361142
-0.00217678
-0.00228948
1.67318e-05
-0.000397095
-0.00212955
-0.000126567
0.00282532
0.000253673
0.000331838
0.000255954
0.000548548
4.05622e-05
-0.000908917
0.000675884
-0.00021689
0.000372369
0.000581502
-0.00400313
-0.000194303
0.00554967
-0.00135224
1.78126e-05
0.00216097
0.00211363
0.00405522
0.00542231
-0.00180931
0.000803653
0.00410411
-0.00425122
-0.00904228
0.00599531
0.000517999
8.49574e-05
0.000306947
0.000339645
-0.000277709
0.00213183
-0.00185412
5.66679e-05
-0.000645779
0.00189535
-0.00211785
-0.000264239
0.00212119
-0.00144995
0.00151547
-0.000978996
0.00286971
0.00246923
-0.00374874
-0.00292836
-0.00108768
0.00310689
-0.00251013
0.000723521
-0.00143555
0.00187577
-0.00162589
0.000123122
-0.00170598
-0.000532694
0.00300542
0.00165597
0.000455217
0.000573406
-0.00169526
-0.00106263
0.00230462
-4.32046e-07
-0.00124156
0.00102977
-0.00147327
0.000898712
0.0021361
0.000217227
0.000534824
0.00197553
-0.00280542
-0.00400929
-0.00256376
0.000973898
-0.000741125
-0.00118295
0.00119761
0.000599669
0.00320609
-0.000259227
-0.00252581
-0.000421058
-0.00193806
0.00347032
-0.00184986
0.000574642
0.000332115
-0.0062786
0.00561272
-0.0188012
-0.010739
-0.000286225
3.9566e-05
0.000556339
0.000331732
-0.000760763
-0.000899835
-0.00440572
0.00590922
-0.000124631
0.0010532
-0.00073426
-0.000194313
0.00108603
-0.000626783
0.000384045
0.000277439
0.000307824
-0.0173934
-0.00340178
-0.000715455
-0.00102571
-0.00304242
0.00145572
0.000204531
0.00138217
0.000377822
-0.00528738
-0.00121253
-0.00198976
0.000888518
0.00231376
0.00105008
-0.00201267
-0.00181397
0.00282342
3.61197e-05
-0.0024666
0.000508481
-0.00197467
-0.00463488
-0.00554991
-0.00670607
0.0168909
0.000829277
0.00930834
0.00882441
-0.0074949
0.00514673
-0.00479773
-0.00517437
-0.00131228
0.0143219
-0.00145302
-0.00228296
-0.00645383
0.0140148
0.0149169
0.000611221
0.00158825
-0.00179741
0.00133326
0.00289906
-0.00497755
0.00635332
0.0101302
0.00491798
0.000741827
-0.00358809
-0.0013441
0.0106994
-0.00681079
-0.00334711
-0.00181549
-0.00239537
0.00246479
0.0127704
-0.00166891
-0.000158973
-0.00526447
-0.0147191
0.0139969
-0.00271368
0.00206174
-0.00454709
-0.00244626
0.011273
-0.00585646
-0.0100514
-0.00307656
-0.00288398
0.000986056
0.00631405
-0.00994048
0.00758224
-0.00404695
-0.0040827
0.00420291
0.00409855
0.00306222
0.00619329
-0.00172301
-0.00309121
0.00122037
0.00173585
-0.000505535
0.0175687
0.000425592
0.00316953
0.0026815
0.000493272
0.00217429
-0.00094887
-0.00289177
0.00564826
-0.00297713
-0.000469479
0.000432459
0.00130242
-0.0012654
0.00577403
-0.000638926
-0.00109363
0.012142
0.00888116
-0.0070524
0.01065
-0.00161093
0.000481072
0.000833759
0.00776628
-0.00492135
-0.00150697
4.02009e-05
0.00267594
-0.00120917
-0.00171731
-0.00113055
0.000787102
0.000209664
0.00288954
-0.00206763
-0.000373065
-0.000796591
0.00124374
-0.000447146
-0.00462819
0.00643335
-0.000858727
-0.000793774
0.00146283
0.000208121
-8.87271e-05
0.00034058
7.2539e-05
-0.000414404
-0.0013794
-0.00236227
0.000769986
-0.000570053
0.00298593
0.00296029
-0.000913479
0.000489016
-0.000145252
-0.00388252
-0.00188576
-0.000177373
-0.000534611
-0.000194909
-0.00016443
-0.000441551
8.67709e-05
-0.000796335
-0.000109327
-0.000127482
-0.00438028
1.33729e-05
-0.000558658
0.000784502
-0.000239217
0.0019458
-0.000162344
-0.00356307
0.00177961
-0.00137387
-0.00476649
0.00732592
-0.0104323
0.0016403
-0.011327
0.00956504
0.00311785
0.0106155
-0.000282543
0.0269492
0.00931003
0.0106736
0.0094003
-0.00186732
-0.00219551
-0.001149
-0.00177158
-0.000847377
0.000617578
-0.000356262
0.00269325
-0.00094831
-0.00149737
-0.0107512
-0.000428579
0.000309951
-0.0215993
-0.00313887
-0.00181494
-0.00578523
-0.00291283
0.00785232
0.00405019
-0.000456285
0.0213007
-0.0164321
0.000867018
-0.00564363
0.00510418
0.00036841
4.66368e-05
-0.000733566
-0.00117262
-0.000384466
-0.000547458
-9.39037e-06
0.000713689
-0.000628921
0.000504568
-0.000859218
-0.00188224
0.0013203
0.00301294
0.00488308
-4.66861e-05
-0.000855298
0.000537319
-0.00117762
8.06242e-05
0.0108336
0.00336833
0.00338284
-0.000551722
-0.000665739
0.00084664
-0.00320516
0.00318108
2.15761e-06
-0.000850469
0.00119762
-0.000622673
0.000694603
-0.0106832
-0.0105164
-0.00264938
0.00923884
-0.0015072
-0.000220602
-0.000613402
-0.013253
-0.00119499
-0.0020404
0.00030822
-0.00314769
0.00217971
-0.00569668
-0.0157875
-0.00573762
-0.00240361
4.48845e-05
2.21008e-05
-0.00111207
-0.00102911
0.000953251
-0.00069987
0.000398926
-0.000451423
0.000639748
0.0212587
-0.00582929
-0.0131888
0.00618352
-0.00196423
0.0114752
0.00314197
-0.00179467
-0.000524029
0.00344568
-0.00151723
-0.0012326
0.00514501
0.0100397
-0.0136379
-0.00715055
8.9453e-05
0.000661683
-0.00145905
0.0032815
-0.000734578
-0.00368728
0.00161848
-0.00192305
0.00130967
0.000902305
0.000676399
0.000736103
-0.000875183
0.000699655
-0.00169524
-0.000141745
0.00058474
-0.0010895
-0.000506842
0.000450053
-0.0155025
-0.000742819
0.000735226
5.24783e-05
0.00373226
0.00948117
0.000282798
-0.0083413
0.00104418
9.60846e-05
6.42342e-05
7.86854e-05
5.66614e-05
0.000627414
0.00101871
-0.000502725
-0.000508697
0.000330743
0.00162791
-0.00068004
0.000454234
-0.000539223
0.000662911
-0.0012535
0.000579717
-0.000351359
-0.00355022
0.00103243
-7.80629e-05
0.00561399
-0.00347575
0.00189039
-0.00402862
-0.00141129
0.00588064
-0.000186974
-0.000437166
0.000269109
-0.000134348
0.000202859
0.000741819
-0.00454138
0.00406704
-7.04539e-05
-0.000298136
0.00213981
0.000203119
0.000519692
-0.00526419
0.000334156
0.00413084
-0.00011536
-0.000394578
0.000230737
0.00549227
-0.0111681
-0.0017195
0.000429394
-0.00201854
0.003621
0.00353132
0.0020152
-0.00267643
0.00577183
0.00610549
-1.4175e-05
-0.00343443
0.000439389
-0.000533718
-0.00070197
-0.000337434
-0.00333702
-0.0033094
0.00388679
0.00129363
0.00473203
0.000752402
0.00258145
0.000738288
-0.00490426
-0.00667543
0.00291511
-0.00498043
-0.00132692
0.000743902
-0.00230105
0.00305408
-6.04127e-05
0.00133355
0.00559445
-0.00293066
-0.00399733
-0.000289432
0.00519142
-0.00427685
1.49183e-05
-0.00271651
-0.00143971
-0.000249836
0.00293284
-0.00124329
0.000787514
0.00216117
-0.00193553
-0.00191368
-0.0013348
-0.00248901
0.00397649
0.000732916
-0.00106302
-0.000505434
0.00281646
-0.00197123
-0.000354245
0.000961158
0.00261096
-0.00309097
0.00205469
0.000279169
0.000390226
-0.000912641
0.00117058
-0.00106088
3.00684e-05
0.000118326
0.000915298
-0.000195955
0.00038699
0.000587882
-0.00618812
-0.00476552
-0.000105063
0.00937759
-0.00379281
0.00871142
-0.00649598
-0.00222343
0.00508176
0.00282214
0.000715054
0.00282502
0.000301142
0.00386194
-0.00423497
-0.00211598
0.00095116
0.0037778
-0.0111177
-0.00197382
-0.00149283
-0.00479963
-0.00449921
-0.00669295
0.00155929
0.0115091
-0.00357791
0.0140731
-0.0029485
0.00511423
0.0041964
-0.00710366
0.0100433
-0.00384687
0.00507906
0.00119756
-0.00048623
-0.000352094
-0.00033413
0.000113402
0.000209141
-0.00098043
-0.000490941
-0.000717884
5.00768e-05
-0.000457227
0.00112503
-0.00181465
0.00171188
0.000945849
0.000905515
-0.000438254
0.000788617
0.00023739
-0.000491081
-0.000406302
0.000139854
0.000684679
0.00255337
-2.77542e-05
0.00049467
0.00232596
0.000816846
-0.000932088
-0.00104108
-0.00427474
0.00473727
-0.00098693
-0.00113884
-0.00113695
-0.00164679
-0.000200618
-0.00182142
-0.00190692
-0.00086793
-0.00189491
-0.00360807
0.00227127
0.00360225
-0.00161823
0.00183642
-0.00248427
0.00226608
-0.00384186
0.00185929
0.00267116
-0.000525032
0.00246398
-0.00364051
0.00879125
0.000593717
0.000281139
0.000682042
0.00888063
-0.00282782
-0.00131919
-0.00117078
0.000480268
-0.00793371
0.00853384
0.00312468
-0.000384587
0.000543273
0.00206662
-0.000465059
-0.00114032
-0.00228127
0.00388666
0.000502403
0.00471844
-3.18356e-05
-0.00587709
0.0093525
-0.00564957
0.00163481
0.00221265
0.00158936
0.000440096
-0.000537943
-8.28368e-05
0.00176841
-9.62214e-05
-0.000522062
0.00279434
-0.00318521
0.000912923
-0.00257735
-0.00120082
-0.000939442
0.00276071
0.000983303
0.000306956
0.00132249
0.0012471
0.00385354
0.00013169
0.00507881
-0.000528159
-0.000297236
0.00179758
0.00113471
0.00468247
0.00971014
-0.0132201
-0.00143893
-0.0111126
0.000175282
-0.000427587
0.000521686
-0.00642327
0.00413989
-0.00257442
0.0048578
0.000593226
0.00582783
-0.00258671
0.000482896
-0.00221716
-0.00565655
0.00145043
-6.22329e-05
6.36145e-06
0.000687392
-0.000531059
-0.00541257
-0.0223814
0.0200193
0.00777473
-0.0181834
-0.000980833
0.000607812
-0.000185636
0.00019785
0.00020955
0.000327803
0.000721189
-0.00502059
-0.00447219
-0.0081293
0.00674981
5.13386e-05
0.000357082
7.41598e-05
-0.000459088
0.000358089
0.000458081
-0.00200521
-0.00136227
-0.00936627
0.00146051
0.000356926
4.06056e-05
0.000446964
-1.50051e-05
9.78329e-05
-0.000195859
0.000703029
-0.000389011
-0.000744669
-0.000594756
0.000292951
-0.000612421
-0.00988072
-0.00156968
-0.0081289
0.0114477
-0.000604256
-0.00212514
-0.00128209
9.71772e-05
0.000440243
-0.00289928
-0.00173129
-0.000579643
0.00161477
-0.00156551
-0.00084976
0.00313475
-0.00218048
0.00567436
0.00716726
0.00154546
-0.000595399
-0.000996173
-0.00103346
-0.000586196
0.00189344
0.00139917
-0.000443825
0.0022426
-0.00271875
0.00321302
0.000237991
0.00650767
-0.00458291
-0.000707864
-0.000104325
9.54882e-05
-0.0010641
0.000339396
-0.000337582
-0.000290233
-0.00175205
7.74354e-05
0.000432567
0.000674015
-0.000209289
-0.000812575
0.00189342
0.0112094
0.00550901
0.0143009
-0.0057931
0.0114161
0.000355025
0.00166846
0.000858707
-0.00435525
0.00252654
0.00186942
-0.0065255
0.00614095
-0.000714086
-0.00324465
-0.00333132
0.00375607
4.72573e-05
0.000510276
0.000142129
-0.000225347
0.00116853
-0.00332734
0.000251883
0.00234083
-0.00227079
0.000115498
-5.05854e-05
0.00189661
-0.000109632
0.000362191
-0.00209943
0.00210875
-0.00104668
0.000845413
-0.00119506
-0.000371934
0.00137799
0.000189006
0.00378847
-0.000722258
-0.000936131
-0.00139276
0.0019194
0.000681661
-0.000253804
-0.00234725
0.000208254
0.00321686
-0.00196811
0.0043263
-0.00048125
-2.15469e-05
0.000243298
-0.000221354
-0.00141471
-0.000738271
0.0078675
0.00126957
-6.64146e-05
-0.000626418
0.00014105
0.00108765
-0.00248742
0.00141942
-0.000649743
-0.00156506
-0.000593113
0.00143749
3.00143e-05
0.000145922
0.000694915
-0.00112198
-7.89035e-05
-0.000212932
0.000140166
9.53452e-05
-0.000698185
0.000719516
-0.00146132
-0.000873077
-0.0023511
-0.000233312
-0.00078954
-0.000282008
0.000829878
0.000241669
-0.000554326
-1.43325e-05
-0.000675591
0.000707736
-0.000461765
-0.000123818
-0.00086639
-8.85367e-05
9.46891e-05
0.00220295
0.00280973
-0.00248298
0.00019152
0.00145151
-0.00118554
0.000308352
0.00148706
0.000224965
-0.0023421
-0.000424264
-0.000129876
0.000729042
0.00222824
-0.00584456
0.000444667
0.00170914
-0.000864595
-0.0019121
-0.00191852
0.00297912
0.000143203
0.000449042
0.00024083
0.000283622
0.00486934
0.000339981
-0.00118592
-6.76415e-08
-0.00555001
0.00102971
-0.00297087
-0.0066623
0.00308147
0.00162089
0.000274206
-0.000502186
0.0018308
-0.00114857
0.00822666
-0.00319655
0.000272312
0.000550442
-0.00975277
-0.0018843
-0.0088938
0.0073677
0.00798427
-0.00141532
-0.00246484
0.00432366
-0.00297454
0.00334219
-0.00150562
2.25718e-05
-0.00651706
-0.000806817
0.0094153
0.00910162
0.000102548
-0.00700371
0.00576727
0.00620777
-0.0120817
0.003048
-0.00313698
0.0121707
-0.00733855
-0.00459953
0.00686221
-0.00668493
-0.00917739
0.00900012
0.0103748
0.0009857
-0.0081213
0.012634
-0.0115753
-0.00573805
0.00260809
-0.00138298
-0.00141296
0.000672886
0.000526912
-0.00279091
-0.000741252
0.000287294
0.00550886
-0.00199964
0.000549552
-0.00167447
-0.00596133
0.00570928
0.00203822
-0.00463922
0.00532234
-0.00788867
0.00950678
0.000789201
-0.000875138
-0.000372852
-0.0030336
-0.000940253
-0.00341063
-0.00110694
-0.00209374
0.00509107
0.00115471
-0.00474514
-0.00210302
-0.00327209
-0.000219698
-0.00601778
-1.11601e-05
0.00153577
7.93254e-05
-1.1896e-05
0.000403249
-0.000283237
0.000364414
0.000469606
0.000164583
0.000262183
-0.00173701
0.000429148
-0.000140093
0.00309924
-0.00487069
-0.000114611
-0.00197112
0.0028331
0.00182246
0.0025891
0.000486575
-0.00399551
-0.00175651
0.00126095
-0.0025532
-0.0218335
0.0192132
0.0054453
-0.00249449
-0.00448966
-0.005545
-0.000142632
0.00398486
-0.0052819
-0.0017927
-0.000942607
-0.000769873
0.00135583
-0.00116014
0.000770359
-0.00118936
0.00433411
0.000409105
0.00274614
0.00165769
0.00297914
0.00142157
0.0012595
0.00144056
-0.000596816
-0.00111562
0.000532438
-0.00302517
-0.00171546
-0.00719141
0.00942856
-0.00086157
0.00154002
-0.000326971
0.00257498
0.0041308
0.00105763
-0.000873836
-0.000158112
0.000610383
-0.000530703
0.00166887
-0.00302041
0.000261982
0.00023337
-0.0016229
0.000726249
0.00202648
0.000132887
0.00580135
0.000796362
-0.000800666
-0.00480571
0.00140996
0.00142109
-0.00124298
0.00186019
-0.000604874
0.00100637
0.000457589
0.000172452
0.000327266
-0.00347401
-0.000802421
-0.00165641
-0.00114296
-0.000304637
-0.00112969
-0.00163684
-0.00568287
-0.00246798
-0.000674753
0.00126464
-3.00048e-05
-0.000102414
-0.00047371
0.00159806
0.00163066
0.00030794
-0.000585223
-0.000118665
-0.000194028
-0.000127685
0.000376835
-0.000766783
-0.000596921
0.000330126
0.000667539
0.000276125
0.000278037
-0.00134771
0.000547902
-0.0026159
0.00389507
0.0042408
0.00403636
-0.00522474
0.000858503
0.00230437
-0.00330266
0.000394525
-8.80958e-05
-0.00100563
0.000922329
0.00023327
-0.00134494
0.00337867
-5.28231e-05
0.00225496
-0.00291492
-0.000658239
-0.00106925
-9.62493e-05
-0.0109063
0.0022872
0.000760879
-0.000901701
0.00171838
-0.000496887
-0.000978328
-0.0002703
0.0010889
0.00210879
-0.00194841
-0.000379988
-0.000741354
0.000900786
0.00243188
-0.00119245
0.00236763
-0.000123775
0.00210652
-5.83199e-05
0.00255534
-0.000171021
-0.000306007
-0.000814617
0.000680657
-0.0025815
0.000890619
0.0142341
-0.00396348
-0.00060242
0.00160564
0.00169151
-0.00392934
-0.0554651
-0.00132165
-0.00175171
0.000269882
-0.000320691
0.00155443
-0.00150362
-0.00247068
0.00180624
0.00198393
0.0298358
5.23241e-05
-0.000126932
0.000729181
0.000474336
4.72132e-05
0.00433793
0.00165669
-0.00513961
0.00316826
-0.00403597
-0.00156905
0.000362204
-0.00105681
0.00111804
0.00126423
-0.00109679
-7.70542e-05
0.000131425
-0.000896882
0.000293565
0.00222629
-0.00135371
0.000350763
-0.00254891
-0.00439684
-0.000919223
-0.00236683
0.00195106
-0.00122514
0.00356984
-0.00287254
0.00248025
0.00797492
-0.00231069
-0.00343768
0.011253
0.00621794
0.00711065
0.003929
-0.00279001
0.00466363
0.00207943
-0.00166426
-0.00995458
0.00935823
-0.011896
0.000963155
-0.00277808
7.20893e-05
-0.00286746
-0.00118229
0.006588
0.00875269
0.00613567
0.0275163
-2.97019e-05
-0.0126424
0.00207841
0.00540365
-0.00234038
0.00111668
0.000559412
2.77135e-05
0.000380811
0.00139242
0.00185818
-0.00614971
0.000564314
0.000705075
0.000357879
0.00735495
-0.00358568
-0.00455013
-0.00264286
0.00464951
0.00300982
-0.00407649
0.00150324
-0.00365865
-0.0077847
0.00615314
-0.00173096
-0.00190089
0.000120578
0.00111333
-0.000869913
-0.00127115
-0.000660277
0.00244136
-0.00070709
0.00160695
-0.00209803
-0.00201899
0.00929179
-0.00123452
0.0174675
-0.00488097
-0.000222958
-0.00126538
-0.00471393
-0.0027438
0.00492003
0.00620413
-0.0029197
-0.000571031
0.00771198
0.00650872
-0.024653
-0.0205822
0.0037881
-0.00753305
0.0117161
-0.0106141
-0.0108951
-0.00132569
0.0153116
-0.00728476
0.00137345
0.00465678
0.0029654
-0.00776386
-0.0142299
-0.00942407
-0.00319987
0.00375691
-0.000179221
0.00168077
0.000518895
-0.00184005
-0.00375544
0.000782971
-0.00587493
-0.00579069
0.0119496
-0.00873914
-0.00230435
0.000460376
-0.0115506
0.0120488
-0.000958656
0.0012979
0.00208312
-0.00145971
-0.00572136
0.0033956
-0.00125778
0.00253476
-0.00130391
0.00837285
-0.00323611
-0.00287904
0.00129407
0.0110955
-0.00137057
0.0015878
0.000529674
-8.03916e-05
-0.00075448
-0.00207314
0.00083043
-0.0161489
0.00487141
-0.00308501
-0.00129028
0.00135328
-0.000918298
-0.000705895
-0.000242807
0.000487461
0.00025585
-0.000990774
-0.0024644
-0.00363596
0.000196291
0.000532956
0.000654603
0.00451687
-0.000364609
0.000495708
-0.00113089
0.000964389
-0.000750341
-0.00193666
-0.00205402
-0.00369244
-0.00391421
0.00178872
-0.0142014
-0.00205683
0.000696158
0.00282282
0.000274208
-4.28089e-05
0.00320517
-0.00650681
0.0013624
-0.00238978
0.00351452
-0.0030657
0.00277305
-0.0010185
0.00380168
-0.00154973
-0.00275834
-0.00421
-0.00843135
-0.00510561
-0.00176616
-0.00315644
-0.00118969
-0.000152234
5.48056e-05
0.000586071
-0.001816
-0.00396575
0.00103622
0.014653
0.00121053
-0.000827422
0.00160527
-0.00161143
-2.7427e-05
-0.0128854
-0.00191731
0.000577454
-0.00183051
-0.00100633
0.000656052
0.00108872
-9.30241e-05
-0.000579054
0.00184436
0.000126092
-0.00379537
0.00413976
-0.00139394
-0.00184278
0.00234643
0.000817798
0.00318078
-0.00204223
0.000400771
-0.000443212
0.00203672
0.000720103
-0.00258937
0.00329292
0.000858144
0.000236922
-0.00207856
-0.000207785
0.000691257
-0.00098007
-0.00941294
-0.000192128
0.00045753
0.000906628
-0.000235383
-0.000978235
-2.92866e-05
-0.00101873
0.000733744
-0.00350964
0.0015386
-0.000107892
0.000168779
-0.0028971
0.000360812
-0.000927092
0.00159811
-0.000466584
-0.000642832
0.00140813
-9.14944e-05
4.75229e-05
0.000718058
-0.000133776
0.000484657
-0.00195271
0.00300663
-0.00379123
-0.00433762
-0.0064835
-0.00107425
-2.25456e-05
0.00317399
0.000425508
-0.00928082
0.00319777
-0.000592384
0.000593702
-0.000191301
-0.000173076
-6.94582e-05
0.000916142
-0.000205549
0.00154044
-0.000176879
-0.0025414
-0.00068153
0.000806422
-0.000478181
0.000234886
-0.000807804
0.00112212
0.000147003
0.00641987
-0.00567246
-0.000543518
-0.00710742
0.0110814
-0.000451889
-0.00327151
0.00132588
0.000363227
0.00904568
0.0030084
0.00621365
0.0125618
-0.00185743
-0.00221252
3.3817e-05
-6.17042e-05
0.00417602
0.000864384
0.000570793
-5.75378e-05
-0.00648039
-0.00239651
0.0123348
-0.00460026
-0.00142787
0.00374666
-0.00275146
-0.00275226
0.00273338
-0.00167608
0.00124428
0.0160827
0.0214595
-0.0163449
0.00847956
-0.00283912
-0.000676582
0.000639045
-0.000138813
0.00172545
0.00734495
0.00318844
-0.00280685
0.00334214
-0.000429319
0.00286507
-0.00313498
-0.00214538
-0.000696632
0.00125208
0.000441527
0.000489662
2.63104e-05
-0.00129838
-0.00145081
0.00201939
0.00191841
-0.000878621
-0.000930728
-0.0021393
-0.00374224
0.000661794
0.00294219
-0.000942224
0.00103204
0.000220881
-0.00125884
-0.00323398
0.00790718
0.00112082
-0.00412217
-0.00741979
0.00352849
0.00377304
0.000131714
-0.000681784
-0.0083474
0.0136489
-0.000485157
0.021071
-0.0652976
0.00360299
-0.0102232
-0.00056174
-0.00192083
-0.0024369
-0.00581125
0.00297282
-0.00401292
-0.00231058
-0.00112714
-0.000292538
-0.000450263
2.94248e-05
-5.53658e-05
-0.00136042
0.00104535
-0.000253215
-0.00946177
0.000508498
-0.00264158
-0.000254621
0.0126782
-0.0111725
-0.000226908
0.00121774
0.000529546
-0.000408283
-0.0258356
0.00678308
0.0025954
-7.01803e-05
-3.56267e-05
-0.0027149
0.00465863
-0.0141346
-0.00525068
-0.000244809
-0.00578553
0.00160927
-0.00263112
0.00160352
0.00298721
1.57972e-05
-0.00169283
-0.00677127
0.00108576
-0.000542158
0.000640112
0.00237189
0.00119283
-0.00140214
-0.00703276
0.00416494
-0.00103497
0.00504584
-0.0100422
0.00671831
-0.000332048
0.00065519
0.0044116
-0.00177028
-0.00199792
-0.0213838
-0.000369218
0.00199238
0.000101992
0.000138644
-0.00101868
-0.00273003
0.00262679
-0.000568869
0.000601563
-0.000615371
-4.36589e-05
0.00081267
-0.000248523
0.00175678
0.0165191
0.00388711
-0.000960766
-0.0012142
-0.00105268
-0.00313223
0.00608993
-0.00216399
0.00353246
-0.00175529
0.00265576
-0.0100532
-0.0073941
0.000409954
0.000697643
5.90017e-05
0.0193884
-0.0183725
-0.00712697
-0.000690932
-3.44324e-05
0.000568496
-0.000896797
-0.000592258
0.00128902
-0.00019458
0.000282518
-0.000683308
-0.000627961
0.000597983
-0.00011804
0.000297377
0.000656801
-0.0109832
-0.000505503
-0.000137326
-0.00090214
0.000793453
-0.000514474
0.0152838
-0.000171433
-0.000642619
-0.00042864
-0.000691291
0.00127305
0.00667526
0.000448989
-0.00331027
0.00811665
0.00183575
-0.0127117
-0.000285527
0.000990743
0.000955323
-0.00787935
-0.0346423
-0.0178581
-0.00303142
-0.00563991
0.000331851
2.54934e-05
0.00108726
0.00430846
-0.000551581
0.00618756
0.00208212
-0.000576119
-0.0110288
-0.000602651
-0.00981449
0.000456246
-0.00051497
0.000375747
6.97647e-05
-0.000477865
0.00333329
-0.00123604
-0.00638341
-0.000409367
0.00282147
-0.0024309
-0.00198845
-0.000493204
-0.000180604
0.0026202
0.000316814
-0.000562546
-0.000561742
0.000564985
-0.000864927
-0.000496116
0.00418896
-0.0116852
0.00353881
-0.00566339
-0.00468299
0.000492808
-0.00036146
-0.00220987
-0.00846442
-0.009652
-0.00135198
0.00329784
0.000259151
-0.00238573
0.00355812
-0.0013472
0.00131013
0.00158286
0.00562874
0.000424234
0.00152606
0.000161509
-0.00490629
-3.64265e-05
-0.000102127
0.00928546
0.0011835
0.000184665
-0.000999992
-0.000160889
1.94312e-05
-0.00038753
-0.000238738
0.000801478
-0.00488872
0.00763428
-0.000865953
0.0153886
0.0040934
-0.000768119
-0.00860107
-0.00129031
9.36051e-05
-0.000901471
-0.01052
0.00920643
0.000392261
0.00136531
0.00212292
0.000298988
-0.00200412
0.000913387
0.00101714
-0.00184904
0.000491337
-0.0027605
0.0036006
-0.00219288
-0.00806885
-6.13264e-05
-6.96556e-05
0.00415438
8.59286e-05
0.000219915
0.00135101
-0.000842942
0.00038055
0.00572871
0.000833109
-0.000326498
-0.000375249
-0.000805342
0.00127837
-3.47659e-05
-0.000489575
-0.00480157
-0.00350542
0.00080027
0.0018129
0.00304798
0.000215212
0.00150143
-0.00144198
-0.00339235
-0.000111902
0.000556208
-0.000640962
-0.000238469
0.00395464
-0.000532027
-0.000123157
0.00105476
0.00278041
0.0137473
0.00174602
-0.00646385
7.60881e-05
-0.000826959
0.000639651
0.000187178
0.000927373
-0.0010965
-0.00175621
-0.00249367
0.00190098
0.00311981
-0.00210199
-0.00437787
-0.00297682
0.0101272
0.00117739
3.72863e-05
0.000135259
0.00377171
0.00377232
-0.000258429
-0.000377211
-0.00106291
-0.0102279
0.000500559
-0.000617745
0.00327699
0.00876786
0.000340854
-0.00137745
0.000601428
-0.00147206
-0.00118583
-0.0274535
0.000887097
0.00194371
-0.00237077
0.000924013
-0.00153602
-0.000616134
-0.00167862
0.00035829
0.000563142
0.000522816
-0.000529879
0.0017096
-0.00246668
0.00147553
-0.000659075
-0.00053691
-0.00177949
0.0030339
-0.000566918
0.000838265
0.000420189
-0.000558346
-3.50932e-05
-0.00136499
-0.00104453
-0.00102443
-6.24785e-05
0.00240195
0.00208881
0.00367325
0.002011
-0.00194038
-0.00127601
-0.00300025
0.000934406
-0.000923038
1.13676e-05
0.00676224
-0.00682725
2.85873e-05
0.00140574
0.00303119
0.000657638
7.12973e-05
-0.00063009
-0.000216014
-0.000533914
-0.00109424
-9.23529e-05
0.000506082
-0.000443077
-0.000199813
0.000749124
0.000905472
0.00127324
0.00096732
-0.000599579
-0.0012945
0.00055894
0.0001912
-0.00452398
-0.00451529
-0.000437893
-0.00432904
0.00128993
0.000354845
0.000106642
-0.00249695
-0.00168008
-0.0104433
0.000599712
0.000410795
0.0426184
-0.0162728
0.0088329
0.000314455
3.75027e-05
-0.001026
-0.000646223
-0.000775981
-1.61278e-05
)
;

boundaryField
{
    outlet
    {
        type            calculated;
        value           nonuniform List<scalar> 0();
    }
    walls
    {
        type            calculated;
        value           uniform 0;
    }
    inlet
    {
        type            calculated;
        value           nonuniform List<scalar> 0();
    }
    model
    {
        type            calculated;
        value           uniform 0;
    }
    procBoundary2to1
    {
        type            processor;
        value           nonuniform List<scalar> 
103
(
0.00287245
0.0377533
0.0100879
-0.00630721
-0.00365086
0.00553827
0.0266608
0.000350582
0.0124782
0.0466177
0.010677
0.0745874
0.0126068
-0.000280138
0.00404613
0.00584378
0.00910365
-0.00440959
0.0307751
0.0126219
0.0122829
0.0324715
-0.00592944
0.0127447
0.0309098
0.00176558
0.025946
0.00176818
-0.000541749
0.0314582
0.00593172
0.0161038
0.00269702
0.0501041
0.0180153
0.0268141
0.0251313
0.0100388
0.0181049
0.0561834
0.00206891
0.0387009
0.0375837
0.029937
0.0119832
0.027472
0.034479
0.00531786
0.0205827
0.0236605
0.0225604
0.0293272
0.0593818
0.012348
0.00700276
0.017035
0.00772309
0.016451
0.020128
0.0192109
0.000125813
-0.00440727
0.00351552
-0.000859121
-0.000830852
0.00498933
0.0148055
0.0112184
0.0268093
0.00342492
-0.00057163
0.000555852
0.0238459
0.0526578
0.0324712
-0.00154099
0.0098261
0.0177819
0.0237179
0.00591694
-0.00224053
-4.58153e-05
0.00775594
0.0218283
-0.00437627
0.0272327
0.00906966
0.00666383
0.005262
0.015113
0.0054543
0.0132061
0.0214669
-0.00224433
0.0211869
0.0863686
0.0167311
0.00844831
0.00605441
0.0634833
0.0470466
0.00242465
0.0234812
)
;
    }
    procBoundary2to3
    {
        type            processor;
        value           nonuniform List<scalar> 
93
(
-0.00850778
-0.0090108
-0.00198691
-0.00365292
-0.00339909
-0.0130873
-0.00262203
-0.0110659
0.00205962
-0.00315408
-0.00730235
-0.00402239
-0.00407814
-0.00345335
-0.00301742
-0.00270361
-0.00118133
-0.00144714
-0.0373512
-0.00798193
-0.00278833
-0.00214784
-0.00343544
-0.00271605
-0.000963518
-0.00369522
-0.00946651
-0.00311975
-0.0130237
0.000294266
-0.00830047
-0.00885499
-0.014447
-0.000835977
-0.00393593
-0.031102
-0.00668358
-0.00216863
-0.0166143
-0.00839218
-0.01547
-0.0033048
-0.0143628
-0.00222818
-0.00213264
-0.00965739
-0.00844935
-0.00661976
-0.00384117
-0.0198433
-0.0207355
-0.0209715
-0.0029831
-0.00304253
0.00219869
-0.00839511
-0.00199732
-0.00362614
-0.00361905
-0.00952369
-0.0030749
-0.0113237
-0.0199108
-0.0103717
-0.00239764
-0.00228785
0.00114849
-0.00234332
-0.00387815
-0.000472146
-0.00764375
-0.00506615
-0.0054113
-0.0200889
-0.0111518
-0.0147569
-0.00231826
-0.00189521
-0.00323005
-0.0103443
-0.00876205
-0.0274923
-0.0167107
-0.00474385
-0.00927219
-0.0408731
-0.0264543
-0.00533124
-0.00613845
-0.00156365
-0.0048629
-0.00252537
-0.00325495
)
;
    }
    procBoundary2to4
    {
        type            processor;
        value           nonuniform List<scalar> 
118
(
-0.0186275
-0.00377845
-0.00411489
-0.00873575
0.000275543
0.000465206
-0.00492786
-0.00519699
-0.00139473
-0.00244594
-0.00750693
-0.0192784
-0.0114907
-0.00108518
-0.000210114
-0.0121458
-0.00387451
-0.0049719
-0.0196435
-0.00792834
-0.00178466
-0.010421
-0.00402384
0.0123896
-0.0295821
-0.00785597
-0.0409762
-0.000293881
-0.00545416
-0.000973908
-0.00230988
-0.002175
0.021293
-0.0036276
-0.00706992
-0.00479675
-0.00832865
-0.0117199
-0.0284158
-0.0024688
-0.00424581
-0.00966074
-0.00862812
-0.0169535
-0.00372669
-0.000668932
-0.00249761
-0.0013737
-0.00231761
-0.00436357
-0.00744612
-0.0152333
-0.017287
-0.00625138
-0.00161763
-0.00838689
-0.00609472
-0.00736076
-0.00538529
-0.00268637
-0.00590969
-0.00314415
-0.00642674
-0.0035739
-0.000176315
-0.0031468
-0.00206285
-0.00226809
-0.00485556
-0.00279909
-0.00166494
-0.0190593
-0.00186153
-0.00813935
-0.0109794
-0.000760035
-0.0144305
-0.00556657
-0.00944627
-0.00523639
-0.00400984
-0.00574948
-0.00159289
-0.00788101
-0.00699659
-0.0129795
-0.00878125
-0.000519516
-0.0137791
-0.0032471
-0.00746211
-0.00266406
-0.00786726
-0.00809159
-0.00764641
-0.00610892
-0.00465097
-0.00319524
-0.00135091
-0.0035501
-0.00326049
-0.00398273
-0.00102469
-0.00812389
-0.000654774
-0.00132203
-0.00682505
-0.032101
-0.00639033
-0.00249787
-0.00810642
-0.00352516
-0.000849983
-0.00225158
-0.00241007
-0.014154
-8.14061e-05
-0.00344988
)
;
    }
    procBoundary2to5
    {
        type            processor;
        value           nonuniform List<scalar> 
94
(
0.000644677
-0.00031381
-0.00268083
-0.00325773
-0.00308046
-0.00346827
-0.00102611
0.000388369
-0.00273289
-0.000545449
-0.00290882
-0.0027091
-0.00300025
-0.00218248
-0.00380306
-0.00237797
-0.00134778
-0.00104784
-0.00507811
-0.00087735
-0.00247433
-0.00849255
-0.00580028
-0.000951765
-0.000175082
-0.000161632
-0.00274502
-0.00508185
-0.00130624
-0.0114346
-0.00103633
-0.00291421
-0.00211501
0.000222993
-0.00568886
-0.0057237
-0.00248944
-0.00121597
-0.00539221
-0.00257486
-0.000989225
-0.000704615
0.000794412
-0.0146326
-0.00809649
-0.00076262
-0.00418456
-0.00991646
0.00129944
-0.00167947
-0.0081824
0.00388329
-0.0024495
-0.00146953
-0.00229047
-0.00193342
-0.00412095
0.000164089
0.00403372
-0.00278091
-0.00175789
0.000265645
-0.00175447
-0.00112296
-0.00426754
-0.00253583
-0.00357662
-0.000867329
0.00110405
-0.00546568
-0.00344452
-0.00479313
-0.00557414
-0.00161725
0.000320257
-0.00154043
-0.00349153
-0.0124913
-0.000854
-0.000572902
-0.00709655
-0.00869626
-0.00712594
-0.00226744
-0.00419784
-0.00442407
-0.00329651
-0.0158421
-0.00149362
-0.00014183
-0.00200111
-0.00167694
-0.00151138
0.000334861
)
;
    }
    procBoundary2to7
    {
        type            processor;
        value           nonuniform List<scalar> 6(-0.0212599 0.00819339 -0.00591086 -0.04749 -0.00742684 -0.00891643);
    }
    procBoundary2to8
    {
        type            processor;
        value           nonuniform List<scalar> 2(0.0417632 0.0525576);
    }
}


// ************************************************************************* //
