/*--------------------------------*- C++ -*----------------------------------*\
| =========                 |                                                 |
| \\      /  F ield         | OpenFOAM: The Open Source CFD Toolbox           |
|  \\    /   O peration     | Version:  2506                                  |
|   \\  /    A nd           | Website:  www.openfoam.com                      |
|    \\/     M anipulation  |                                                 |
\*---------------------------------------------------------------------------*/
FoamFile
{
    version     2.0;
    format      ascii;
    arch        "LSB;label=32;scalar=64";
    class       volScalarField;
    location    "0.0689058";
    object      nut;
}
// * * * * * * * * * * * * * * * * * * * * * * * * * * * * * * * * * * * * * //

dimensions      [0 2 -1 0 0 0 0];

internalField   nonuniform List<scalar> 
3946
(
0.0049684
0.00487825
0.00316221
0.00420023
0.00499627
0.00442869
0.00330769
0.00382766
0.0032414
0.00666604
0.00601782
0.00550181
0.00412695
0.00258192
0.00187007
0.00559204
0.00349024
0.00605197
0.00338729
0.00612894
0.00225397
0.00399521
0.00374672
0.00333563
0.00339742
0.0038017
0.00378831
0.00480147
0.00605247
0.00519531
0.00575974
0.00470768
0.00332417
0.00444718
0.00388349
0.00498886
0.00399426
0.00377963
0.00461642
0.0041086
0.00469674
0.00652587
0.0041288
0.0065598
0.00400808
0.00692342
0.00651898
0.00395099
0.00376778
0.00397646
0.00374946
0.00412514
0.00536176
0.00605203
0.00696449
0.00552755
0.00493746
0.00599222
0.0042429
0.00420405
0.00563133
0.000715659
0.00506667
0.00463427
0.00501804
0.000428647
0.000839235
0.000318033
0.000334148
0.00603711
0.00637285
0.0046325
0.00262669
0.0068551
0.00429669
0.00403856
0.00525972
0.00399751
0.00647808
0.00414719
0.000828661
0.00318309
0.00550745
0.00307127
0.00563655
0.00128744
0.00370123
0.000734219
0.000885584
0.000867442
0.00409011
0.0019233
0.00530739
0.00177599
0.00176113
0.00171836
0.00407509
0.00377638
0.00317586
0.00439931
0.0031385
0.00353551
0.00387618
0.0099941
0.0038856
0.00392426
0.00825316
0.00475772
0.00362763
0.00348929
0.00271062
0.00314246
0.00351788
0.00168049
0.00163865
0.00351902
0.00365872
0.00433402
0.000770531
0.000928126
0.00417504
0.00222235
0.00536079
0.00451043
0.00569358
0.00388571
0.00299186
0.00410496
0.00343063
0.00501474
0.00338005
0.00218469
0.00478347
0.0038186
0.00335016
0.00571795
0.00303627
0.00342275
0.00554161
0.0050811
0.00342602
0.00478358
0.000785324
0.00579089
0.00304991
0.00404073
0.00523071
0.00576607
0.00392138
0.00467836
0.0044039
0.00447707
0.00387962
0.00636162
0.00462323
0.00697684
0.00508579
0.00525326
0.00443817
0.00388099
0.00417782
0.00723579
0.00220751
0.00398576
0.00451966
0.00261108
0.00384527
0.00505809
0.00380742
0.0031566
0.00389415
0.00528826
0.00384759
0.0022302
0.00517788
0.0049808
0.0053591
0.00623782
0.00494859
0.00372819
0.00647854
0.00565771
0.00639777
0.00581924
0.00420725
0.00425148
0.00495067
0.00382434
0.00605664
0.00356906
0.00490112
0.00419418
0.00105725
0.00379665
0.00111357
0.00106464
0.000774384
0.00588308
0.00375665
0.00446802
0.00655186
0.00376549
0.00502599
0.00458869
0.0044192
0.00365041
0.00308241
0.00376296
0.0032091
0.00471877
0.00405719
0.00307834
0.00535044
0.00451672
0.00482333
0.00520792
0.00445839
0.00448518
0.00558762
0.00514983
0.000539961
0.000708555
0.00429855
0.00433306
0.00505659
0.000703986
0.000649703
0.00413829
0.00382029
0.000513055
0.00339994
0.0061895
0.00387316
0.00459847
0.00619925
0.0026198
0.00499865
0.00278114
0.00265721
0.0032084
0.00697671
0.000909313
0.000603757
0.00145113
0.00261886
0.00492234
0.00233632
0.0026649
0.00415875
0.00384276
0.00492952
0.00382225
0.00287806
0.00268919
0.00362706
0.00340603
0.00405157
0.00490975
0.00421559
0.00216328
0.00637774
0.000627594
0.00123593
0.00305774
0.0029283
0.00375662
0.00227903
0.0031185
0.00176344
0.00349414
0.00369814
0.00314151
0.0047153
0.00445158
0.00424053
0.00430105
0.00441454
0.00274578
0.00253177
0.00392555
0.0039634
0.00378145
0.00385085
0.00311915
0.00278994
0.00415848
0.00469753
0.0036545
0.00310114
0.00413753
0.00344792
0.00396738
0.0038373
0.0042181
0.00462905
0.00443988
0.00448672
0.00389293
0.00583307
0.000567973
0.00509384
0.000596671
0.000565408
0.000743383
0.00416912
0.00291175
0.00928749
0.00610931
0.0045715
0.000788937
0.00143861
0.000656554
0.00072305
0.000416068
0.00642931
0.00177141
0.00412718
0.00318133
0.00421249
0.00681611
0.0033901
0.00326831
0.00242307
0.00343227
0.0062698
0.00363515
0.00449147
0.00404311
0.0050877
0.00285091
0.00345181
0.00678205
0.00446719
0.00455393
0.00281685
0.00619926
0.00403722
0.000658442
0.000494316
0.00105275
0.00474838
0.00163831
0.00143107
0.00366675
0.00351335
0.00253585
0.00434633
0.00519486
0.00452908
0.00162906
0.00107448
0.00457032
0.00359863
0.00359668
0.0014513
0.000388117
0.00897575
0.00497654
0.00619886
0.000497765
0.0058371
0.00157011
0.00634295
0.00344124
0.00280323
0.00258774
0.00415901
0.00199231
0.00232234
0.00221709
0.00137022
0.00210362
0.00427955
0.0039219
0.00544793
0.00474824
0.00203421
0.00603101
0.00387577
0.00614611
0.00593935
0.00346662
0.00364662
0.00517596
0.00558095
0.0043957
0.00321657
0.00456206
0.00465753
0.00344305
0.00665235
0.00639264
0.00340855
0.00147128
0.00673669
0.000711057
0.00498901
0.00304176
0.00391096
0.00499084
0.00488209
0.0044896
0.00425339
0.00432941
0.00506181
0.00643192
0.00645648
0.00592002
0.00537167
0.00566544
0.00530299
0.00579198
0.00460178
0.00539046
0.00575394
0.00503137
0.00604158
0.00306805
0.00473743
0.00376292
0.00577682
0.00456426
0.00684088
0.00619334
0.00504345
0.0040443
0.00401483
0.00380489
0.00572342
0.00529107
0.00405908
0.0041451
0.00658452
0.00601895
0.00415926
0.00360484
0.00248189
0.00337656
0.00463877
0.00579211
0.00590563
0.00593378
0.00489049
0.00461799
0.00450605
0.00338411
0.00538303
0.00368262
0.00495182
0.00424711
0.00442569
0.00601686
0.0061701
0.00408374
0.00444653
0.00345238
0.00458045
0.00438705
0.00588635
0.00606788
0.00441298
0.00378965
0.000877954
0.00535671
0.00646297
0.00638716
0.00584453
0.00452462
0.00486951
0.00362117
0.00347144
0.00482964
0.00444037
0.00563472
0.00658626
0.00569377
0.00428259
0.00298006
0.00690905
0.00247018
0.00176879
0.00330043
0.00198021
0.0054189
0.00319812
0.00658352
0.00320443
0.0044447
0.00528716
0.00516522
0.0048287
0.00406703
0.00500555
0.00648654
0.00562499
0.00575325
0.00533745
0.00497432
0.0038234
0.0039013
0.00660777
0.00369687
0.00349604
0.00341566
0.00344213
0.00541412
0.00533189
0.0047484
0.000778761
0.00478253
0.00120388
0.0022122
0.00614476
0.00549723
0.00388649
0.00436943
0.00412713
0.00453255
0.00311077
0.00534148
0.00444642
0.0051613
0.00358964
0.00520574
0.00403023
0.00350903
0.00455771
0.00447598
0.00398789
0.00668639
0.00181118
0.00621052
0.00334064
0.00275809
0.000967385
0.0039049
0.0050946
0.00417746
0.00257321
0.00519966
0.00500615
0.00585327
0.00281669
0.00631052
0.00559481
0.0048906
0.00343123
0.00520145
0.00388424
0.0044445
0.00504483
0.00437072
0.00403121
0.00613928
0.00505109
0.00392839
0.00632474
0.00306852
0.00387512
0.00349936
0.00380676
0.00412076
0.00426515
0.0060878
0.00543811
0.00640078
0.00434845
0.00439877
0.00625501
0.00359788
0.00511799
0.00574699
0.00583326
0.0060253
0.00435062
0.0042444
0.00703871
0.00668828
0.00646529
0.00512939
0.00592192
0.00455209
0.00545254
0.00595291
0.00375136
0.00605113
0.00389716
0.00538533
0.00575543
0.00611473
0.00583791
0.00677553
0.00440518
0.00665766
0.00592497
0.00507595
0.00640436
0.00346923
0.00642245
0.00408437
0.00641816
0.00388776
0.00462625
0.00248727
0.00483091
0.00309072
0.00374215
0.00513093
0.00525718
0.00625857
0.00424068
0.00473138
0.00356823
0.00544376
0.00531958
0.0040914
0.00621163
0.00609476
0.00327256
0.00435935
0.00346902
0.00508289
0.00455541
0.00414572
0.00451377
0.00514289
0.0044834
0.00446203
0.00504019
0.00514303
0.0043203
0.00292191
0.00419722
0.00441393
0.00820066
0.00630093
0.00486596
0.00607403
0.00485938
0.00431867
0.00453947
0.0039138
0.00624574
0.00508679
0.00350599
0.0063653
0.00601192
0.00320108
0.00318172
0.00420448
0.00499813
0.00602787
0.00464366
0.00299935
0.00270796
0.00369856
0.00354466
0.00438868
0.00355975
0.00435542
0.00351964
0.00361113
0.00410792
0.00674363
0.0044791
0.00377297
0.00468622
0.00392897
0.0037174
0.004693
0.00655687
0.0040519
0.00647095
0.00273025
0.00319155
0.00203278
0.00586492
0.00388152
0.00452376
0.00639726
0.00449184
0.00263445
0.00702325
0.00264203
0.00469443
0.0035513
0.00368891
0.00519722
0.0058743
0.00600346
0.00371447
0.00532271
0.00524675
0.00419113
0.00616473
0.00475344
0.00201886
0.00362924
0.00552158
0.00580232
0.00575236
0.00305797
0.00511665
0.00474255
0.00679231
0.00394961
0.00416425
0.00472753
0.00381474
0.00412947
0.00281494
0.00403668
0.00356402
0.00652523
0.00371172
0.00336211
0.00473426
0.00381603
0.00419991
0.0041718
0.00398425
0.00469725
0.0038243
0.00645397
0.00379653
0.0053387
0.0034296
0.00550492
0.003751
0.00425144
0.00665282
0.00618075
0.00657485
0.00429371
0.0036405
0.00317468
0.00444553
0.0053663
0.0051795
0.00481081
0.00431578
0.00621493
0.00596867
0.00450184
0.0050536
0.00679441
0.00294427
0.00529056
0.00371744
0.00476636
0.00107879
0.00335918
0.00454172
0.00350356
0.00122617
0.005632
0.00289995
0.00364835
0.0026022
0.00198037
0.00208166
0.00476807
0.00634799
0.00687304
0.00694763
0.00463479
0.000576379
0.00399141
0.00369882
0.0036511
0.0037011
0.00556161
0.00448039
0.00248692
0.00107087
0.00316984
0.00106131
0.00181915
0.00146266
0.00632938
0.00275272
0.00679402
0.00265541
0.00280939
0.00412885
0.00502379
0.00424872
0.00282935
0.00352544
0.00329698
0.00101036
0.00356261
0.00510303
0.0049017
0.00378598
0.00570289
0.00683413
0.00492544
0.00726462
0.00334527
0.00580129
0.00380032
0.00688581
0.00310399
0.0049951
0.00406254
0.00616435
0.00499362
0.0042874
0.00698027
0.00472252
0.00676634
0.00342786
0.00340852
0.00637031
0.00387397
0.00372609
0.00444746
0.00324837
0.00589118
0.00705482
0.00328329
0.00318292
0.00518652
0.00310153
0.0039295
0.00466929
0.00421297
0.00418378
0.00461256
0.0026468
0.00516318
0.00547242
0.00436455
0.00476851
0.00559943
0.00161172
0.00474589
0.00631265
0.00306132
0.004338
0.00511122
0.00388841
0.00310024
0.00731676
0.00224911
0.00205117
0.00263873
0.00557792
0.00328296
0.00380063
0.00363655
0.00571309
0.0041638
0.00100276
0.000982854
0.0033828
0.00548016
0.00373456
0.00652764
0.00462933
0.00481685
0.00609082
0.006416
0.0040521
0.00467253
0.00441698
0.00540652
0.00463933
0.00642346
0.00573075
0.00400741
0.00604316
0.00597633
0.00327344
0.00392443
0.00552527
0.00282748
0.00471021
0.00460276
0.00509999
0.00660718
0.00383885
0.00597598
0.00343925
0.00414815
0.00330543
0.00373611
0.0035592
0.00383806
0.00532335
0.0030185
0.00314265
0.00312272
0.00458159
0.00508974
0.00676204
0.00454252
0.00339196
0.00461335
0.00429302
0.00351689
0.00479241
0.00382231
0.00528147
0.00365303
0.00404043
0.00341386
0.00527489
0.00338903
0.00555546
0.000657372
0.00466846
0.00433991
0.00400065
0.00505677
0.00549317
0.00239543
0.00305159
0.00155091
0.00321719
0.00232009
0.00127164
0.0036247
0.00386244
0.00526897
0.00189352
0.00438952
0.00449613
0.00354638
0.00787536
0.000753349
0.00198206
0.00546154
0.00544318
0.000839384
0.00481548
0.0023433
0.00491193
0.00412648
0.00242653
0.0020155
0.00244526
0.00815249
0.00139267
0.000797032
0.00391749
0.00283841
0.0028708
0.00234019
0.00318437
0.00400965
0.00811126
0.000947715
0.00164682
0.00694512
0.00299904
0.00152656
0.00411712
0.00647033
0.00308916
0.00253789
0.00150587
0.00252961
0.00534919
0.00442963
0.0052484
0.00497227
0.00596948
0.00675195
0.00339459
0.00601366
0.00475296
0.00413045
0.00207557
0.0024505
0.00296766
0.00275832
0.00361181
0.00246808
0.00497976
0.0048364
0.0045267
0.00266684
0.00314427
0.0036392
0.00614781
0.00340102
0.00379241
0.00590859
0.00418787
0.00307317
0.00271935
0.00481796
0.00543281
0.00326699
0.00419509
0.00708979
0.00708001
0.00346899
0.00599819
0.0038123
0.00426773
0.00700856
0.00349942
0.00411485
0.00392997
0.00426928
0.000614426
0.00210256
0.00576823
0.00383643
0.00423441
0.00408099
0.00424526
0.00345958
0.00634898
0.00478086
0.00391873
0.0063991
0.00482102
0.00320375
0.00403243
0.00402431
0.00480753
0.00481807
0.00342724
0.0033869
0.00341099
0.00289034
0.0033627
0.00365388
0.00688245
0.0067582
0.00662135
0.00392364
0.00394136
0.00382841
0.00419891
0.00654617
0.00329947
0.00376033
0.00636717
0.00403726
0.00555636
0.00408245
0.00189727
0.00508713
0.00525374
0.00447273
0.00113208
0.00227243
0.00216279
0.00470696
0.00214036
0.00480211
0.00656515
0.00414088
0.00329646
0.00512442
0.00491946
0.00594917
0.00579779
0.00213363
0.00715218
0.00327413
0.0032365
0.00444638
0.00389348
0.00380456
0.0049789
0.00508896
0.00492539
0.00471628
0.00459635
0.00525847
0.00383551
0.00597453
0.00434062
0.00452328
0.00604823
0.00371495
0.00631157
0.00586007
0.00379234
0.00701149
0.00666866
0.00501865
0.00722537
0.00711706
0.0050856
0.00415009
0.00573517
0.00645096
0.00546407
0.00599631
0.00422205
0.00513228
0.00480744
0.00288412
0.00252098
0.00450382
0.00707042
0.00380251
0.00319716
0.00672462
0.00645711
0.00678801
0.00649165
0.0065309
0.00566644
0.00579383
0.00458839
0.00642425
0.00623845
0.00302901
0.00137248
0.00274321
0.00408635
0.00155805
0.00668099
0.00568768
0.00495541
0.00695592
0.00701344
0.00640546
0.00638987
0.00678616
0.00673447
0.00446717
0.00439688
0.00407766
0.00616247
0.00378424
0.00621032
0.00434822
0.00552548
0.00484824
0.00508177
0.00617825
0.00586115
0.00819184
0.00318415
0.00661823
0.00554472
0.00258121
0.00428198
0.00488836
0.00386979
0.00417593
0.00467252
0.00670895
0.00550957
0.00545768
0.00548521
0.00479995
0.00328876
0.00321338
0.00395454
0.00480006
0.00494416
0.00610977
0.00661518
0.00710731
0.00502714
0.00683115
0.00349153
0.00506023
0.00461329
0.00456236
0.00519232
0.00466989
0.00556421
0.0044285
0.00568948
0.00568818
0.0061936
0.00534618
0.00653265
0.00403058
0.00405308
0.00495994
0.00393922
0.00471441
0.00494841
0.00522177
0.00604054
0.00475667
0.00638291
0.00453232
0.00473942
0.00507786
0.00693829
0.00461202
0.00480372
0.00672909
0.00372098
0.00677411
0.00466856
0.00681075
0.00681089
0.00533019
0.00552282
0.00455383
0.00493325
0.00627492
0.00531408
0.0047829
0.00492934
0.00471341
0.00665139
0.00408727
0.00445038
0.00412491
0.00444135
0.00663578
0.00651028
0.00337155
0.00580349
0.00615002
0.00347408
0.00693595
0.00433539
0.00638162
0.00593833
0.00420338
0.00555192
0.00392868
0.00430994
0.00635967
0.00488412
0.004319
0.00508471
0.00664886
0.00475767
0.00689758
0.00631322
0.00658033
0.0051649
0.004689
0.00318325
0.0068715
0.00309727
0.00311196
0.0037009
0.00380454
0.00394129
0.00389259
0.00485051
0.00399019
0.00458691
0.00471833
0.0046007
0.00515308
0.00319722
0.00638375
0.00319682
0.00630095
0.00685393
0.00597108
0.00593216
0.00608052
0.00613241
0.00257323
0.00446335
0.00668067
0.00645185
0.00267499
0.00454575
0.00411245
0.00426324
0.00581755
0.00628502
0.0047386
0.00257695
0.00579941
0.00366048
0.00316889
0.00436292
0.0041551
0.00273912
0.00287562
0.00559426
0.00484062
0.0035756
0.00647317
0.00292818
0.00673964
0.00427873
0.00534598
0.00461049
0.00394846
0.00416276
0.00536347
0.00549512
0.00385584
0.00410781
0.0063982
0.00538344
0.00659912
0.00499489
0.00511735
0.00633124
0.00475413
0.00464183
0.00572369
0.00572768
0.00518892
0.00567746
0.0042058
0.00530207
0.005696
0.00361733
0.00448441
0.00431751
0.00615109
0.00447714
0.00327171
0.00465796
0.00425669
0.00766301
0.00375433
0.00420767
0.00523411
0.00478393
0.00335198
0.00694979
0.00672018
0.00622774
0.00435207
0.00587303
0.0055454
0.00465136
0.00467634
0.00749753
0.0041741
0.00274045
0.00336031
0.00535651
0.00615919
0.00619035
0.00638908
0.00557197
0.00691325
0.00384478
0.0056534
0.00362724
0.00337133
0.0041787
0.00400246
0.00449239
0.00667415
0.00536109
0.00594696
0.00356757
0.0032914
0.00375319
0.00562881
0.00431146
0.0039394
0.00561523
0.00519305
0.00672295
0.00206374
0.00353227
0.000479379
0.00485166
0.000666772
0.00600765
0.0055636
0.00550479
0.0048371
0.00451321
0.00410956
0.00431193
0.00311215
0.00435694
0.00436948
0.00637859
0.0047462
0.00416389
0.00631541
0.00627974
0.000799912
0.00277963
0.00636824
0.00276852
0.00466019
0.00621882
0.00659054
0.0057985
0.00574849
0.00685007
0.00356092
0.00477639
0.00376156
0.00563063
0.00244817
0.0047486
0.00409787
0.00426779
0.00307897
0.00349024
0.0030958
0.00653316
0.00459939
0.00625917
0.00661824
0.00669157
0.00610659
0.00637396
0.00539781
0.00399892
0.00453226
0.00448596
0.00607862
0.00423015
0.00484524
0.00462775
0.00512193
0.00324117
0.00870659
0.00436679
0.0069126
0.00619674
0.00519952
0.00551768
0.00418418
0.00385077
0.00606805
0.00117239
0.00633482
0.00688094
0.000718043
0.00152705
0.00324501
0.00473152
0.00111516
0.00402837
0.00463445
0.00155163
0.00364885
0.00445573
0.00233287
0.00284686
0.00478866
0.000605776
0.0020014
0.00208904
0.000624726
0.00352387
0.00343862
0.00428499
0.00235575
0.00544505
0.00445724
0.00359416
0.00634714
0.00197785
0.000982526
0.00338154
0.00470323
0.00664305
0.00678405
0.00609039
0.00573348
0.00216031
0.00726056
0.00679058
0.00561588
0.00591239
0.00549818
0.00457754
0.00462742
0.0048805
0.00315553
0.00343445
0.00512839
0.00525829
0.00501563
0.00443229
0.00469251
0.0032307
0.00328626
0.00698017
0.00257335
0.00260968
0.00471683
0.00568049
0.00530777
0.0053449
0.00388844
0.00475591
0.00560881
0.0050404
0.00639278
0.00358352
0.00511278
0.00459307
0.00503114
0.0048151
0.00506462
0.00728842
0.00478716
0.00349082
0.00628167
0.0062354
0.00497329
0.00341327
0.00560398
0.00660741
0.00447687
0.00568745
0.00392185
0.00591924
0.00440155
0.00324185
0.00477942
0.00459822
0.00321185
0.00670528
0.00480071
0.00421482
0.0050531
0.0061503
0.00363266
0.0045176
0.00398231
0.0057618
0.00656571
0.00570184
0.00670666
0.00685086
0.00586411
0.00560708
0.00395851
0.00633194
0.00650499
0.00606938
0.00531904
0.00751067
0.00709469
0.00372034
0.0036182
0.00425459
0.00379646
0.00443901
0.00470663
0.00174782
0.00167062
0.00637312
0.00434169
0.00438858
0.00517186
0.00397762
0.0043999
0.00476024
0.00642797
0.00423845
0.00309317
0.00374206
0.00657943
0.00254064
0.00195373
0.00520085
0.00380126
0.00729202
0.00685946
0.00528365
0.00234299
0.00455785
0.0027134
0.00215686
0.0029846
0.00701428
0.00367425
0.00492754
0.00523125
0.00545285
0.00471988
0.00461819
0.00624073
0.00458238
0.00630077
0.00401974
0.00614478
0.00384831
0.00377832
0.00579387
0.00416119
0.00394432
0.00603627
0.00434511
0.00543142
0.00293831
0.00391808
0.0041209
0.00418549
0.00694931
0.00362709
0.00374529
0.00364308
0.00434173
0.0063604
0.00338172
0.00547796
0.00460256
0.00610318
0.00352227
0.00534106
0.00596292
0.00323472
0.00551439
0.00499735
0.00449352
0.00412214
0.00395299
0.0044893
0.00550578
0.00275643
0.00662305
0.00417848
0.00560366
0.00663401
0.00517428
0.00324324
0.00599703
0.00359796
0.00411576
0.00309578
0.00373463
0.00358416
0.00363682
0.00371752
0.00585267
0.00597059
0.00422258
0.00707937
0.00225003
0.00229076
0.00544278
0.00490008
0.00448411
0.00492205
0.00488178
0.00530456
0.00461714
0.00446016
0.00419847
0.00408116
0.00397881
0.00368985
0.00315263
0.00317729
0.00313416
0.00352394
0.00348606
0.00436957
0.00320703
0.00420399
0.0047293
0.0043575
0.00602979
0.00644167
0.00421776
0.0039727
0.00381753
0.00611449
0.00433431
0.00363592
0.0025418
0.00189702
0.00187092
0.00598787
0.00442804
0.00600617
0.00602902
0.00433488
0.0032434
0.00513911
0.00479219
0.00510182
0.00271466
0.00553382
0.00597948
0.00312491
0.00533492
0.00448906
0.0038595
0.00375159
0.000948006
0.00106223
0.00401808
0.0064384
0.00485312
0.00333271
0.00771307
0.00256405
0.00438691
0.000682646
0.00202182
0.00117212
0.00439395
0.00431808
0.0034952
0.00343483
0.00432072
0.00490557
0.00365759
0.00277837
0.00352668
0.00345846
0.00328072
0.00108199
0.00283661
0.00229241
0.00669212
0.00129799
0.00102218
0.00330133
0.00348618
0.00464036
0.0035428
0.00393768
0.00374446
0.00229007
0.00425948
0.0059473
0.000353734
0.00205582
0.00224275
0.00546295
0.00514245
0.00288923
0.00260182
0.00303428
0.00603114
0.00638475
0.00551367
0.00494463
0.00271244
0.00478812
0.00266419
0.00232649
0.00266079
0.00521022
0.00420756
0.00638952
0.00317977
0.0046508
0.00386746
0.00382287
0.00419705
0.00207707
0.00587671
0.00564399
0.00308616
0.00386939
0.00393219
0.00651112
0.00388042
0.00340663
0.00301018
0.00579697
0.00540393
0.00594019
0.00378903
0.00551086
0.00333225
0.0044752
0.00299932
0.00321559
0.00423945
0.00492868
0.00414045
0.00560887
0.00312843
0.00375085
0.00396619
0.00515456
0.00353032
0.00588381
0.00689438
0.00459419
0.00419802
0.00452828
0.00337286
0.00357856
0.00506789
0.00386996
0.00393062
0.0045428
0.0040536
0.00452887
0.00399885
0.00360455
0.00632122
0.00439905
0.0063838
0.00856177
0.00690002
0.00693168
0.0068798
0.0069181
0.00438962
0.00368381
0.00597952
0.0064697
0.00643501
0.00417775
0.00558148
0.00525138
0.00480562
0.00591579
0.00673996
0.00530029
0.00409784
0.00447403
0.00318941
0.00499346
0.00504221
0.00596539
0.00319491
0.00466192
0.00492321
0.00532791
0.00550305
0.00477905
0.00506672
0.00696963
0.00695781
0.00671812
0.00687557
0.00325438
0.00462171
0.00595357
0.0056231
0.00420835
0.00275804
0.00337853
0.00575535
0.00468048
0.00478601
0.00679731
0.00508422
0.00483238
0.00392106
0.00435994
0.00692637
0.00683608
0.00527603
0.0056701
0.00443422
0.00544897
0.00614657
0.000938798
0.00381036
0.00377162
0.00653567
0.00675988
0.00588167
0.00640184
0.00625038
0.00698934
0.0043504
0.00444405
0.00432229
0.00689557
0.000833164
0.00610213
0.00594089
0.00702812
0.00705362
0.00557535
0.00609153
0.00555178
0.00606443
0.00352591
0.00366781
0.00371639
0.00473656
0.00392806
0.00632569
0.00450701
0.00404468
0.0058408
0.00670436
0.00687438
0.00689763
0.00576802
0.00691032
0.00626979
0.00632513
0.0058715
0.00444679
0.00589208
0.00449964
0.00670775
0.00678874
0.003726
0.00438772
0.00725813
0.00448451
0.00543725
0.00468518
0.00459364
0.000823712
0.00114187
0.0015248
0.00223819
0.00550993
0.00405888
0.00312388
0.00606243
0.0023258
0.00101538
0.00706799
0.00680378
0.00344524
0.000833932
0.00089094
0.00323861
0.00479905
0.00497577
0.00192149
0.00403363
0.00376716
0.00587814
0.00702521
0.00567101
0.00478652
0.00403709
0.00427005
0.00392959
0.00619769
0.0039094
0.00622985
0.0058196
0.00447657
0.00683607
0.00600542
0.00400767
0.00398677
0.00569637
0.00658699
0.00495527
0.00443199
0.00506445
0.00464268
0.00518265
0.00657658
0.00605187
0.00274474
0.00503528
0.00599302
0.00467408
0.00403668
0.00369659
0.00535776
0.00580976
0.00547477
0.00425846
0.00492471
0.00698374
0.000939833
0.000618918
0.00568352
0.00439994
0.00528146
0.00472227
0.0041848
0.00675358
0.00681766
0.00362108
0.00643603
0.006563
0.0045376
0.00681657
0.00460677
0.00629765
0.00423985
0.00438265
0.00664504
0.00449164
0.00571808
0.00426117
0.00322719
0.00699796
0.00422092
0.00451315
0.00308266
0.00466013
0.0069548
0.00487817
0.00651009
0.00417843
0.0042021
0.00432037
0.0039571
0.00295596
0.00259667
0.00332666
0.00292645
0.00660921
0.00381517
0.00457473
0.00443902
0.0037559
0.00484774
0.00592477
0.00431648
0.00427868
0.0028554
0.00192224
0.00371967
0.00421909
0.00382135
0.00667177
0.0049353
0.0045562
0.0053618
0.00350998
0.00295859
0.00339401
0.00479609
0.00346417
0.00338845
0.00322837
0.00529329
0.00365032
0.00623104
0.00493863
0.00479727
0.00432911
0.00306695
0.00329675
0.005728
0.00250627
0.00660706
0.00331386
0.00426515
0.00490296
0.00460147
0.00441298
0.00263767
0.00461243
0.00328367
0.00295185
0.00572249
0.00449282
0.00342408
0.00393097
0.00507073
0.0065144
0.00466626
0.0053395
0.00444385
0.00626418
0.00390905
0.00425238
0.00372616
0.00417777
0.00397783
0.00361488
0.0049718
0.00395684
0.00362676
0.0045106
0.00585749
0.00501053
0.00620196
0.00528199
0.00602548
0.00692619
0.0065711
0.00644565
0.00420532
0.00367468
0.00680225
0.00428223
0.00379739
0.00370315
0.00408772
0.00501179
0.00482992
0.00309553
0.00361285
0.00431798
0.0068055
0.00350979
0.00520307
0.00270572
0.0036957
0.00363549
0.00444459
0.00397533
0.00383637
0.0056002
0.00385083
0.00365281
0.00636049
0.00566977
0.00371216
0.00428637
0.00448294
0.00464888
0.00568374
0.0063965
0.00341934
0.00669917
0.00318079
0.00366572
0.00392624
0.000504724
0.000783392
0.00333797
0.00387687
0.000578996
0.00187582
0.00306364
0.00257629
0.000540633
0.000928679
0.00100326
0.00099847
0.00114891
0.00253489
0.000729398
0.00182936
0.000881826
0.00266659
0.00137188
0.000628902
0.00132387
0.00309802
0.00335748
0.000920966
0.00182564
0.000732921
0.00392378
0.0052004
0.00498009
0.00386224
0.00363565
0.00622473
0.0044095
0.00452507
0.00416598
0.00604812
0.00612829
0.00372794
0.00422561
0.00597918
0.00402067
0.00501494
0.00590159
0.00475931
0.00314427
0.00313984
0.00333519
0.00613946
0.00438294
0.00380167
0.00449921
0.00454764
0.00484333
0.0028402
0.00477208
0.00548053
0.00317088
0.0049616
0.0052118
0.00527232
0.00462252
0.00532704
0.00471043
0.00333652
0.00572587
0.0042264
0.00588715
0.00469907
0.00375528
0.00399142
0.00629181
0.00431716
0.00408489
0.00614555
0.00446527
0.00566912
0.00460271
0.00403994
0.00444283
0.00228825
0.00289347
0.0034389
0.00467768
0.0022584
0.0040847
0.00600247
0.00377442
0.0038022
0.00328054
0.00408758
0.00374808
0.00461481
0.0036714
0.00442351
0.00359062
0.0023128
0.00547583
0.00101094
0.0045836
0.00395078
0.00106893
0.000698253
0.00284489
0.00327017
0.00410289
0.00498325
0.00386945
0.00292251
0.00469145
0.00365867
0.00421524
0.00464677
0.00583508
0.00409541
0.00449239
0.00561405
0.00478606
0.00374314
0.00531026
0.00627355
0.00608196
0.00500641
0.00624591
0.00673289
0.00159625
0.00499184
0.00294865
0.00354404
0.0039435
0.00174771
0.00359798
0.00435264
0.00477377
0.00124794
0.00399804
0.00384597
0.00693726
0.00461816
0.0064379
0.00370446
0.00549553
0.00408645
0.00338284
0.00469074
0.00372993
0.00402863
0.00372761
0.00571099
0.00311703
0.0034488
0.000581619
0.00131666
0.000463998
0.0055768
0.00359385
0.00471519
0.0046347
0.00564994
0.00517601
0.00503343
0.005965
0.000690121
0.000560996
0.00683335
0.00211106
0.00407365
0.00715359
0.00530382
0.00533156
0.00526779
0.00283387
0.00569292
0.00129101
0.00509047
0.00532091
0.00306694
0.00562119
0.0039051
0.00572476
0.00411912
0.00427129
0.00371252
0.00364661
0.00383164
0.00390929
0.00440208
0.00714795
0.00704558
0.00732727
0.00429604
0.00323912
0.00261331
0.00372655
0.00391948
0.00593054
0.00686597
0.00385054
0.0044846
0.00371665
0.00373193
0.0045326
0.00347215
0.00226471
0.00437594
0.00469201
0.00540006
0.0049426
0.00533315
0.00390716
0.00436215
0.00511473
0.00556246
0.00502647
0.00253305
0.00345966
0.00396752
0.00369857
0.00627284
0.00500803
0.0053559
0.0047497
0.00711227
0.00593356
0.00254277
0.00408984
0.00396154
0.00506567
0.00457092
0.0047993
0.00290807
0.00598822
0.00579726
0.00561342
0.00468494
0.00693452
0.00642435
0.00608367
0.00649988
0.00643301
0.00656382
0.00502958
0.00587177
0.00554734
0.00324064
0.00622968
0.00529591
0.00623417
0.00446745
0.00484586
0.00613598
0.00596661
0.0065841
0.00510627
0.00465039
0.00512972
0.0027333
0.0051122
0.00441728
0.00311627
0.00109996
0.00468468
0.00449687
0.00395685
0.000872232
0.000694191
0.00164618
0.00323205
0.0018765
0.00170032
0.00490658
0.00367388
0.00113194
0.00188124
0.00470163
0.00481178
0.00511663
0.00500163
0.00452749
0.00435427
0.00533331
0.0065883
0.00618873
0.00648195
0.0066543
0.00516504
0.00663879
0.00317847
0.000873528
0.000573408
0.000511418
0.00100676
0.00234372
0.00407801
0.00299678
0.00594808
0.00533031
0.00618562
0.00534588
0.00298781
0.00180234
0.00282129
0.00203359
0.00564851
0.0110034
0.00498064
0.00623583
0.00352036
0.00436804
0.00470016
0.00394639
0.00514679
0.00531091
0.00531569
0.00289602
0.00322685
0.00557055
0.0049151
0.00641135
0.00336479
0.00590084
0.00558513
0.00497297
0.00692399
0.00469564
0.00492726
0.00689778
0.00325149
0.00602624
0.00400429
0.00333209
0.00565318
0.0065003
0.00660939
0.00668839
0.00224333
0.00592862
0.00551182
0.00498878
0.00426241
0.00528701
0.00439562
0.00615124
0.00428334
0.00373899
0.00364426
0.006342
0.00434754
0.004934
0.00499574
0.00678874
0.00670579
0.00518764
0.0061246
0.00599754
0.00655955
0.00684875
0.00423527
0.00673404
0.0068989
0.00588072
0.00522738
0.00473849
0.00443265
0.00638417
0.00424163
0.00601663
0.00491042
0.0046086
0.00672345
0.00618759
0.00698934
0.00500429
0.00776002
0.00743451
0.00477055
0.00319992
0.00409723
0.00366562
0.00345621
0.00456147
0.00178413
0.00238275
0.00319231
0.00202108
0.00283623
0.00433048
0.00258465
0.00305052
0.00589099
0.00644836
0.00479014
0.00411141
0.00470342
0.00493159
0.00568542
0.00619561
0.00625101
0.00577684
0.00351782
0.00332624
0.00358697
0.00614435
0.00653675
0.00502162
0.00355156
0.00377435
0.00381049
0.00418582
0.00330267
0.00417695
0.00492512
0.00448056
0.00585988
0.0049855
0.0043472
0.00305727
0.0029454
0.00454895
0.00601213
0.00701782
0.00548131
0.00614073
0.00594947
0.00376816
0.00513078
0.00361659
0.00559683
0.00539396
0.00431117
0.00438507
0.00443238
0.00477456
0.00518141
0.00542763
0.00315977
0.00460572
0.00297721
0.00477587
0.00453238
0.00535047
0.000859891
0.000994361
0.00443789
0.00371924
0.00677762
0.0051811
0.00525976
0.00510463
0.00604969
0.0038512
0.00301537
0.00372711
0.00684823
0.00543597
0.00511952
0.00538475
0.00442732
0.00602208
0.00451666
0.00467419
0.00337866
0.0065844
0.0061933
0.0046925
0.00576608
0.00611741
0.00432861
0.00463298
0.00471022
0.00413144
0.0057881
0.00421723
0.00512147
0.00616935
0.0038425
0.0029181
0.00241705
0.00329893
0.00446755
0.00289836
0.00380668
0.00378531
0.00428921
0.00368246
0.00429779
0.00526181
0.00433155
0.00396563
0.00333369
0.00387439
0.00288742
0.0034171
0.00396267
0.00394784
0.00396454
0.00598204
0.00423665
0.00330988
0.00499893
0.0057662
0.00616751
0.00588477
0.00510005
0.00560541
0.00500455
0.00390831
0.00675018
0.0049886
0.00336707
0.00655533
0.0032718
0.00295581
0.00677305
0.00109771
0.00201071
0.00169296
0.00531418
0.00594842
0.0021979
0.00437327
0.00334042
0.00311565
0.0045414
0.0040875
0.00458809
0.00447453
0.00454273
0.00602592
0.00405583
0.00104501
0.00242904
0.000877179
0.00443026
0.00475397
0.00473137
0.00452922
0.00454436
0.00545393
0.00342904
0.00411558
0.00431604
0.00376758
0.00435392
0.00402205
0.00489379
0.00427816
0.00312188
0.00530181
0.00434421
0.00564428
0.00392222
0.00527343
0.00377223
0.00394887
0.00324135
0.00605724
0.00633273
0.00636814
0.000653954
0.00259172
0.00510578
0.00502682
0.00179887
0.00178458
0.000865451
0.00460475
0.00583154
0.000602911
0.0045526
0.00414058
0.00481177
0.00417663
0.00707366
0.00156832
0.00363001
0.00680224
0.00384178
0.00440965
0.00587918
0.00596412
0.00489593
0.000713168
0.00526034
0.00132684
0.00628972
0.0044747
0.00683107
0.00518807
0.0046478
0.0064886
0.00618558
0.00636004
0.00674858
0.00336286
0.00346819
0.00306004
0.00487125
0.00303942
0.00342884
0.00453468
0.00690014
0.00446901
0.00407742
0.00580038
0.00355936
0.00516972
0.00408279
0.00638582
0.00580746
0.00468598
0.00679832
0.00672949
0.00493185
0.00567306
0.00622129
0.00446414
0.00465947
0.00592431
0.00358492
0.00667555
0.00510256
0.00586993
0.0055728
0.00598518
0.00381946
0.00439134
0.00463613
0.00314417
0.00494025
0.00578796
0.00675693
0.00683065
0.00346839
0.00540916
0.00454624
0.00499954
0.00562392
0.00744089
0.00271429
0.00383685
0.00547399
0.0063821
0.00671925
0.00519812
0.00433708
0.00390429
0.00599365
0.00500003
0.00424284
0.00790572
0.00544678
0.00872468
0.00899504
0.00520671
0.00522915
0.00370388
0.0030628
0.00120698
0.00342682
0.00325167
0.00507746
0.00683084
0.00524306
0.00387737
0.00312786
0.004241
0.00472489
0.00458023
0.00661297
0.00372183
0.00394017
0.00396809
0.00388523
0.00468779
0.00377235
0.00640485
0.00598388
0.00524047
0.00618454
0.00660039
0.00457492
0.00443916
0.00608005
0.00316282
0.00454045
0.00514039
0.00239082
0.00566181
0.00548819
0.00454932
0.00584832
0.00346495
0.00455845
0.00380071
0.00344591
0.00277686
0.00482617
0.00634839
0.00193083
0.0040138
0.00363174
0.00742303
0.00434169
0.00361726
0.000469406
0.00477744
0.00345853
0.00444557
0.00384914
0.0041226
0.00433119
0.00339032
0.00552393
0.00543827
0.00430428
0.00458398
0.00529292
0.00386058
0.00404703
0.00404715
0.00203668
0.0031043
0.00455713
0.00560745
0.00703824
0.000932864
0.00378173
0.00536144
0.00462702
0.00682966
0.00279391
0.000938571
0.00805048
0.00298647
0.0032324
0.00308256
0.0043141
0.00352353
0.00218339
0.00228976
0.00658006
0.00653697
0.00447813
0.0042577
0.00605567
0.00472351
0.00466013
0.0065431
0.00343068
0.00657465
0.00431774
0.00399809
0.0032209
0.00498587
0.00515694
0.00555375
0.00500458
0.00287015
0.00691887
0.00343982
0.0016735
0.00437738
0.00417737
0.0042052
0.00370631
0.00526703
0.00532152
0.003359
0.00460255
0.00390165
0.00397433
0.00430498
0.0056923
0.00359173
0.00486531
0.00624491
0.00540118
0.00453474
0.00385107
0.00457519
0.003164
0.00477683
0.00289921
0.00615018
0.00564554
0.00450868
0.0039104
0.00439444
0.00658338
0.00463017
0.00647944
0.00626968
0.00608414
0.000491899
0.00123179
0.00398062
0.00430506
0.00383768
0.00228287
0.00405242
0.00361343
0.00369482
0.00193087
0.000959763
0.00144848
0.00264541
0.00292202
0.0024604
0.00153985
0.00200246
0.00490426
0.0102564
0.000932411
0.00375207
0.00441657
0.00297722
0.00471088
0.00407945
0.00375329
0.00364528
0.00588978
0.00366716
0.00475527
0.00673346
0.00597537
0.00708983
0.0057409
0.00130075
0.00345445
0.000580689
0.00636475
0.00437501
0.0057735
0.00523574
0.00458053
0.00444742
0.00479528
0.00517228
0.00417167
0.00510903
0.00465149
0.00341702
0.000755108
0.00285703
0.00635995
0.00516099
0.00570749
0.00571535
0.00337474
0.00282622
0.00450662
0.0043062
0.00490179
0.00599113
0.00665711
0.0057506
0.00556571
0.00367744
0.00566139
0.00347122
0.00654741
0.00666835
0.00360264
0.00580415
0.00667419
0.00703975
0.00438634
0.00591005
0.00366255
0.00684349
0.0068514
0.00518546
0.00538026
0.00579612
0.00308131
0.00655205
0.00658165
0.00368776
0.00661666
0.00291106
0.00530616
0.00582736
0.00698437
0.00653314
0.00492779
0.00479392
0.00402237
0.00604228
0.0045281
0.00595228
0.00600566
0.00428891
0.00387383
0.00374706
0.00556965
0.00413578
0.00700656
0.00629425
0.00651251
0.00387236
0.00416789
0.00465097
0.00625594
0.00536878
0.00483334
0.00467575
0.00474492
0.00542996
0.0033561
0.00657441
0.00316877
0.00445373
0.00357596
0.00584358
0.00651862
0.00513639
0.00275407
0.00414984
0.00514141
0.00614546
0.00542573
0.00671265
0.00407502
0.00405092
0.00315749
0.00322137
0.00361451
0.00497689
0.00554297
0.00491958
0.00293396
0.00401791
0.00401959
0.00376906
0.0047805
0.00471649
0.00543501
0.00300747
0.00556112
0.0040845
0.00517974
0.00427549
0.00456985
0.00313628
0.00469363
0.0059776
0.0047954
0.00302542
0.00521243
0.00573533
0.00441337
0.00402807
0.00619671
0.00475077
0.00496687
0.00456368
0.00441232
0.00653549
0.00451075
0.00381437
0.0039215
0.00387221
0.00386822
0.00530031
0.00609658
0.00595639
0.0045109
0.00413506
0.00457228
0.00656637
0.00681165
0.0054168
0.00675141
0.0065807
0.00537528
0.00673603
0.00653772
0.00367741
0.00513029
0.00537392
0.00676406
0.00483044
0.00574994
0.00479305
0.00494339
0.00434743
0.00597842
0.00498737
0.00430067
0.00325242
0.00473689
0.00660813
0.00339023
0.00297837
0.00520671
0.00276549
0.00359279
0.00449154
0.0061191
0.00356859
0.00693564
0.00339254
0.00646582
0.00457059
0.00392349
0.00385873
0.00436633
0.0044594
0.00358233
0.00647847
0.00394614
0.00364795
0.00302088
0.0046104
0.00643789
0.00378871
0.00349765
0.00373632
0.00577976
0.00357159
0.00477988
0.00347982
0.00321008
0.00373107
0.0032516
0.00548965
0.00418933
0.000856291
0.000752742
0.00129596
0.00516242
0.00400903
0.00101771
0.00377311
0.00761599
0.00184481
0.0034152
0.00750557
0.00501279
0.00684365
0.00345557
0.00642294
0.00638181
0.00636487
0.00442372
0.00455446
0.00479659
0.00391213
0.00491358
0.00429237
0.00628497
0.00673827
0.00422423
0.0028863
0.00428567
0.00679683
0.00500363
0.00665674
0.00661852
0.00333085
0.00134948
0.00178579
0.00523326
0.00102548
0.00393496
0.00409962
0.000704056
0.00224147
0.000674287
0.00167114
0.00572493
0.00421545
0.0059484
0.00411546
0.00399012
0.0044306
0.00626081
0.00578916
0.00340218
0.00660698
0.00446654
0.00482697
0.00651489
0.00441465
0.00338945
0.00647633
0.00565164
0.00398548
0.00425333
0.0063509
0.00571585
0.00503489
0.00500711
0.0035336
0.00506414
0.00451613
0.00624595
0.00498968
0.000568072
0.005899
0.00180684
0.00441048
0.00907707
0.00576368
0.0010252
0.00624691
0.000751707
0.00462448
0.0041745
0.00187394
0.00593169
0.00584865
0.00539453
0.00543017
0.00440546
0.00587332
0.00593631
0.00371257
0.00427748
0.0017005
0.00189598
0.00147705
0.000401437
0.00398546
0.00434661
0.0036564
0.00695393
0.00409268
0.00079846
0.0041257
0.00487387
0.00364481
0.00368984
0.00385049
0.00487183
0.00787757
0.0044508
0.00748273
0.00381434
0.00644709
0.004521
0.00387218
0.00615077
0.00327305
0.00694136
0.00280958
0.00378817
0.0050091
0.00542013
0.00266493
0.000608799
0.00365142
0.00323101
0.0036568
0.00442058
0.003488
0.00508725
0.00465312
0.00468794
0.00477785
0.00119526
0.00450271
0.00769475
0.00360324
0.00388188
0.00432134
0.00529451
0.0047467
0.00369586
0.0033251
0.00654358
0.00442138
0.00478063
0.00568175
0.00539035
0.00553917
0.00613262
0.00565927
0.00640624
0.00502647
0.00361916
0.00654479
0.0049154
0.00212769
0.00247225
0.000903545
0.00389001
0.0057011
0.00420307
0.00585049
0.00405751
0.00408359
0.00416626
0.00334384
0.00643222
0.00578211
0.00188473
0.00689515
0.00513381
0.000433349
0.00494763
0.00451398
0.00493553
0.00467504
0.00387701
0.00535577
0.00438142
0.00367033
0.00432366
0.00441479
0.0034518
0.003519
0.00321963
0.00454899
0.00404997
0.0053115
0.00318038
0.00405754
0.00410602
0.00599616
0.00924897
0.00552869
0.0039018
0.000928286
0.004539
0.00368121
0.00677052
0.0042322
0.00175336
0.002562
0.00143077
0.00575574
0.0020311
0.00371626
0.00302233
0.00326826
0.00333086
0.00442211
0.00288341
0.00378549
0.00326016
0.00306118
0.00209945
0.00221339
0.00442692
0.00330826
0.0031412
0.00424374
0.00280613
0.00322195
0.00444674
0.00409798
0.00365491
0.00363321
0.00570539
0.00511044
0.0047152
0.00459281
0.00365095
0.00335897
0.00302019
0.00146632
0.00412661
0.000981604
0.00344487
0.00499055
0.000623483
0.00342131
0.00442701
0.0041352
0.0041381
0.00439947
0.00414719
0.00393878
0.00615834
0.00572463
0.00416389
0.00400702
0.0023216
0.00176885
0.00245958
0.00396228
0.00650074
0.00439116
0.00430192
0.00496595
0.00325726
0.00342411
0.00428277
0.00678755
0.00442185
0.0065119
0.00643034
0.00421521
0.00322438
0.00377092
0.00247396
0.00482775
0.00267074
0.00530887
0.00454883
0.00456236
0.00504632
0.00520348
0.00323668
0.00382729
0.00480997
0.0033339
0.00384955
0.00330611
0.00430371
0.00260134
0.00420462
0.00397774
0.00389581
0.00404538
0.00557704
0.00637763
0.00639466
0.00501143
0.0062801
0.00683718
0.00314858
0.00529186
0.00661986
0.00486371
0.00689867
0.00656067
0.00440981
0.00448072
0.00439754
0.00541212
0.00326107
0.00326601
0.00450703
0.00546601
0.00570553
0.00526052
0.00595029
0.00698278
0.00379041
0.00667539
0.00480654
0.00493593
0.00483102
0.00687134
0.00400072
0.00470396
0.00475726
0.00553456
0.0040569
0.00394445
0.00248796
0.00404232
0.00562945
0.00333322
0.00394329
0.0057502
0.00526313
0.00308143
0.00309263
0.00315481
0.00393561
0.00496099
0.000638526
0.000697426
0.0003792
0.00035037
0.00362158
0.00285828
0.00348102
0.00380808
0.00426757
0.00501929
0.00636796
0.00507428
0.00555826
0.00546194
0.00351487
0.00424942
0.00494149
0.00600745
0.00642139
0.00494586
0.00401015
0.00367496
0.00522191
0.00376927
0.00505032
0.00479262
0.00660702
0.00668313
0.00645345
0.00642365
0.0048974
0.00495422
0.00473494
0.00619899
0.00467046
0.00132433
0.00223894
0.00232567
0.00459062
0.00557083
0.00614622
0.00556756
0.00386199
0.00477502
0.00591833
0.00634702
0.0021361
0.00648896
0.00462723
0.00464663
0.00522897
0.00326105
0.00331444
0.00261297
0.00384727
0.00266592
0.00400765
0.00401256
0.00301911
0.00423641
0.00412118
0.00512314
0.00242473
0.000984317
0.00157808
0.0016827
0.00649487
0.00421488
0.00444604
0.0039242
0.00289853
0.00486471
0.00582296
0.00380575
0.00377738
0.00484357
0.00484764
0.00635356
0.00451527
0.00591171
0.00575852
0.00695479
0.00368381
0.00488509
0.00678717
0.00654917
0.00492972
0.00477364
0.00609058
0.00410327
0.00562574
0.00555926
0.00415763
0.00459607
0.00355205
0.00309055
0.0033865
0.00526027
0.00693459
0.00573203
0.00634816
0.00516717
0.00512825
0.00358182
0.00600099
0.00484887
0.00474371
0.00310573
0.0064144
0.00504689
0.00664881
0.00404707
0.00495951
0.00495387
0.00422928
0.00575422
0.00482535
0.00695209
0.00549122
0.00369721
0.00639352
0.00531029
0.0036857
0.0065044
0.00685594
0.00648641
0.00370211
0.00669691
0.00643179
0.00530883
0.00425761
0.00487098
0.00486227
0.00456976
0.00611369
0.00582401
0.00609178
0.00472602
0.00413839
0.00484278
0.00421501
0.00381984
0.00400555
0.00382825
0.0032948
0.00416638
0.00196425
0.00428978
0.00212352
0.00352256
0.00324034
0.00192003
0.0044835
0.00351792
0.00381093
0.00430323
0.0036393
0.00285021
0.00483523
0.00256298
0.00372977
0.00513653
0.00471788
0.00726644
0.00356267
0.00352837
0.00592249
0.00619708
0.00413696
0.00575653
0.00534552
0.00488483
0.0046137
0.00532464
0.00553089
0.00326493
0.00530712
0.00289577
0.00327707
0.00373758
0.00445691
0.00449542
0.00497279
0.00478061
0.00465735
0.00644821
0.00371649
0.00555305
0.00390282
0.00538533
0.00669735
0.00361713
0.00547785
0.00453038
0.0055727
0.00578012
0.00609066
0.00542273
0.00389002
0.0050586
0.00700122
0.00239127
0.00456696
0.00623829
0.00407399
0.00394344
0.0053849
0.00402331
0.00446893
0.00403407
0.00301917
0.00688244
0.00482072
0.0069765
0.00668637
0.00434827
0.0018309
0.00436867
0.00399056
0.00535892
0.00198065
0.00489424
0.00372639
0.00623447
0.00365901
0.00497381
0.00441722
0.00489601
0.00552161
0.00495218
0.00559077
0.00607652
0.00455919
0.00388945
0.00326023
0.00498368
0.00585089
0.00650322
0.00753291
0.00654832
0.00645375
0.00546525
0.00570237
0.0049184
0.00481588
0.00497168
0.00420358
0.00611857
0.00302638
0.00381294
0.00370258
0.00345986
0.00479956
0.00418584
0.00362648
0.00461251
0.00604202
0.00496655
0.00434471
0.00483254
0.00670459
0.0038347
0.000769626
0.00395345
0.000633365
0.0038461
0.0027287
0.00507369
0.00625709
0.00688135
0.00520437
0.00689456
0.000499533
0.000550847
0.00555192
0.00368868
0.00400766
0.000765519
0.00123973
0.00202223
0.00245866
0.00623838
0.00192069
0.00216949
0.00182003
0.00147423
0.0064088
0.00600239
0.00421574
0.00434409
0.00672157
0.00697987
0.00634326
0.00632499
0.00701133
0.00461612
0.00404312
0.00606744
0.00562301
0.00653897
0.00505722
0.00544124
0.00705906
0.00635987
0.00661099
0.00495947
0.00526916
0.00617816
0.00639667
0.00591753
0.00665236
0.00682248
0.00514001
0.00571251
0.00411625
0.00529815
0.0036557
0.00349399
0.00392887
0.00314963
0.00521093
0.00368703
0.00468343
0.00376402
0.00429614
0.00338625
0.00470963
0.00529949
0.00351168
0.00662266
0.00643021
0.00507724
0.0048225
0.00422419
0.00620978
0.00440827
0.00688781
0.00523845
0.00469227
0.00646895
0.00442463
0.00187052
0.00086448
0.00424639
0.0040596
0.00484019
0.000866008
0.00540867
0.00393159
0.00492377
0.00585241
0.00515171
0.00564419
0.0053666
0.00619912
0.00615631
0.00456023
0.00701398
0.00418443
0.0065541
0.00307835
0.003082
0.0049008
0.00376388
0.00571006
0.00347553
0.00423526
0.00473357
0.0049302
0.00516906
0.00476894
0.00556608
0.00597668
0.00563993
0.00294954
0.00692846
0.00606248
0.00791745
0.00145247
0.00476405
0.00521071
0.00404893
0.00296154
0.00560692
0.00604234
0.004902
0.00194534
0.00257326
0.00226736
0.00186467
0.00380612
0.00575858
0.00627795
0.0056684
0.00508101
0.00492062
0.00714319
0.00736639
0.00369351
0.00686627
0.00286999
0.00348617
0.00372153
0.00731173
0.00425478
0.00323132
0.00421668
0.00343558
0.00635276
0.00650703
0.00494007
0.00495051
0.00489451
0.00489862
0.00408012
0.00621704
0.00596856
0.00621228
0.00698335
0.00634436
0.00454967
0.00560436
0.00584373
0.00466194
0.00657399
0.0049175
0.0043589
0.00682193
0.0054028
0.00402724
0.00505291
0.00505834
0.00583038
0.00420489
0.00391656
0.00431809
0.00493334
0.00601594
0.00518477
0.00562474
0.00580014
0.00571123
0.00519594
0.00374369
0.00594717
0.00452799
0.00406922
0.00399227
0.00345809
0.00575365
0.0053655
0.00305737
0.0036413
0.00687863
0.00349422
0.00700702
0.00532725
0.00620812
0.00630954
0.00656363
0.00551476
0.00464081
0.00295562
0.00525653
0.00405129
0.0048404
0.00344511
0.00219601
0.00338021
)
;

boundaryField
{
    outlet
    {
        type            calculated;
        value           nonuniform List<scalar> 0();
    }
    walls
    {
        type            nutkWallFunction;
        blending        stepwise;
        value           nonuniform List<scalar> 
630
(
0.000290157
0.000353691
0.000319849
0.000236748
0.000376698
0.000355515
0.000421053
0.000416413
0.000472243
0.00046723
0.000423743
0.000418811
0.000462311
0.000428268
0.000341157
0.00046552
0.000348792
0.000345122
0.000367409
0.00033103
0.000295252
0.000435946
0.00032833
0.000370519
0.000383334
0.000294803
0.000357986
0.000324084
0.000366143
0.000379188
0.000349125
0.000440091
0.000436238
0.000373714
0.000326209
0.000349114
0.000305167
0.000354721
0.000327441
0.000337583
0.000343287
0.000405058
0.0003323
0.000446861
0.000349997
0.000406743
0.000453376
0.000418288
0.000412453
0.000439443
0.000553856
0.000323556
0.000558658
0.000321369
0.000314995
0.000359599
0.000425126
0.000430988
0.000518941
0.000413261
0.000362706
0.000295633
0.000364266
0.000357839
0.000322503
0.000441458
0.000521599
0.000449554
0.000454341
0.000459562
0.00029098
0.000346801
0.000476367
0.000372971
0.000469889
0.000393723
0.000453917
0.000440372
0.000463446
0.00037917
0.000347717
0.000367351
0.000451574
0.000457679
0.000353859
0.000430839
0.000345546
0.000341095
0.000296885
0.000349678
0.000264366
0.000260004
0.000346134
0.000341818
0.000264298
0.000365337
0.000239945
0.000235325
0.000306642
0.000513764
0.00040149
0.000361137
0.000302176
0.000509163
0.00046156
0.000357563
0.000446954
0.000453425
0.00040516
0.00049588
0.000283505
0.00048367
0.000449288
0.000353105
0.000417766
0.000424309
0.000334599
0.000480597
0.00034521
0.000339962
0.000250694
0.000637535
0.000336808
0.000331516
0.000363166
0.000358197
0.000447451
0.000442518
0.000410588
0.000298276
0.000490031
0.000438286
0.000443684
0.000398546
0.000359732
0.000355026
0.000393415
0.000364204
0.000402809
0.000297446
0.000536003
0.000494349
0.000445986
0.000468689
0.000390333
0.000384142
0.000403815
0.000398596
0.00032859
0.000409466
0.000493637
0.000487662
0.000436092
0.000430347
0.000386552
0.000259236
0.000503195
0.000530279
0.000304025
0.000463393
0.000547434
0.000348623
0.000476697
0.000482514
0.000488876
0.000440272
0.000606713
0.000469472
0.000260912
0.000480663
0.00036526
0.000642438
0.000411113
0.000485035
0.000395397
0.000285388
0.000406192
0.00040154
0.000414116
0.000409595
0.000422471
0.000418534
0.000491517
0.000476993
0.000434691
0.000428542
0.000472007
0.000478416
0.000503278
0.000509348
0.000291198
0.000371056
0.00037604
0.000486619
0.000303667
0.000368272
0.000380287
0.00037561
0.00031389
0.000359637
0.000365269
0.000407968
0.000519917
0.00032831
0.000333372
0.000422893
0.000417774
0.000500653
0.000428766
0.000511367
0.000507078
0.000486652
0.000480739
0.000420457
0.000415083
0.000593936
0.000402795
0.000511476
0.000516961
0.000427467
0.000431858
0.000319296
0.000412919
0.000524924
0.000541302
0.000505955
0.00051498
0.000489869
0.000494462
0.000333477
0.000388272
0.000422928
0.000488711
0.000433758
0.000428356
0.000509556
0.000504112
0.000398863
0.000393103
0.000408341
0.000404723
0.000378351
0.000383534
0.000508764
0.000536786
0.000501281
0.000505163
0.000334192
0.000510363
0.00051723
0.000545644
0.000406929
0.000401318
0.000505197
0.00039775
0.000429891
0.000425362
0.000430559
0.000426582
0.000413913
0.000409998
0.000403783
0.000418678
0.000413909
0.000408949
0.000453529
0.000318933
0.000390409
0.000396145
0.000521693
0.000502572
0.000540369
0.000536566
0.000535068
0.00034438
0.000399134
0.000534262
0.000520862
0.000313476
0.000384878
0.000534862
0.00053016
0.000430536
0.000381405
0.000446425
0.000465299
0.000423789
0.00044987
0.000431704
0.000428503
0.000439459
0.000435977
0.000542132
0.000444056
0.000393263
0.00038216
0.000387575
0.00030891
0.000488417
0.000489591
0.000465955
0.000533863
0.00053503
0.000325702
0.000354159
0.000533469
0.000503742
0.00053415
0.000482767
0.000537594
0.000480868
0.000461684
0.00045932
0.000437316
0.000433767
0.000441111
0.00043673
0.000449167
0.000445135
0.000341174
0.000495672
0.000497943
0.000537807
0.000503182
0.000485987
0.000490364
0.000478772
0.000387114
0.000383009
0.000570743
0.00056851
0.000571652
0.000585297
0.000362141
0.000384674
0.000632365
0.000464101
0.000551803
0.000556793
0.000462223
0.000501966
0.000465845
0.000560204
0.000493277
0.000503597
0.000491126
0.000491746
0.000492829
0.000309189
0.000290023
0.000313711
0.000462592
0.000294408
0.000454529
0.000467039
0.000381218
0.000459024
0.0003897
0.000385458
0.00025788
0.000422524
0.000383851
0.000379519
0.000323613
0.000387846
0.000331698
0.000327735
0.000303272
0.000482326
0.000295325
0.000434151
0.000489648
0.000429964
0.000485928
0.000437982
0.000299327
0.000399984
0.000314674
0.000309827
0.000445743
0.000364102
0.000443794
0.000437814
0.000424956
0.000419227
0.00040993
0.000430511
0.000365851
0.000442619
0.000376653
0.000371278
0.000321038
0.000316156
0.000414781
0.000454719
0.000400099
0.000277859
0.000408674
0.000425746
0.000442491
0.000420242
0.000367478
0.000353573
0.000383706
0.000615732
0.000439217
0.000468034
0.000462245
0.000418158
0.000473692
0.000434431
0.000293346
0.000516762
0.000405457
0.000507958
0.000523446
0.000513897
0.000422732
0.000470251
0.000474842
0.000544366
0.000465423
0.000503593
0.000509182
0.000539008
0.000453903
0.000379367
0.000406247
0.000436082
0.000336942
0.000353856
0.000347787
0.000413479
0.000360878
0.000298626
0.000419361
0.000415872
0.000304211
0.000481913
0.000476126
0.000504957
0.000487543
0.000449894
0.000410971
0.000416448
0.00057579
0.000405571
0.000459643
0.000347331
0.000332763
0.000327031
0.000362094
0.00048465
0.00042109
0.000367519
0.000453062
0.000447517
0.000501891
0.000496539
0.000464914
0.000373565
0.000397066
0.000410112
0.000425989
0.000261584
0.000357324
0.000363533
0.000403584
0.000341358
0.000351208
0.000484159
0.00040256
0.000397719
0.000445791
0.000607462
0.000489423
0.000479697
0.000364588
0.000451344
0.000649116
0.000329909
0.000403213
0.000409348
0.00035185
0.000453362
0.000364199
0.000396944
0.000334163
0.00044546
0.000362446
0.000357955
0.000366977
0.000341911
0.000350827
0.000346581
0.000482481
0.00036274
0.000366245
0.00056446
0.00037175
0.000303088
0.000365256
0.000466849
0.000378657
0.000383526
0.000403757
0.000409605
0.000522364
0.000374398
0.000512593
0.000408678
0.000543822
0.00039815
0.000404616
0.0004473
0.000298648
0.00039789
0.000533655
0.00036196
0.000450489
0.000519847
0.00034738
0.00045429
0.000356082
0.000515727
0.000567189
0.000450563
0.000460986
0.000455532
0.000466192
0.000388144
0.000390566
0.000416478
0.000403825
0.000345703
0.000379401
0.000383681
0.000387638
0.000426618
0.000531821
0.000524818
0.000406437
0.000411463
0.00038374
0.000366252
0.000340773
0.000571176
0.000429516
0.00048021
0.000429247
0.000461874
0.000569414
0.000333825
0.000394214
0.000414283
0.000473504
0.000385868
0.000504677
0.000400816
0.000434781
0.000475466
0.000480068
0.000406459
0.000411572
0.000402358
0.00036852
0.000434034
0.000357896
0.000468674
0.000375401
0.000413327
0.000407757
0.000416784
0.000378477
0.00039309
0.000397336
0.000356913
0.000304697
0.000312481
0.000308615
0.000411495
0.000407414
0.00037953
0.000415202
0.000387621
0.000383576
0.000193409
0.000430103
0.000207193
0.000351547
0.000269237
0.000202226
0.000425756
0.000355754
0.000198041
0.000396053
0.000351487
0.000206939
0.000516263
0.000510265
0.000394119
0.000522003
0.000404806
0.000399427
0.000364407
0.000601069
0.000370154
0.0004526
0.000384204
0.000346267
0.000416951
0.000422978
0.000463445
0.000468427
0.000342956
0.000447066
0.000499435
0.000471708
0.000458241
0.000468158
0.000452672
0.000593038
0.000606513
0.000453405
0.000503439
0.000459723
0.000462466
0.000446918
0.00045828
0.000599812
)
;
    }
    inlet
    {
        type            calculated;
        value           nonuniform List<scalar> 0();
    }
    model
    {
        type            nutkWallFunction;
        blending        stepwise;
        value           nonuniform List<scalar> 
129
(
0.000158469
0.000197301
0.000180724
0.00016102
0.000175042
0.000188661
0.000253444
0.000190013
0.000271465
6.94075e-05
8.55921e-05
3.68108e-05
9.36163e-05
0.000101066
9.58323e-05
7.89563e-05
6.85304e-05
4.10684e-05
0.000115057
0.000119146
7.758e-05
8.56044e-05
3.89374e-05
0.000110168
0.00011585
8.10538e-05
6.88477e-05
8.92297e-05
9.48157e-05
0.000112679
9.1569e-05
9.46413e-05
0.00010497
0.000114223
0.000133534
0.000116106
9.41029e-05
9.50398e-05
8.66712e-05
8.92155e-05
9.69983e-05
0.000100597
0.000105784
0.000105189
0.000110759
4.60171e-05
5.7716e-05
5.57667e-05
6.79812e-05
6.00476e-05
5.96051e-05
7.02262e-05
4.48361e-05
6.17638e-05
4.96043e-05
4.77186e-05
9.13442e-05
8.86466e-05
0.000111544
0.000107991
9.62602e-05
9.90935e-05
0.000132473
0.000104956
9.35148e-05
0.000139705
9.99809e-05
0.000221899
0.00023733
0.000284326
0.000206198
0.00028534
0.000205508
0.000219616
0.000212446
0.000298915
0.000233352
0.000268207
0.000285481
0.000294817
6.26559e-05
6.67199e-05
6.54531e-05
7.58858e-05
7.99045e-05
6.88572e-05
6.95302e-05
0.000123783
0.000121236
9.68022e-05
9.71469e-05
0.000117007
0.000113647
0.000108141
0.000123808
0.000112031
0.000114696
0.000147336
0.00015634
0.000109978
0.000154226
0.000122954
0.000136228
0.000192343
0.000101213
0.000254208
0.000200291
0.00018373
0.000233107
0.000136218
0.000105973
0.000112497
0.000128153
0.000205445
0.000224404
0.000184811
0.000246845
0.000250631
0.000193081
0.000211263
0.000229719
0.000248484
0.000196452
0.000326825
0.000195189
0.000279304
0.000226609
0.000263577
0.000228656
)
;
    }
    procBoundary1to0
    {
        type            processor;
        value           nonuniform List<scalar> 
151
(
0.00692834
0.00518324
0.0051097
0.006927
0.00670455
0.00316442
0.00332913
0.00447849
0.00470979
0.00566454
0.00410046
0.00516101
0.00459475
0.00676737
0.00428098
0.00392697
0.00670531
0.00454533
0.00628367
0.00654937
0.00312205
0.00363616
0.00558725
0.00390692
0.0061599
0.00516437
0.00578195
0.00566454
0.00450198
0.0064711
0.00379024
0.00709182
0.00578195
0.0058586
0.00597995
0.00330621
0.00364775
0.00395124
0.00407611
0.00462466
0.00428499
0.00498552
0.00516614
0.00653908
0.00657053
0.00349365
0.00373353
0.00562396
0.00504941
0.00641723
0.00628723
0.00674276
0.00674276
0.00692372
0.00416774
0.00650795
0.00711485
0.00705226
0.00442029
0.00552047
0.00713815
0.00698588
0.00358019
0.0060494
0.00652995
0.0068964
0.0055892
0.00482706
0.00468758
0.00695195
0.00584869
0.00552047
0.00673419
0.00669732
0.00709539
0.00432301
0.0037325
0.004733
0.0030013
0.00324865
0.00460146
0.00347391
0.00643043
0.00650363
0.00521956
0.00367364
0.00571307
0.00396321
0.00324966
0.00461629
0.00373907
0.00403854
0.00488097
0.00386934
0.00611575
0.00444672
0.00704236
0.0070517
0.00469703
0.00612555
0.00423794
0.00636836
0.0047991
0.0047991
0.00485151
0.00447623
0.00703774
0.00706496
0.0070226
0.00455554
0.00418312
0.00584839
0.00698804
0.00668929
0.00416682
0.00411705
0.00704395
0.00631682
0.00508373
0.00306111
0.00656176
0.0044894
0.00372664
0.00625941
0.00695174
0.00338746
0.00705539
0.0053779
0.0034984
0.00639753
0.00569638
0.00681968
0.0048957
0.00670517
0.00601234
0.00319749
0.00571925
0.00662735
0.00666442
0.00693258
0.00661968
0.00372787
0.00659341
0.00691812
0.00637802
0.00436347
0.00385435
0.0038433
0.00695311
0.00665089
0.00485947
)
;
    }
    procBoundary1to2
    {
        type            processor;
        value           nonuniform List<scalar> 
103
(
0.00411035
0.00294702
0.00459958
0.0046033
0.00211103
0.00661671
0.00509045
0.00433298
0.00503161
0.00361626
0.00408248
0.00337001
0.00377527
0.00407952
0.00696294
0.00558029
0.00606442
0.00433828
0.00584128
0.00603011
0.00534423
0.00458663
0.0050112
0.00366315
0.00368887
0.00681715
0.00586404
0.0032592
0.0051696
0.00307642
0.00443541
0.00622983
0.00436061
0.00263727
0.00740208
0.00672647
0.00337508
0.00407277
0.00301403
0.00319355
0.00256297
0.00474561
0.0066036
0.00221286
0.00311743
0.00317598
0.00409698
0.00741444
0.0030189
0.00341354
0.0070484
0.00355581
0.00419086
0.00402332
0.00315108
0.00470973
0.00272358
0.00336161
0.00270534
0.00395313
0.000665032
0.00563894
0.0056875
0.00183288
0.00209086
0.0030789
0.00449389
0.00396998
0.0034779
0.00302903
0.00530146
0.00336161
0.00354024
0.00321444
0.0022196
0.00410047
0.00395365
0.00603011
0.00686327
0.00474226
0.00195306
0.00403695
0.00418071
0.00264947
0.00328564
0.00423189
0.00399894
0.00358526
0.00315088
0.00469309
0.00410435
0.00412076
0.00653512
0.00656424
0.00415737
0.00357096
0.00492462
0.0036896
0.00422551
0.00293825
0.00293825
0.0033843
0.00741108
)
;
    }
    procBoundary1to3
    {
        type            processor;
        value           nonuniform List<scalar> 
15
(
0.00294071
0.00202756
0.0023789
0.00234311
0.00252078
0.00184752
0.000390552
0.000653515
0.000653515
0.0021455
0.00346102
0.00209332
0.00209642
0.00218572
0.00346827
)
;
    }
    procBoundary1to4
    {
        type            processor;
        value           nonuniform List<scalar> 
43
(
0.0064509
0.0032115
0.00260241
0.00649361
0.00311752
0.00289107
0.00685323
0.00599108
0.00683222
0.0046048
0.00394376
0.00455645
0.00332461
0.00529163
0.00530243
0.00275826
0.0031415
0.00330464
0.00444458
0.00711562
0.00345483
0.00398143
0.00335005
0.00408766
0.00332461
0.00386015
0.00239686
0.00727854
0.00500933
0.00538569
0.0030319
0.00501889
0.00584633
0.00696414
0.00318352
0.00651668
0.0056632
0.00699496
0.00496109
0.00557635
0.00361727
0.00554477
0.00385346
)
;
    }
    procBoundary1to5
    {
        type            processor;
        value           nonuniform List<scalar> 
57
(
0.00389856
0.00392263
0.000434806
0.00312443
0.0021173
0.00125919
0.00060148
0.00314571
0.00308656
0.00526843
0.00324433
0.0036729
0.00463706
0.00461577
0.0042551
0.00563493
0.00146614
0.000629742
0.00443595
0.00301303
0.00468885
0.00453589
0.00833231
0.00171806
0.00188003
0.0011973
0.0011973
0.00273775
0.00787847
0.0021228
0.00445704
0.00531641
0.00270332
0.00430077
0.00453546
0.00274824
0.00450339
0.00168747
0.000888558
0.00201719
0.00248049
0.00339597
0.00605379
0.00735961
0.00283989
0.00548681
0.00684308
0.00264206
0.00515742
0.00471703
0.00505398
0.00328536
0.00403029
0.00110577
0.00327629
0.0038723
0.00417208
)
;
    }
    procBoundary1to7
    {
        type            processor;
        value           nonuniform List<scalar> 6(0.00231397 0.00202262 0.00271101 0.00406827 0.00205616 0.00154824);
    }
    procBoundary1to8
    {
        type            processor;
        value           nonuniform List<scalar> 
109
(
0.00456629
0.00326707
0.00265382
0.00595423
0.00331379
0.00457322
0.00513602
0.00337842
0.00329765
0.000637143
0.0030133
0.00347448
0.00404392
0.0020417
0.00369313
0.00396409
0.00510002
0.000389199
0.0006078
0.000790716
0.000451274
0.00343004
0.00377774
0.00365938
0.00371177
0.00458212
0.00131485
0.00414766
0.00325622
0.00286575
0.0026846
0.00285007
0.00326707
0.00324038
0.00300416
0.00399871
0.00353056
0.0042045
0.00418752
0.0057751
0.0055439
0.00325235
0.00558091
0.00406174
0.0037786
0.00234936
0.00356013
0.00687636
0.00394286
0.00227837
0.00513602
0.00246122
0.00308699
0.0028742
0.00535157
0.00618503
0.00209113
0.00486406
0.00598682
0.0023735
0.00380748
0.0015346
0.00500074
0.00382325
0.00366782
0.00141035
0.00522194
0.00102613
0.00276232
0.0036035
0.00364222
0.000974403
0.00284157
0.00298226
0.00420119
0.00462964
0.00259004
0.00647153
0.00529576
0.00499807
0.00108595
0.0038272
0.0065477
0.00256708
0.0010649
0.00280983
0.00343718
0.00378366
0.00420119
0.00462964
0.0065477
0.00249654
0.00383157
0.00344301
0.00104514
0.000806918
0.00447951
0.00379333
0.0037786
0.00386281
0.00359721
0.00361627
0.00279575
0.005001
0.00265535
0.00420419
0.00329496
0.00509015
0.00361019
)
;
    }
    procBoundary1to10
    {
        type            processor;
        value           nonuniform List<scalar> 
67
(
0.00383815
0.00321454
0.00188683
0.00404188
0.00616777
0.00573812
0.00541046
0.00252089
0.00348844
0.00286724
0.00520539
0.0036798
0.00412262
0.00557652
0.00608201
0.00406419
0.00397141
0.00419225
0.00526998
0.00482346
0.00311461
0.00482249
0.00424127
0.00368942
0.00475603
0.00324082
0.00324082
0.00498499
0.00481412
0.0062282
0.004145
0.00365712
0.00404443
0.00345538
0.0032842
0.00454546
0.00645196
0.00350024
0.00575542
0.00572051
0.00492982
0.00493752
0.00495575
0.00395141
0.0045455
0.00385478
0.004882
0.00364414
0.00539317
0.00440734
0.00493752
0.00624679
0.00567052
0.00650944
0.00539912
0.00433976
0.00436547
0.00436547
0.00348157
0.00438611
0.00355907
0.004992
0.00419259
0.00498321
0.004537
0.00328231
0.00361291
)
;
    }
}


// ************************************************************************* //
