/*--------------------------------*- C++ -*----------------------------------*\
| =========                 |                                                 |
| \\      /  F ield         | OpenFOAM: The Open Source CFD Toolbox           |
|  \\    /   O peration     | Version:  2506                                  |
|   \\  /    A nd           | Website:  www.openfoam.com                      |
|    \\/     M anipulation  |                                                 |
\*---------------------------------------------------------------------------*/
FoamFile
{
    version     2.0;
    format      ascii;
    arch        "LSB;label=32;scalar=64";
    class       surfaceScalarField;
    location    "0.0501868";
    object      phi;
}
// * * * * * * * * * * * * * * * * * * * * * * * * * * * * * * * * * * * * * //

dimensions      [0 3 -1 0 0 0 0];

oriented        oriented;

internalField   nonuniform List<scalar> 
7321
(
0.000985894
0.000334588
-0.00235179
0.00103131
-0.0565921
-0.0343371
0.0795163
-0.0521456
-0.0273707
-0.0133879
-0.00817091
0.0318334
-0.0102745
0.00872951
-0.00684122
-0.00152769
0.00135347
0.000672942
-0.000690606
-0.00133581
-0.000609057
0.00196253
-0.00035262
0.00626295
0.00391515
-0.0335693
0.0102555
0.0107461
0.017328
-0.0112703
-0.0168037
-0.00121618
-0.00152702
0.00390905
-0.00176437
-0.000765081
0.00281526
-0.00028581
0.0040067
0.00378186
-0.00186825
-0.00592031
0.00198436
-0.0133774
-0.00177559
0.0131687
0.00118078
0.0311604
-0.0250932
-0.00724792
0.000206498
0.00226886
-0.000635205
0.00123863
-0.001085
5.28639e-05
-0.000751514
0.000754521
-0.000140754
0.000137747
-0.00062206
-0.000129453
-0.000152015
-0.00436299
0.0242839
-0.0197689
-0.000956363
0.000592771
0.000282522
8.10705e-05
-0.00743921
-0.00245297
-0.0158438
0.025736
-0.00621259
0.0229461
0.000502853
-0.00124557
0.00102037
-0.000277653
-0.0455606
0.00840274
-0.000332732
-0.000499913
-0.00224073
0.00307337
0.00305798
-0.00180415
0.00210434
-0.00335818
-0.00974383
0.0120989
-0.00940177
0.000521468
-0.000425499
-9.59689e-05
0.00485545
-0.00276733
-0.000302512
-0.00178561
0.000356292
0.000221104
-0.000531092
-4.63045e-05
-0.0189846
-0.032906
0.0639191
-0.0120285
0.028168
-0.00207332
-0.00572859
0.0204645
-0.00398987
0.00143333
0.00416197
-0.0131017
0.0075064
-0.0023077
-0.00279151
0.00112016
0.00397905
0.00264501
0.00774519
-0.00384148
-0.00654872
-0.02303
-0.00365728
-0.0120991
0.0387864
-0.00114723
0.000767833
-8.66307e-05
0.000466029
-0.00562494
0.0363236
-0.0132539
-0.00176954
-0.00652252
0.021546
0.0111186
-0.0127573
0.00076526
0.00130682
0.00725953
0.000396789
0.0235892
-0.00788532
-0.00536797
-0.0103359
-0.0299749
0.0229182
-0.0237582
0.0308149
0.0010189
0.00237468
-0.00298219
-0.000411395
0.0246168
-0.0276931
0.0009423
-0.000942121
0.00205768
-0.000110039
-0.00100552
-0.00227889
0.00111663
0.000445511
0.000716755
0.000110473
-0.00986443
0.0124184
-0.00266444
-0.00182587
0.00218214
-0.00011781
-0.000238456
0.00359504
-0.000733841
-0.00138304
-0.00147817
-0.000480976
0.00220325
0.000946033
-0.00266831
-0.000958487
-0.00409636
0.00491194
0.00014291
0.0111124
-0.0119608
-0.0483281
0.0491765
-0.00746345
0.00781379
-0.00506829
0.00471795
0.0553813
-0.0430881
0.0171654
-0.0102737
-0.0107128
0.00382115
-0.0181402
0.0115591
0.0127714
-0.00619021
0.018481
0.00960683
-0.0151281
-0.0129598
-0.00174974
-0.00670835
0.00225639
0.0062017
-0.000525038
0.0308606
0.0133656
-0.0142424
0.00370659
-0.00282983
-0.0137819
0.0134002
0.00668239
-0.00630063
0.00921123
0.0024749
-0.00274575
-0.0372068
-0.0217861
0.0617386
0.00696306
0.00694667
-0.0127549
-0.00115484
-0.00121929
0.00160551
0.00056608
-0.000952305
-2.14176e-05
0.00136927
0.00597941
-0.00732726
0.000779173
0.000477145
-0.00136732
0.000111006
0.0093919
-0.00616833
-0.00358033
0.00035675
0.00258517
0.00245345
-0.000476926
0.0028219
0.000553394
-0.00206713
0.000612787
-0.000617304
0.00207165
0.000479644
-0.000607599
0.000127955
0.000393409
8.62355e-05
-5.32728e-05
0.000860741
-0.00041406
0.00237873
-0.00353808
-0.00200375
0.00316311
-0.00163803
0.00296886
0.00104791
-0.0678263
0.0697162
-0.0307833
0.0288934
-0.000429269
0.000139872
-0.000311725
0.000601122
0.000740153
-0.000109885
-0.000630268
-0.0037492
-3.66972e-05
0.000247819
0.00345745
0.00204564
-0.00839995
0.00289686
-0.00114802
0.0160434
0.0547762
-0.0696715
0.000770315
0.000853355
-0.000926145
-0.000697525
0.000727627
-0.00053033
-0.000197297
0.000739319
0.000313688
-0.000325379
-0.00261385
0.000180861
0.000815572
0.00161742
0.0145212
0.00156327
0.000973822
-0.0170583
-0.0125406
0.0129679
-0.00961712
0.00918979
-0.02753
0.0275121
0.0374759
-0.037458
0.00149164
-0.000281996
0.0013937
-0.00260335
0.00295066
0.00146103
-0.00399642
-0.00041526
-0.0573328
0.0408724
0.0361049
0.00691621
-0.0430211
0.00105541
-0.000338894
-1.87808e-05
-0.000697736
-0.0976286
0.013667
8.64066e-05
-0.00138025
-0.000728669
0.00202251
-0.002075
0.000162414
-0.00129
0.00320259
0.0106952
-0.0119101
0.0109021
-0.00968725
-0.0129489
0.00438188
0.015211
-0.00664406
0.0471492
-0.0597637
-0.00953481
0.0111071
0.00581168
0.0063357
-0.0216822
-0.00027048
0.000178778
0.000346659
0.0125612
-0.00108527
-0.00708477
-0.00439118
-0.00860634
-0.00168414
0.00937491
0.000915563
0.0116458
-0.0325974
0.00314057
-0.0076134
0.00502927
0.0047531
-0.00216896
3.54359e-05
-8.36332e-05
-0.000145826
0.000194024
-8.18466e-06
-0.000314016
0.000357637
-2.84409e-05
-5.51923e-05
-7.46843e-06
0.000212985
-0.000233957
0.000303849
-0.000319502
-0.000225494
0.000321253
-0.000390255
0.000294497
-4.37897e-05
-0.000181705
-0.000223412
-0.000447455
-0.000155273
0.00082614
0.00316327
-0.000341853
4.88157e-07
0.00440401
-0.000263563
-0.00178497
-0.00235548
0.00601917
-0.0190603
0.00312672
0.00991441
-0.00194181
0.00101625
-0.00282365
-0.0230353
0.0125498
-0.00175496
0.0122405
0.00118434
-0.000726391
-0.000457953
0.00504484
-0.00798219
0.0119883
-0.00905096
-0.000733933
-0.000760278
0.00149421
0.0193728
-0.0104435
0.00368869
-0.0126179
0.000968662
0.000109524
-0.00298914
0.00191095
-3.42103e-05
-0.00124528
0.00147635
-0.000196854
0.00209736
0.000814171
-0.000781872
0.00940702
0.0114449
-0.0043141
0.00460039
0.000829765
0.00406326
-0.00949342
0.00915166
-0.0138384
0.00293835
0.00174842
-0.00371906
-0.0103929
0.00508742
0.00902457
0.000622226
-0.000114764
-0.000507463
9.38926e-06
0.000752202
-0.000139365
0.000357114
0.000397406
0.000342231
-0.000315709
-0.000167275
0.000540669
-0.000183555
-0.0103018
0.0110587
-0.00167278
0.00091582
-0.000336489
-0.000795889
0.000525996
0.000606382
0.000298035
0.000566031
-0.000323397
-0.000680479
-0.00312908
0.00308112
0.000728436
-0.00107616
0.000445997
0.000515396
-0.00355401
0.00230561
-0.00417602
0.00196626
-0.00732348
1.67543e-06
0.00535555
-0.000860767
0.00128664
-0.000116191
-0.000309677
0.00013414
-0.000998071
-0.000212226
-0.000738673
-0.00312916
0.00217254
0.00169529
-0.00436333
-0.0138058
0.0287251
-0.010556
-0.00863706
0.00724622
0.00955318
-0.00816234
-0.00321957
0.000467562
0.00275201
-0.0260433
0.0150443
0.0141691
-0.00317007
0.000473876
-0.000639401
0.00781132
-0.00845307
-0.0072845
0.00792626
0.00149125
-0.00555168
0.00196332
0.00209711
0.00015821
1.62859e-05
-0.000114434
-6.00619e-05
-0.00514419
0.00167738
-0.000463577
0.00393039
0.00147728
0.0067174
-0.00161817
0.00324517
0.0041845
0.00145996
-0.00888963
-0.00477359
-0.0143218
0.0217404
-0.000839068
0.00109614
-0.000257068
-0.00098726
-0.000525239
0.000673431
0.000174863
-0.00156832
-0.00446428
0.00585773
0.000151706
0.000334456
0.000640964
-0.000345878
2.9495e-06
-0.000235277
2.11492e-05
0.000214128
-0.0012411
0.00150921
-0.000268114
2.88764e-05
0.000100194
-0.00012907
0.000370868
-0.000457257
0.000115265
-0.00080415
-0.00222351
0.00508004
-0.00057027
0.000120669
-0.000249723
0.000699324
-0.000419116
-0.000151154
0.000301947
-0.000149464
-0.000152484
-0.000433056
0.000365397
0.000430661
-0.000363002
-0.00138728
-0.000405429
0.00210947
-0.00031676
-0.00337417
-0.00221338
0.00454065
0.00104691
0.000537156
-0.0104001
-0.0144687
0.0243316
-0.00037242
-0.000967804
0.000578269
0.000761955
0.00142053
-0.000713113
0.00134246
-0.00204988
-0.00601855
-0.0645942
0.0192431
0.0513696
-0.00340066
0.00079113
-0.000824813
0.00343435
-0.00290903
-0.000148745
-0.000795441
0.00385321
0.000188247
-0.00115855
-0.00243036
0.0114948
-0.0118703
-0.0111718
0.0115473
-0.0138562
-0.015585
-0.00129663
0.0307378
-0.00118623
-0.00334694
0.00245817
-0.00164518
-0.00335925
0.00485347
0.000150963
0.00821184
-0.00630051
-0.00211966
0.000208333
-0.00396797
-0.00190188
-0.0318421
0.0197832
0.0186554
-0.00659653
-0.00341002
0.000241522
-0.000328244
0.00349674
0.000378771
-0.000408698
0.000889738
-0.00085981
-0.0001724
0.00118109
-0.000999301
0.00655488
0.00851171
-0.00758578
-0.00748082
-0.00409673
-0.00697451
0.0161161
0.00270444
0.00420267
-0.000352235
0.0117839
0.000923847
0.00402688
-0.0033482
0.000655341
0.00465911
0.0020143
0.0016953
0.00084999
-0.00455959
0.00118933
0.000628132
-0.00127952
-0.000537945
0.00444319
-0.00319286
0.00335006
-0.000159232
-0.000273825
-0.000643391
-0.00864971
0.00460649
0.00468661
-0.000112267
0.000122944
-1.06767e-05
-0.00799977
0.00516342
-0.00385688
0.00669322
0.00608812
-0.00569825
0.00439873
0.00215756
0.00684164
-0.00899921
-0.00290686
-0.00122121
0.00688616
-0.00275809
0.00388479
-0.00703329
0.00139876
0.00914304
0.00329631
-0.0120985
-0.000340851
0.000314089
0.000194823
-0.000508912
-0.00257237
0.00589049
0.00401009
-0.00732821
0.000537227
-0.000186324
-0.000350903
0.000781391
0.00144644
0.00083015
0.00131508
0.000592048
-0.00304116
0.00113403
0.00268365
0.00534801
-0.00434641
-0.00368525
-0.00567756
-0.000208579
0.00297122
0.00291491
-0.000920565
-0.000648539
-2.70457e-05
0.00159615
0.00223807
0.000395128
0.00080675
-0.000850552
-0.00186823
0.00275922
-0.00107154
0.000180549
-0.000278258
-0.000497627
0.0021241
-0.00134821
-0.00169655
-0.000936531
0.00991543
-0.00728234
-0.012718
-0.00971405
0.00609005
0.016342
0.00224849
0.000733015
0.0025061
0.00269307
-0.000956179
-0.00424299
-0.00054683
0.00100001
0.000532719
0.00212624
-0.00114911
0.000772711
-0.00174984
0.000133223
0.00922928
-0.00317355
-0.00618896
0.00251927
-0.00216423
-0.000326774
-2.82668e-05
0.00757475
-0.00213776
-0.00642972
0.000992734
0.00448069
-0.00222869
0.000212923
-0.00246493
0.00250672
-0.0039459
-0.00234074
0.00377992
-0.0565799
0.0310027
0.0130825
0.0124947
-0.00243013
-0.00140088
0.00244159
0.00138943
-0.000143416
7.89663e-05
6.44497e-05
0.0134243
-0.00448543
-0.00530887
-0.00362999
0.000979951
-0.00264428
0.00185258
-0.00391462
-0.0105824
0.00632025
0.00817676
-0.000495325
0.000692409
-0.00153553
0.000733139
-0.00198845
0.00279084
-0.00316445
-0.000342364
0.0107981
-0.00729126
0.0045815
0.00275732
-0.00340238
-0.00393644
-0.0015708
0.00937417
-0.00232326
-0.00548011
9.41908e-05
-0.0073456
0.00483284
0.00241857
0.00275622
0.00964944
0.000137808
-0.0125435
0.000496951
-0.00202922
0.00565834
-0.00412607
-0.000741256
-0.00367939
0.00126977
0.00315087
0.000187256
0.00199726
0.00258169
0.00932605
-0.00635412
0.00592435
-0.00889629
-0.00170247
0.00576792
-0.00150094
-0.00256452
0.00967434
0.0148951
0.00491022
-0.0173983
-0.00565219
0.000321511
0.000797822
-0.00052811
-0.000591223
0.0025163
-0.00196879
-0.00157898
0.00103147
0.00238844
-0.00212375
-0.000264687
0.0115953
0.0129574
-0.0139147
0.000424592
-0.00201046
0.00197955
-0.000393678
0.0053776
-0.00142871
-0.00455942
0.000610533
0.00080969
-0.000518393
-0.000291297
0.00295708
-0.0113949
0.00314594
0.00529185
0.00326988
-0.00172099
-0.00147646
-7.24329e-05
-0.00720112
0.00995817
0.0317912
-0.0345483
0.00106682
-0.000246512
7.03292e-06
-0.000827337
-0.00161506
-0.0143078
0.0232149
-0.007292
0.00663663
0.00336265
-0.00827935
-0.00171994
0.0010478
0.00118624
0.000507576
0.000289889
-0.000422393
-0.000375071
0.00103548
-0.00262009
0.002366
-0.0119722
0.00655741
0.0178439
-0.0124291
-0.00737132
0.00845279
0.00028908
0.00992808
0.00496147
-0.00616004
-6.58188e-05
0.00112719
0.00332148
-0.00438285
-0.0048093
-3.29364e-05
-0.000436674
0.00527891
0.0165544
0.00582001
-0.0129825
0.00330447
-0.00260989
-0.00506933
0.00437475
-0.000263902
0.00603448
-0.00251284
0.000403488
0.000573827
-0.00125363
-0.00213412
-0.00035354
0.000996405
0.00197791
-0.00262077
-0.000723807
0.00250138
-0.00146655
-0.000311024
-0.0047183
-0.000257808
0.00232237
0.00265374
0.00175323
0.00252922
0.0039512
-0.00823365
0.0124435
-0.019593
-0.0141949
0.0213443
-0.00515704
0.00586092
-0.00036522
-0.000338658
0.023114
0.00378697
-0.0172348
-0.00966611
-0.000580091
0.00114475
0.000159814
-0.000724471
-0.00695301
0.0134591
-0.00257164
-0.00393446
-0.00159148
-0.00360823
0.00569666
-0.000234317
0.000884373
-0.000650056
-0.00311961
-0.00337028
0.00899662
-0.000868237
0.000622803
-0.00229919
0.00254462
-0.00272151
0.0139368
-0.00373281
7.54999e-05
0.00254473
0.00111259
0.00320537
0.00100518
-0.00427638
-0.000740906
0.000910531
-0.00149653
0.00132691
0.000168012
0.00018828
-0.00241791
6.11774e-05
0.00235674
0.0044369
-0.00896817
0.000812206
0.000844951
-0.0010343
0.000247004
-5.76522e-05
0.0027504
-0.00387142
-0.00383901
0.00496004
0.00217287
-0.0056512
0.000218808
0.00325952
-0.000724453
-0.000824096
0.0014423
0.00010625
-0.000148353
0.000441256
0.00287036
0.00128001
0.00441949
-0.0026548
-0.0102186
0.00845392
0.00163444
-0.000244737
-0.00199562
0.000605918
0.0202908
-0.0031225
0.000787605
-0.00131504
0.00211981
-0.000789846
-0.00100845
-0.0012358
0.00176404
-0.00171421
0.00118597
0.00105077
3.5052e-05
-0.000473429
-0.000612396
0.000249799
-0.000237853
-0.000282427
0.00167564
0.000751505
-0.00387966
0.00145252
-0.00104689
0.00240317
0.000439618
-0.0017959
0.00980968
-0.00687606
-0.0021177
-0.000815914
-0.00132035
0.00268473
1.69071e-05
0.000113261
-0.000172488
0.000542841
-0.000860475
-4.32081e-05
0.000903683
0.0151709
0.00598331
-0.0137298
-0.00742442
0.000565806
0.002993
0.00156376
-0.00279592
-0.00176084
-0.00375315
0.00190716
0.0041077
-0.00226171
0.0029235
-0.0161015
0.0301196
-0.0169416
0.00311103
-0.00103734
0.00233031
0.0241855
-0.0262677
0.00818653
-0.00610439
-0.00240929
0.00205613
-0.00129202
-0.000341678
0.000666453
4.06214e-05
0.0132843
-0.0550396
0.0164613
0.000338695
-0.00289271
-0.000576242
0.00313026
-0.00194536
0.0159372
-0.0049223
-0.00906954
0.0267968
-0.0064063
-0.00883141
-0.00215846
0.0030756
-8.73743e-05
-0.00037103
-0.000399877
0.000891576
-0.000517827
-0.00214024
-0.00249897
0.00320723
0.00308033
-0.00797749
-0.00365063
-0.00324894
0.0148771
-0.00202566
0.0573144
-0.049671
-0.0321759
0.0245325
0.0146815
-0.010762
-0.0215321
0.0176127
0.000305278
-0.00125274
0.000947464
0.00359037
-0.0015271
0.00400648
-0.00606975
-0.00506688
0.00638417
-0.000800357
-0.000959312
0.000926922
0.000832747
0.0067976
0.000379477
0.000593964
0.00115449
-0.00212793
0.00172771
0.00071223
-0.00207142
-0.000368529
0.000449346
-0.000394145
-0.000426231
0.000783731
-0.00164321
0.00336558
0.00371348
-0.00864299
0.00530898
0.00147972
-0.00113556
-0.000344158
-0.0058762
0.00775151
-0.000226567
-0.00164874
0.0297773
-0.0230149
-0.0130349
0.00627239
0.0158855
-0.0588836
-0.0473241
-0.0136575
0.0211663
-0.00975658
0.00224779
-0.00283473
0.00434799
-0.0026116
0.00109834
-0.00320162
0.000947707
0.00232941
0.00145065
-0.000928104
0.000741966
-0.00126451
0.0775278
-0.0431083
-0.0131321
-0.0212873
-0.00403991
0.00260127
-0.0061618
0.00760044
-2.6278e-05
0.00275179
0.000869535
-0.00111938
5.24863e-05
0.00466933
-0.00360244
0.00392526
-0.00199484
0.00838734
-0.00569007
0.00557
0.00456326
-0.00108321
0.00213399
0.00195937
-0.00996298
0.000798044
-0.00462751
-0.00258956
0.00641902
0.00799752
-0.00334623
-0.00603858
-0.00837889
-0.0015039
0.0098828
-0.0200439
0.0115402
0.0025553
0.00594835
0.00340251
0.00335225
-0.0124655
0.00571071
0.00383932
0.00911524
-0.0030376
-0.00991696
-0.00504667
-0.00777073
0.010872
0.0039938
-0.00988256
0.0147544
-0.00886566
0.000717042
-0.00175642
-0.000290712
-0.00136289
0.00101847
-1.75981e-05
-0.000221699
0.00432904
-0.013473
0.00936292
-0.000218958
-0.0456115
-0.0597056
0.0285402
0.0188458
-0.00481925
0.00636172
0.00186005
-0.00351566
-0.00780724
0.0134074
-0.00208447
-0.00449941
0.000874693
-0.00118458
0.00184079
-0.0034676
-0.00211042
-0.00311633
0.00338306
0.00184369
0.00131053
-0.000863657
-0.00194718
0.0015003
0.00254076
-0.00126306
-0.0012777
-0.00105466
-0.00533581
0.00548883
0.000901646
-0.00250791
-0.00506637
0.00120691
0.00636737
-0.00106263
0.000507229
0.000589104
-3.37001e-05
0.00310604
0.00716147
-0.00624685
-0.00402067
0.00360928
-0.00348534
0.00283314
0.0057454
-0.00279597
-0.00140462
-0.00154481
0.0208558
-0.0298854
0.0214056
-0.0123759
0.00339862
-0.00141907
0.00187152
0.00730323
-0.0155168
0.0313275
0.00361541
0.00400152
0.00595742
-0.00234201
0.000403987
0.000418463
0.0113139
0.00251494
-0.00987329
-0.00395557
0.010334
0.000976367
-0.00755621
-0.0029122
0.0164544
-0.00598604
-0.0098756
-0.00907112
0.000176455
0.0187703
0.0278602
-0.00112806
-0.00825114
-0.00219615
-0.00136686
0.00291171
0.000651304
0.000254733
-0.000174768
-0.000815952
0.000927356
0.00216926
-0.00228067
-0.00077839
0.00174065
-0.00119057
0.000228309
-0.000906799
0.00303322
-0.00503545
0.000491139
-0.000282887
-0.00757957
-0.00361001
0.024525
-0.020915
0.0125852
0.003918
-0.00395345
-0.00324744
-0.00274013
-0.00299339
0.00898096
-0.00672729
-0.00877382
-0.000269134
0.0157702
0.00187018
0.00108455
-0.00237305
-0.000581681
-0.0243918
-0.00118171
-0.0193933
0.0449669
0.00193471
-0.00202682
0.0120772
-0.0119851
-0.0161802
-0.00545516
0.0250858
-0.00345039
-0.0232863
0.0218913
-0.0033786
-0.00500572
0.000393795
0.00393145
0.00593445
-0.0068139
-0.010375
0.0112545
0.0106996
-0.00865446
-0.00272368
0.0116151
-0.00752388
0.00990018
-0.0100551
-0.00421176
0.00436664
-0.00375144
0.0105536
-0.00304644
0.00323843
-0.0160678
-0.00320006
-0.00156719
0.00249914
-0.00011777
-0.0184706
0.0334617
-0.0144539
-0.0114819
-0.0162753
0.0226168
0.00514039
0.00112006
-0.00039973
-0.000720331
-0.00046934
-0.000518969
0.000988308
0.00353638
-0.00383024
-0.00108861
0.00138247
-0.000762619
0.000674481
0.0006157
-0.000527562
-0.000848925
-0.000335373
0.00185724
0.0139247
-0.011897
-0.00189269
-0.000134974
-0.0178603
0.00204363
-0.00403777
0.0198544
-0.0157485
-0.00369506
0.00867943
0.0107642
0.0010888
-0.000673853
0.00824612
-0.00866106
0.000352381
-0.0144146
0.00068479
0.00255247
-0.00686445
-0.00315148
0.00540389
-0.0154723
0.0053336
-0.0006455
-0.0061344
0.00144629
0.0631511
-0.0104853
-0.0574889
0.00482309
-0.0116006
0.00560697
0.00372842
0.00226523
0.000893384
0.0157026
-0.0255371
0.00894111
-0.008026
-0.00345857
0.0064379
0.00120784
0.0111603
0.000385874
-0.012754
0.000862171
-0.0059653
-0.00521582
0.014109
-0.00292787
-0.00531445
-0.000379914
0.000930751
0.00476361
0.00208829
0.00882651
-0.0120248
0.00111004
0.00457577
-0.00454862
0.00251758
0.00103138
-0.00781187
-0.00149333
0.00827381
0.000555557
0.00242683
-0.00166731
0.0143457
0.000788735
-0.0121198
-0.00160079
-0.000389699
0.000489088
0.0015014
0.00349547
0.000412898
-0.00203819
-0.0556227
0.0121913
0.0388831
0.00454824
0.00114232
-0.000657942
-0.000484383
0.00118348
0.000110821
0.0429194
0.0140775
-0.0630155
-0.000118161
-0.00262923
-0.000626785
-0.00299128
0.00169499
0.0498656
-0.064351
0.0144854
0.000109319
-0.000397466
0.000288148
-0.0455928
-0.0555911
0.0501071
0.0510768
-0.0272718
0.0372428
0.0288866
-0.0388576
0.000117259
-0.00825654
0.0144028
0.000353176
-0.00107316
0.00229144
-0.00157146
-0.00112248
0.00364155
-0.0028518
-0.032257
0.0213213
-0.0265226
0.0374584
0.00603916
0.00296544
-0.00536838
-0.000162051
0.000158938
3.11257e-06
2.43802e-05
0.00201895
-0.00144451
-0.000598817
0.00146647
0.000179727
-0.0023871
0.00802325
0.0038853
0.00270228
0.00198284
-0.00130877
-0.000245964
-0.0004281
-0.00333471
0.00155583
0.00177888
-0.00141032
0.00093269
0.000143034
0.000334598
-0.0184867
0.0047604
0.0186891
-0.00496273
0.000240905
0.00154677
-0.00452978
-0.0296627
0.0458618
-0.0116693
0.00277644
-0.0108024
-0.001635
0.000170164
0.0025361
-0.00107126
-0.00370009
0.00320633
0.000625131
-0.000131374
0.000195528
0.000126805
-0.000322333
0.000531477
-0.00136152
0.000240198
0.000589844
-0.00589466
-0.00598168
0.0140391
-0.00216276
0.000555426
-9.06164e-05
-0.00046481
-0.00225562
0.00150143
0.000754196
0.0067265
-0.00458886
0.0041898
0.000670393
-0.000507979
0.00187983
0.00191397
-0.000705626
-0.00308817
-0.0836504
-0.000333903
0.0839843
0.0011109
0.000448197
-0.00140089
-0.0114269
-0.0466114
0.0127566
0.0452816
-0.0590107
-0.00573285
-0.0189069
0.0151477
0.00708122
0.0201236
-0.0423525
-0.0398231
-0.0446655
0.0139638
-0.00481216
-0.00268205
-0.00646959
0.0539292
-0.00477553
-0.00401526
-0.0326232
0.019102
0.0175364
-0.0113245
-0.0354913
0.0387163
0.00831478
0.005375
0.000274022
-0.0660784
0.0396485
-0.0133932
0.0205056
-0.00569334
-0.000845448
4.98859e-05
0.0064889
-0.00105284
0.00126162
-0.0047082
-0.0597418
0.0634472
-0.00370544
-0.02065
0.0139624
0.00324322
0.00344441
0.104928
0.0229834
-0.0595852
-0.0683262
-0.0467281
-0.000774541
-0.00167681
0.0155355
-0.0011817
-0.0024982
0.000691194
0.0029887
0.0142761
-0.000198465
0.0407409
-0.0154504
-0.0223701
-0.00292046
-0.00196549
0.00325482
0.00364764
-0.00493696
0.00199803
0.00540253
-0.0937947
-0.0551875
0.0892404
0.00461919
0.002249
-0.00343611
-0.00343208
0.00667582
0.0038906
0.00836901
0.00872132
-0.00747059
-0.0154735
0.0142228
0.00351433
-0.00484749
0.00109733
0.000235818
0.0078276
-0.0110421
0.00284016
0.000374304
-0.00561639
0.00838578
-0.0212561
0.0135291
-0.0225316
0.00338604
0.0222834
0.0239608
-0.032715
-8.16423e-05
0.000106405
-0.00263862
0.00198968
-9.08875e-05
-0.00269915
-0.00185574
-0.00158429
0.00312591
0.000314118
-0.023205
0.00936975
0.0265886
-0.0127534
-0.00788835
-0.0141232
0.000387454
0.0216241
0.00251168
0.000967845
-0.00103231
-0.00244722
-0.00179376
-0.00355931
0.00349733
-0.00424722
0.0164275
-0.0168326
0.00465233
0.0029814
-0.00438777
0.0270364
-0.016622
0.0209356
-0.03135
-0.0248774
-0.0276416
0.0245666
0.0279524
0.00246679
0.00415571
-0.00337733
0.0254907
-0.0220464
-0.00523496
0.0149943
-0.00454023
-0.000625726
0.00115118
-0.012232
-0.00185303
0.00608529
0.00726897
0.00409181
-0.00333123
-0.0102319
0.0111975
0.00884409
0.0020994
0.0115162
-0.00531234
-0.0083033
0.0158058
-0.00279833
-0.0180917
0.00508418
0.00117515
-0.00169462
0.000259604
0.000259862
0.000164967
0.00730879
-0.000204789
-0.000708064
-6.0396e-05
0.000560295
0.000191907
-0.000216927
0.000328193
-0.000909565
0.000798299
-7.2024e-05
0.000664388
-0.0010617
-0.00334828
0.00323494
-0.000802341
0.000915687
-0.00623772
0.00167157
-0.000109665
-0.000569653
-3.00084e-05
0.0090376
0.00175286
-0.00249853
-0.00829194
-0.000446808
0.000787792
0.000879323
-0.00122031
7.0613e-05
-0.000497956
0.000383553
0.00187713
0.000549578
-2.06015e-05
-0.00976185
-0.000645786
0.00352391
0.00688372
0.000611689
0.00476777
-0.00336747
-0.00201198
0.000270783
0.0162844
-0.00944064
-0.00711455
-0.0121851
-0.00378501
0.00610567
-0.000103702
0.00185102
-0.00174732
-0.000594166
0.0140886
-0.011109
-0.00238546
-0.00200029
9.02131e-05
0.00261363
-0.000703549
0.000878597
0.00132366
-0.00102711
0.000859278
-0.00058995
-0.0209653
-0.00172422
0.0210982
0.0015913
0.00564106
-0.00295682
-0.000762356
-0.00192189
-0.000872125
-0.0026537
0.000324209
0.000385826
0.00189783
0.000232646
0.00652909
0.00667623
0.000719374
-0.0027066
0.0075766
-0.00406386
-0.000806143
-0.0077128
-0.0182314
0.0125562
0.0013085
-0.00502221
0.00217364
0.00154007
0.00854609
0.00208641
-0.00141955
-0.00361982
0.00295297
-0.000419014
0.000308949
0.000431317
-0.00715898
0.0047373
0.00734676
0.000957745
-0.0103418
0.00284373
-0.00393509
0.00145325
-0.00406084
0.00109129
0.0015163
0.00197859
-0.00173952
-0.000819169
-4.89713e-05
-0.0015333
0.00158227
0.0116154
-0.0103264
0.00557645
-0.00686545
0.000731952
-0.000874273
0.000142321
-0.00178097
-0.00153368
-0.000438501
-0.00730729
0.0150488
-0.00106947
-0.00201067
0.00105383
-4.97247e-05
-0.00287233
0.000627287
0.00147065
-0.00124458
-0.00483284
0.0017856
-0.00133453
0.00438177
0.000931971
0.00100315
-0.00267379
0.00320717
0.000276738
-0.00431504
0.000831135
0.0312909
0.00231025
-0.0279229
-0.00567824
-0.00210066
0.00329479
0.000658015
-0.00243738
0.000408007
0.00169066
0.000338717
-0.0016825
0.00159453
0.00152589
-0.000230477
0.00262589
0.000710636
0.000292982
-0.000396032
0.00121395
0.000580201
0.000752283
-0.000300321
-0.00103216
-0.00450769
-0.00662866
0.0132357
0.000400985
0.000263817
-0.00138925
-0.00810149
0.000196323
-0.00432686
-0.00391782
-0.0108776
0.0184735
-0.00268567
-0.00336733
0.0020124
-0.00162924
0.00298417
7.0661e-05
0.000661555
-0.00180108
0.00106886
-0.0129116
-0.029103
-0.000457458
8.50372e-05
-0.000963758
0.00290111
-0.00210984
0.000816967
-0.000227765
0.00117601
-0.00102301
-0.000826495
0.000673497
0.000136295
0.000499492
0.000181179
-0.00129649
-0.000581144
-0.00209189
0.00396953
-0.00132747
0.000207279
-0.000176304
-0.00384861
0.0116634
-0.0031956
-0.00119892
0.000380048
-0.000865384
0.00168425
-7.40361e-05
-9.17435e-05
0.00016578
0.000528806
0.00056772
0.000816293
-0.00191282
0.000465794
0.000773981
-0.000579158
0.000248867
0.00110739
-0.000318601
-0.00189968
0.00111089
-0.00649385
0.0156177
0.00985978
-0.0189836
0.0287867
0.0352383
-0.0272294
-0.0367956
-0.000185919
0.000156524
0.000344327
-0.000314932
-0.000311309
-0.000440218
0.000565607
0.000265843
0.000579116
0.00814637
-0.00268632
-0.011795
0.0186899
0.0065382
-0.00410537
-0.00950481
-0.00807663
-0.00244842
-0.000461716
0.00190067
0.00100947
0.0109876
-0.00405425
0.01148
-0.00314285
0.006153
-0.00686003
0.00189653
-0.0128968
-0.0005969
-0.0014916
0.00478157
0.00186285
0.000408857
-0.00179359
-0.000478121
-0.00128094
0.0153129
-0.0164978
-0.00439409
0.0110163
-0.00893767
-0.0923307
-0.000351122
-0.0151937
-0.0069867
0.0629543
-0.0129044
-0.061668
0.0150411
0.0079267
-0.0591245
0.000155404
0.000237212
-0.00816579
0.00938725
0.0302595
-0.0253389
-0.00507261
-0.00974466
0.00887608
0.00843202
-0.00756344
-0.000223997
-0.00843187
0.00611044
0.000243924
-0.000901395
-0.00292371
-0.00778311
0.0196058
-0.00247389
-0.00936694
-0.00776493
0.00646389
-0.00189854
0.00103296
-0.00559831
-0.0085074
0.0355512
0.00327309
-0.00273854
-0.00141628
0.000881723
0.00269701
0.00054855
0.009416
-0.0126616
-0.00879673
0.000966218
0.00998807
0.0115871
0.00179191
-0.00169605
-0.00249263
0.00122749
0.0104168
0.00909445
-0.00283529
-0.000682555
0.00167648
0.00086893
-0.00126034
0.000469809
-0.000272105
-0.000231197
-0.000708667
0.000542397
-0.00535741
-0.00118703
-0.0049767
0.0115211
-0.000260131
0.000931759
0.000504382
0.0287218
-0.0634882
-0.0298278
-0.00054285
0.001369
-0.00111891
6.42268e-05
-0.000314318
0.00267556
-0.00455436
0.00117698
-0.00120762
0.00308253
-0.00305189
0.00051003
0.000984197
-0.00217678
-4.18077e-05
0.00326316
4.85324e-05
0.0272852
-0.0109101
0.00748099
-0.0134232
0.0389596
-0.0135537
-0.0328451
0.0307322
-0.027418
-0.00619417
0.00288
0.0118007
0.00270263
0.000806301
-0.00522865
0.0115662
0.00765279
-0.0139903
-0.00469032
0.00245608
0.0300123
-0.00748744
-0.0101148
-0.0124101
0.000230389
-0.00618398
0.00191368
-0.00334373
0.0091419
-0.00319691
0.00309621
-0.000894653
-0.000294395
-0.00481334
0.00604538
0.000392691
0.00148383
-0.00397719
0.000373221
-0.00150234
0.00112912
-0.0172914
-0.00207102
0.00788052
0.00218431
-0.000910053
-0.00213473
-0.000575514
0.000948734
-0.000862142
0.00148869
-0.00212261
0.000588869
0.000671599
0.000669216
-0.000779669
0.00133821
-0.00122776
-0.000971758
-0.00106177
0.00110514
0.00092839
0.00124992
-0.00106231
-0.00115937
-0.00119794
0.00229843
-0.000431267
0.0209776
-0.0034007
-0.0349626
0.00673196
0.00301288
-0.0053596
-0.00438525
0.00861807
-0.000435647
-0.00145047
-0.00288282
0.00660568
0.000858632
-0.00668722
-0.00453964
0.00352958
0.00769729
-0.0020676
0.00026491
0.00176848
0.00220872
-0.00107781
-0.000347172
-1.64106e-05
-3.04956e-05
-0.000274945
-0.000687451
6.03281e-06
-0.000511827
-3.85474e-05
-0.00229051
0.00284089
-0.000140924
-0.00316725
0.00279635
0.000490372
0.00169171
-0.000547638
-6.64695e-05
-0.00126903
-0.000171612
0.00182477
-0.00480203
0.0198791
0.000967096
-0.00553073
0.0305039
-0.0140711
-0.0120166
0.00566095
0.00579075
0.000564881
0.00275703
-0.00209496
-0.0103405
-0.00163005
0.0129376
0.00627329
-0.000506715
0.00944447
-0.015873
0.0194323
0.0233309
-0.0268903
0.0105003
-0.0123967
-0.00656237
0.00845874
0.0105455
0.00479269
0.00303227
-0.0183704
0.0195694
0.0035853
-0.0186568
-0.00449787
-0.0210683
0.0115818
0.020032
-0.00876319
-0.0154382
0.00278481
0.0214165
-0.00427544
0.00459656
-0.00279929
0.00247818
-0.00194495
0.00541054
-0.00163704
-0.00182855
-0.00145926
-0.00268296
0.00662244
-0.00493071
0.00432308
-0.00345064
0.00372412
0.0013533
0.0558628
-0.0572161
-0.00659245
0.010532
-0.00315485
-0.00078465
-0.016165
0.00166737
0.00441201
0.0100856
0.00934725
-0.00983596
0.000907181
-0.000895523
0.00200265
0.056829
0.0091369
-0.0592261
-0.00673986
-0.000983447
-0.00737968
-0.000279859
-0.000106528
-0.00345544
0.00220235
0.00135962
0.00448679
-0.00933621
0.00254172
0.0306531
0.0272478
-0.0773158
0.0194149
0.00320854
-0.00151882
-0.000627014
-0.00106271
-0.00976693
0.00727566
0.00542963
0.00189854
0.00135177
-0.00415711
0.0352023
-0.0249272
0.00141569
0.00152434
-0.00323522
0.000295186
0.00168476
0.00121118
-0.00229879
-0.000597153
0.00390032
-0.000691772
-0.00746073
0.00262424
-0.000333906
0.000706704
-0.000372797
0.00183245
-0.000480484
0.000830173
0.000687981
0.00401194
0.00176397
-0.0064288
-0.0163614
-0.0052098
0.00355835
0.0180128
0.00239279
5.62475e-06
0.000445318
-0.0013813
0.000408064
-0.000354237
-0.01421
-0.00168053
0.000102191
0.00120553
0.00037281
-0.0102062
-0.00262548
0.0153466
-0.019339
0.00444987
0.0112466
0.00364248
-0.00613464
-0.0182802
-0.00435319
0.0117773
0.00556438
-0.00768365
-0.00965802
-0.000360569
-0.0107563
0.0149562
0.0156543
0.00769015
-0.000875282
0.00230037
-0.00798257
0.0117233
0.0285802
-0.00882971
-0.00332505
-0.00177381
0.0139286
0.000518109
0.00988634
-0.00259313
0.00126934
0.00063688
-0.000485685
0.000225289
0.00219907
-0.00115502
-0.0174598
0.0304237
-0.0122369
-0.000727073
0.00132861
-0.000857495
-0.00090908
0.00235445
-0.000531742
-0.000913626
-0.00414597
-0.000435583
-0.00240961
0.000944051
0.0027017
-0.00123613
-0.00132115
0.000983117
0.000937766
-0.000665488
-0.000272278
-0.00781151
0.00609054
0.00912814
9.66702e-05
0.00093904
0.00206025
-0.00206152
0.00204536
0.00815324
-0.00879685
-0.00140175
0.00536293
0.00350207
0.00745456
-0.00272106
-0.00123211
0.00072842
0.00322475
-0.00210518
-0.00107603
-0.00174257
0.00492378
0.0014859
0.000913599
-0.000409819
0.00045688
-0.00346572
-0.00200654
0.00501538
0.003229
-0.00210972
-0.000662397
0.00263723
-0.00227778
-0.000154545
-0.000204906
0.00187181
1.70557e-05
0.00179826
-0.00368712
0.0028712
0.0199031
-0.00522163
-0.00613857
0.00982362
-0.0128694
0.00128822
0.0017576
0.00970224
0.00182372
0.00189833
-0.00307286
0.015143
-0.0022465
0.0127201
-0.00609075
-0.0153415
0.00429576
0.00195845
-0.00101941
0.000582153
0.000217708
0.00115859
-0.00195256
0.00133347
0.000619095
-0.00257423
-0.00983744
0.00431017
-0.00306983
-0.000149737
-0.0555185
0.000222507
-0.00412883
0.00301765
0.00111117
0.00210929
-0.00809114
-0.00495014
0.0020398
0.0153287
-0.00376485
-0.00834077
-0.00396219
0.0121662
0.0205117
-0.0266587
-0.000216846
0.00146587
-0.000376124
-0.000872904
-0.00160754
-0.00693314
0.0049898
0.00355088
-0.00241276
-0.00473562
-0.000875988
0.0163113
-0.00401462
-0.0235534
0.000480779
0.000868243
-0.0265005
-0.0205836
-0.0308193
0.000201035
0.00391214
-0.00417089
5.77236e-05
0.00280066
0.000196226
-0.00279585
0.00105676
0.00346309
-0.000607713
0.00336296
0.000494462
-0.000665683
0.000546397
-0.000750941
0.00572768
-0.000283408
-0.00469334
-0.00347923
-0.000946948
0.00460145
-0.00017527
-0.000125476
-0.00115588
-0.00219787
-0.00257608
0.00541297
-0.000203976
-0.00263291
0.00137499
-0.00278748
0.000298897
0.0011136
-0.00589063
0.0014296
0.0050432
-0.000582174
-0.0013174
-0.00349944
0.0038699
0.00437291
0.0114017
-0.0117679
0.0010255
-0.00474704
0.00660125
-0.0120247
0.00314789
0.00179108
-0.000410479
-0.000349827
0.00253838
-0.00435275
0.0021642
0.00123054
-0.00114586
0.00244099
0.00564568
-0.000997524
0.00448502
0.00018943
0.00851145
-0.00681279
-0.00188809
-0.00160241
-0.000306782
0.00576355
-0.00385436
0.00183808
-0.00329548
0.0011754
0.00487188
-0.0449057
0.0698112
-0.00930092
0.000674114
0.00245848
0.00323163
-0.00396317
0.00267707
0.00576942
-0.00701316
-0.00367532
0.00231629
-0.000670183
-0.0139568
-0.0030299
-0.000304714
0.00342872
-0.000360223
0.00108221
-0.00415071
-0.00305795
0.0216031
-0.0229183
0.00836772
-0.00185342
-0.00754315
0.00102885
-0.00366284
-0.00100682
0.000994344
-0.00146891
-0.00511994
0.002926
-0.00330196
0.00584437
-0.00167664
-0.00180478
0.0253443
-0.0269344
0.0168568
-0.0152667
0.00263961
-0.00325721
-0.000162508
0.00030196
-0.000139452
0.00602773
-0.00551544
0.00189229
-0.000107412
-0.000906279
-0.000167349
0.00275261
-0.00269364
0.0063719
-0.00643087
0.0182001
0.00182942
-0.0197261
-0.000303492
0.00777746
-0.00711443
0.00518493
-0.00253973
0.000766841
0.00632202
0.000732081
-0.000415371
0.00950157
0.00794825
-0.0170344
0.00898096
0.00330754
-0.00518214
-0.0031918
-0.00208534
0.00481871
0.000458425
0.00295736
-0.00302296
0.00103426
-0.00901831
-0.00280339
0.00178653
-0.00687572
0.00294906
-0.00627645
0.0102031
-0.00149733
4.12668e-05
0.000513944
-0.0062399
0.00135138
0.00692543
-0.00203691
0.00190083
-0.00188831
-0.00242213
0.000384645
0.00718184
-0.00329055
0.000577891
-0.00325264
0.00924228
-0.00423493
0.0131928
0.00314143
-0.00158919
-0.000645063
-0.00137451
0.00195811
0.000177403
-0.000760995
-0.0124541
0.00743231
0.00777431
-0.00275253
-0.00285133
0.0020301
-0.00526274
-0.00814723
-0.00280789
0.017824
-0.00686885
-0.000952564
-0.0148293
0.00182507
-0.000724866
-0.00195086
0.00107311
0.000159039
-0.0052287
0.0014926
-0.000275889
0.00401199
-0.000854694
-0.00229072
-0.000146915
0.000388001
0.0059355
0.00267174
-0.00139141
0.00078235
0.00612651
-0.00555864
-0.0087151
-0.00130908
0.00118652
0.00235156
-0.002229
-0.000774844
0.000697802
0.000637336
0.00258395
0.000386623
-0.00258475
-0.00208443
0.000972635
0.00103356
0.00396352
-0.00160423
-0.00528339
0.00292411
-0.00351123
0.00307536
0.00389895
-0.00126581
-0.00546617
0.00514051
-0.0102005
0.0114566
-0.0146779
0.0134218
0.000818825
-0.000395671
-0.000640001
0.00312452
0.000867408
-0.000593087
0.00129634
0.000291137
1.84554e-06
-0.0010345
0.000644798
-0.00160101
0.000261666
-0.000445627
-0.000984254
-0.000835975
0.00182023
-0.0176366
0.0120199
0.00542185
0.000194841
0.0159504
-0.0293838
0.013018
-0.00448658
0.00255059
0.0055328
0.0229555
0.00341635
-3.75624e-05
-0.0049812
-0.00370399
0.00985773
-0.00259668
0.000604478
0.00174747
-0.0236058
0.00867361
0.0308826
-0.0126365
0.00418146
0.00176779
0.00394681
0.00532691
-0.0120839
0.00281014
0.0147601
-0.00285448
-0.000339514
-0.0115661
-0.00484392
0.00833546
-0.000388328
-0.000237415
-0.0064099
0.0117805
0.0011865
-0.00191507
-0.00154102
0.00226959
-0.000302381
0.00056117
-0.00149459
-0.0020636
0.00133606
0.00776779
-0.00649219
-0.00611952
0.00339256
-0.00120996
-0.000149739
-0.00203286
-0.00362817
-0.00278061
0.00157273
-0.00147063
-0.000308955
-0.00173036
0.000992423
-0.00963671
0.000913151
0.00669674
-0.00416998
-0.000334147
-0.000245294
0.00146381
-0.00118879
-0.0017727
0.00183419
0.00112731
-0.00566821
0.00217873
-0.0024075
-0.000739195
-0.00312348
0.0100105
0.0035258
-0.00341969
0.00485
0.0182213
-0.00605268
-0.0170186
-0.00272684
0.00333045
0.0100044
-0.00699846
0.00848883
0.00255473
-0.00151418
0.00223254
0.00188117
-0.000395964
-0.00447715
-0.00421904
-0.00910258
0.0177988
-0.00150176
0.00077537
0.0435889
-0.0252101
-0.00312629
0.00360341
-0.00172183
0.00163275
0.00312382
0.00257439
-0.00569821
-0.0015297
0.000738997
0.00131951
-0.00106346
-0.0048297
0.00864356
-0.00529335
0.00335298
-0.00733457
0.00764434
-0.0263531
-0.0353519
0.0177717
0.0321182
-0.0145379
-0.000680827
-0.00412815
0.000991873
0.0038171
0.00256488
1.51378e-05
-0.000617486
0.00240375
-0.000913845
0.000384049
-0.00187395
0.00427929
0.00282832
0.00419812
-0.0113057
0.00128465
-0.00208903
-0.00169382
-0.000911103
0.00238977
-0.000194012
-5.10092e-05
0.00456745
0.000448041
0.00102544
-0.00356251
-0.00115207
0.000701069
-0.000578663
0.00102967
0.00239518
0.00175102
0.00263061
-0.00227986
-0.00107455
0.00170674
0.00101746
0.00201297
0.000977133
-0.000909712
-0.00208039
-0.00079711
-0.000459403
-0.00719656
-0.000154148
-0.00168691
-0.000652475
0.00249353
0.00164822
-0.00580821
-0.0122014
-0.00803487
-0.00272094
0.00842805
0.00232776
-0.000767211
-9.35559e-05
-0.000538914
-0.000131237
-0.00206839
0.000426279
-0.000469487
0.000541792
0.00338745
-0.00375438
-0.0110421
0.00303109
0.00703659
0.00218576
-0.00401258
-0.00143633
0.000980067
6.09296e-05
0.000481338
-1.2005e-06
0.000282282
-0.000281082
0.000293816
-0.000657772
0.00224513
0.0025384
-0.00307264
0.00481352
-0.00265428
0.00810436
0.0086038
-0.00333701
-0.00271207
0.00415041
0.00461713
-0.00701431
0.0159987
0.00166448
-0.00191049
-0.0157527
0.00336226
0.0128531
0.000567698
0.0042148
-0.00413301
-0.0100822
0.0169173
0.00523083
-0.0120658
0.000961866
-0.000791429
0.000330658
0.000460771
-0.00167344
0.00853134
0.00834796
-0.0152059
0.000372561
0.000846323
0.000844324
-0.00129796
0.000290499
-0.000864238
0.000237251
-0.000449176
0.00167672
-0.00264382
-0.04284
-0.00227414
0.000919165
0.044195
0.00324256
-0.00188305
-0.000387149
0.0370409
-0.0178637
-0.0136445
-0.0286791
0.0175631
0.000866191
0.0102499
0.00130923
-0.000476354
0.000470428
-0.00162209
0.00259793
-0.00144627
0.00155694
-0.00119372
-0.00296279
0.00259957
-0.00211383
0.00130571
0.000105276
0.00070284
-0.00524107
0.00329404
-0.00283478
-0.00752911
-0.00233823
0.0130011
-0.0121615
0.00149861
0.0103011
-0.0046979
-0.00805614
0.00024145
-0.0572718
0.0758859
-0.0748665
0.000223901
-0.000751475
-0.00190279
-0.00200701
0.00545062
0.0122199
0.00104424
0.0034861
0.0127604
-0.0150366
-0.00680395
0.00161715
0.000795462
-0.000292798
-0.010345
-0.00684552
0.0265603
-0.00317801
-0.00763387
0.00540838
-0.000606911
0.0306124
-0.0469322
-0.0515065
0.0115341
0.00400923
-0.00997732
0.0160425
-0.014251
-0.0192512
0.0383937
-0.054858
-0.0178728
0.000239702
0.000413073
-0.000425626
-0.000227149
0.0050071
-0.00419854
0.00136431
-0.000748008
0.000963622
0.000328505
-0.00495194
0.01174
-0.00193395
-0.00527257
0.0325508
0.00148557
0.00107778
-0.00171702
0.00735458
-0.00198826
-0.00987401
0.00830304
0.0318554
-0.000382681
-0.00228333
0.00196821
0.000697793
-0.00286516
0.00120281
0.00066279
-0.0082127
0.00126472
-0.00440408
-0.00801447
0.0254084
0.00414329
-0.00502827
-0.00100261
0.00131814
-0.000528232
0.00300426
-0.00985839
0.00629989
-0.00496419
0.00852269
-0.000742626
-0.00580058
-0.0425771
0.00387845
-0.0589788
0.0408106
-0.00920936
0.0273775
-0.00894085
0.0143383
-0.00693489
0.00153747
-0.00238459
0.00016911
-0.0114334
-0.000767389
-0.00209492
0.000326245
-0.000663723
0.0024324
-0.0193987
0.00368468
-0.00355189
-0.00519916
0.045645
-0.0442887
0.0682081
-0.0454327
-0.0793553
0.0113481
-0.0218812
0.00530454
-0.0287504
-0.0514187
-0.00248364
-0.0113346
0.00133587
0.0124823
-0.0079855
0.0058247
0.0222715
0.0129633
0.00538505
-0.000153384
-0.057602
0.0302254
-0.000260402
-5.31618e-06
0.00118881
-0.000923095
0.00556201
-0.00224017
0.0106791
-0.0107242
0.00228525
-0.00408636
-0.0344799
-0.0162169
-0.000309902
0.0160018
-0.0115265
0.00502032
0.015053
0.0268548
-0.0148714
-0.00106316
-0.00954538
0.00620322
-0.00890889
0.0122511
0.000304621
-0.00823393
0.00697674
0.010063
-0.000607743
-0.00559028
0.0116019
0.000313178
0.0101942
-0.00406347
0.0262596
-0.0350701
-0.0161492
0.0249597
-0.00342859
-0.000151256
-0.0317084
-0.0091021
0.00779609
-0.0167851
0.00100348
-0.000145798
-0.00258065
0.00665159
0.0365958
0.0128645
-0.0289533
-0.000318744
0.00290831
0.0263637
-0.0172709
0.0109513
0.026286
-0.0199663
-0.00926052
-0.00976061
0.00175021
0.000763078
0.000337242
0.0081699
-0.00522283
0.00120334
0.00139323
0.000655786
0.00153304
-0.00275472
0.00188196
-0.00401728
0.00113467
0.00123158
-0.000770718
-0.000460859
0.000436039
-0.00280768
9.27523e-05
0.000685581
0.000409677
9.12381e-05
0.00448025
-0.00238932
0.00181293
0.000576383
0.0127503
0.00753022
-0.0080891
-0.0121914
0.000294304
-0.000128427
-0.00140697
-0.00265912
-0.0101201
0.0163332
-0.0185676
0.00797536
-0.00574097
0.00281044
-0.00564515
-0.00161875
0.000240692
-0.00346943
0.000196361
0.00323248
0.000174577
-0.000565851
-0.00297289
-0.00959997
0.0131387
0.0018271
0.00358384
-0.006205
0.00358947
0.0189487
-8.10118e-05
-0.000470176
-0.00426438
0.00146801
0.0199903
0.00738658
-0.0159452
-0.0114318
-0.0134713
0.0323758
0.00108584
0.0165053
-0.00962525
-0.0203513
-0.0127686
-0.000432958
0.0120121
0.00118945
-0.00193136
-0.0104703
-0.0118827
0.0242844
-0.0269263
-0.0224554
-0.0220594
-0.0119736
0.0687859
-0.00294064
0.0185724
-0.00326109
-0.0104613
0.0108291
0.00735851
3.36937e-05
0.0235707
0.00583083
0.0297599
-0.0217435
-0.000657882
0.011198
0.00331086
0.00142832
-0.00528787
0.0228358
-0.00853813
-0.00900977
0.00522184
-0.0108114
0.0123179
-0.00672832
-0.000209638
0.0478039
-0.0377904
0.0376586
0.0106905
0.01557
-0.0141903
-0.00587628
-0.0121904
0.0223583
-0.0127957
-0.00522657
-0.00549589
-0.00413568
0.0148581
0.00841185
-0.00493525
0.0155515
-0.000861352
0.00119095
-0.00500637
0.0041032
-0.00570137
0.000366055
0.0314098
-0.0175471
0.00157908
-0.0154418
0.000184933
0.000187627
-6.78373e-05
0.00214379
0.000443318
-0.00013214
-0.0203257
0.0354518
-0.014994
-0.01033
0.00115981
-0.00984679
0.00934976
-0.00370782
-0.00100668
-0.000291216
-0.000302073
0.000908128
-0.000606056
-0.0100163
0.0181481
-0.0161463
0.00808534
0.0544736
-0.0362993
0.00930354
-0.0120624
-0.00982253
0.0102449
0.0116401
0.00385031
-0.00523511
0.00329615
0.00648891
-0.00581178
-0.00384158
0.0068745
-0.00434798
-0.00178029
-0.000746226
0.00521289
0.00919845
0.0208725
-0.0358337
0.0113661
0.00605022
-0.00160236
-0.0158427
-0.0013306
0.00103625
0.000294355
-0.000991904
0.000982015
0.00257477
0.0266802
-0.000202205
-0.0168377
-0.00118802
-0.00762903
0.000375536
-0.000928208
-0.00161155
-0.000721854
0.000198541
0.000990131
-0.000466818
0.00431854
0.000598338
-0.00178924
-0.00312764
0.00329757
0.000492738
0.014189
-0.0137716
-0.00727739
-0.00149539
-0.000304289
-0.00153503
0.0878549
-0.0287193
-0.00227429
0.00795107
0.0458761
0.000503599
-0.0790432
-0.0385257
0.0237742
0.0142692
-0.0133021
0.0035352
0.00416614
-0.000900728
0.00824917
0.00383495
0.011049
-0.00177448
-0.010258
0.00144841
-8.19935e-05
0.00841792
0.00336677
0.00265196
-0.0144367
0.00313344
-0.0272602
0.0176329
-0.0354195
0.0353742
0.0224208
0.00155339
-0.0022326
0.00284992
0.00947559
-0.014159
-0.0085705
0.0261142
0.0132371
-0.00659945
1.45223e-05
-0.00143777
0.00537442
0.0280071
-0.0319437
0.0535306
-0.00279703
0.00466113
0.000323071
0.000471947
0.000225032
-0.00102005
-0.00301448
0.000679622
0.00120709
-0.000457171
-0.000815404
0.000417325
0.00149107
-0.00130468
-0.000603716
0.00406465
0.000126252
-0.0036232
0.00249303
-0.00563135
-0.000281374
-0.00144301
-0.00657632
0.000377752
2.56475e-05
-0.0001129
-0.000218725
0.0013694
-0.00181616
-0.000526577
-0.00583418
0.00232134
-0.000178461
-0.000318589
-0.00072851
0.000670976
0.00202505
-0.0161031
-0.00517621
0.0479029
-0.000186892
0.0363282
-0.00267968
0.00695793
-0.0014349
-0.0094546
8.17669e-05
0.00130165
0.00022693
-0.0020985
0.000579526
0.00129204
-0.000324298
-0.00633638
0.00129783
0.00536286
0.0229775
0.056015
-0.0179845
0.034721
-0.027747
0.0394826
0.0158336
0.00846065
0.0446797
-0.0230115
0.00936998
0.0262267
0.00357404
0.004023
0.0185683
-0.0046295
-0.00119496
-0.0577136
0.0626547
0.0283207
-0.0102006
0.0113012
-0.000626687
0.000439978
0.0014763
0.00214837
0.0050341
0.00106572
-9.97154e-05
0.00317701
-0.00516263
-0.00282227
0.0094562
-0.00233888
0.0134969
0.0449582
0.0141463
-0.0567174
0.0422303
-0.00619636
0.00561254
-0.0279976
0.0627277
0.0172366
0.0234484
0.0642429
0.000294006
-0.00104201
0.0151748
-0.000106073
-0.000290239
0.00280123
-0.00240492
0.00127276
0.0266585
-0.00156466
0.016827
0.0254804
-0.0407427
-0.00320183
-0.039011
0.019198
-0.0284993
0.0263769
0.0457113
-0.0667812
-0.000567072
0.00137676
-0.000338681
-0.000134749
0.00248344
0.0115984
-0.00555917
-7.65492e-05
-5.25208e-05
-0.00394786
0.00544853
-0.000958874
-0.00143655
-0.00301123
-0.00340938
-0.00240381
0.00347968
0.00233352
-0.00299694
0.00138278
-0.00421464
-0.000427179
0.00129362
0.0011579
0.0171429
-0.0156038
0.0143092
0.00417328
0.0227289
0.00125227
0.00865076
-0.032632
0.00585896
0.00797337
-0.00964784
0.0158022
-0.0156658
0.00248254
-0.000796392
-0.00103081
-0.0073425
0.0122271
-0.0130555
0.00311575
-0.00297087
-0.0118836
0.00198949
-0.000867941
0.00696356
-0.00314438
-0.00324129
0.017686
-0.00993937
0.000709827
-0.00845647
0.018326
-0.00743271
-0.00984051
-0.00105277
-0.0720081
0.00152941
-0.0271499
0.0137772
0.0380556
-0.0204229
-0.0304247
-0.0173726
-0.0187205
0.0330068
-0.0214777
-0.0432214
-0.0481847
-0.0368987
0.0401263
0.0449571
0.0255117
-0.00278278
0.00778757
0.0217854
0.000911667
-0.00534449
0.0113964
-0.0167287
0.0013739
-0.015174
0.0107275
-5.04848e-05
-9.26492e-05
-2.69247e-06
-0.00061463
0.000713621
0.000677398
-8.02011e-06
-0.000356481
-0.000144657
0.00019367
-0.000784118
-0.000671698
0.00210267
-0.00167346
-0.00134031
0.00010248
4.71988e-05
0.000393162
3.29403e-05
-0.00012559
-0.000110545
0.000143485
-0.00726525
-0.000848118
0.00898806
0.00158318
-0.00615676
-0.0132146
0.00390825
0.00104985
-0.000167682
-0.000572341
0.00131033
-0.00144444
0.00063194
-0.000881847
0.00260102
-0.0026148
0.0129848
-0.0296505
-0.00772613
-0.000596277
0.00106263
-0.00439712
-0.0030019
0.000624157
0.000409757
-0.00103391
-0.000172722
0.00173428
0.000755243
-0.0023168
-0.00273631
0.0195735
-0.00301726
0.00189789
0.00244469
0.0613445
0.00288779
-0.0455769
-0.019541
0.0347461
-0.00222032
-0.00434171
0.00445442
0.000514581
0.00076531
0.000561471
0.000571053
0.00367762
-0.00215422
0.00127782
-0.00148746
-0.00259075
-0.00072148
0.00391057
0.00187911
-0.000693495
-0.00118561
0.00557961
0.000290198
0.00175802
0.000982212
-0.00572489
0.0162227
-0.0151075
0.00583127
-0.000806035
-0.00022831
0.00346804
0.00120952
-0.00107307
0.00164917
-0.000899624
0.000413586
-0.000905369
0.0159966
-0.0106987
-0.00939463
0.000657043
0.00291172
-0.00356876
0.000178152
0.0120556
0.000243593
0.00223895
-0.00416496
0.00884657
-0.0110851
0.00151988
-0.00766586
0.0119043
-0.00575828
0.000136728
0.0017498
-0.00188653
-0.000779343
0.00275944
-0.00169213
0.00221453
0.000419216
0.000299929
0.00182153
0.000336875
-0.00245833
-0.000484189
-0.000951967
0.000127385
-0.000317256
0.000214963
-0.00012087
0.000606461
-0.000485591
0.0084013
-0.00735408
-0.000845515
-0.00392412
0.00392922
-0.00279301
-0.00991929
0.00695603
-0.0183713
0.0619956
0.0416971
-0.0107908
-0.00169297
0.00827257
0.00251739
-0.00909699
-0.00501975
-0.0479051
0.00733202
-0.00780983
0.000183539
-0.00318508
0.000805017
-0.000747771
7.43768e-05
-0.00028382
0.0013204
0.000417579
-0.000484874
0.000241747
0.000243127
0.000113254
-0.000337679
4.59634e-05
0.00175666
-0.000584748
0.000841054
0.0020387
-0.00317826
0.00192776
-0.013151
-0.0130623
0.0123571
0.0088725
-0.00502542
0.00339298
-0.00226886
-0.00274287
0.000974254
0.000755
-0.00619287
0.00133719
0.000516445
-0.00102113
-0.000832501
-0.00810799
-0.0104271
0.00424408
0.014291
-0.0105706
-0.0208448
0.010634
-0.00398184
0.0016897
-0.000885982
-0.00061005
-0.00081749
0.00185374
0.00170698
-0.000936378
-0.00155472
0.0152304
0.00453482
-0.0046945
-0.0150707
0.000611123
0.000400232
-0.00156266
0.00116243
0.00127244
0.00173259
0.000346498
-0.00262672
0.00832712
-0.00483957
-0.00242491
-0.00364735
0.00399327
0.00286124
0.000339403
0.00212164
0.00035393
-0.000327902
0.00035369
-0.000379718
-0.0362008
0.0346504
-0.0281002
-0.00130336
-0.00255735
-0.00582525
-0.00225027
0.0173323
-0.0092568
0.000525415
-0.00056218
0.000198969
0.000326446
-0.00109294
0.00069691
-0.00207368
0.00232196
0.00102954
-0.00293773
-0.00208325
0.0109453
-0.00385338
-0.00633229
0.0126691
0.000297788
-0.00199163
-0.00037983
0.0323394
-0.0062554
-0.000552659
0.00012548
0.000435285
-0.000289036
-0.000196789
5.05401e-05
0.000267667
0.00931651
-0.00294754
-0.00151879
0.00178232
-0.00728868
-0.0101161
0.0121169
-0.00188329
0.000164625
-0.0407004
0.000864949
-0.00185182
0.000986872
-0.0675049
0.0695423
-0.00208092
0.00407474
-0.00160795
-0.00288345
0.000328612
0.000554548
-0.000517769
0.00323859
-0.00119457
0.00627733
0.000786391
-0.00109535
-5.12737e-05
-0.0148542
0.00284309
0.00112056
0.0501873
0.0176935
-0.0545965
0.0461938
-0.0425817
0.0198363
0.00388467
-0.00126816
-0.00249934
-0.000117172
-0.000585218
1.81454e-05
-0.0135539
0.013988
-0.00236573
0.000279548
-0.00128115
-0.00280996
0.000907941
0.000333696
0.0438658
-0.00873708
0.00490051
0.000874108
0.0098431
-0.00231432
0.000209069
-0.000491427
-0.0380336
0.0322554
0.0173315
-0.0168621
-0.0165292
0.00193854
0.00861115
-0.00805667
0.018822
0.0126866
-0.02039
0.0012104
0.00029881
-0.000517021
0.000139456
0.00313678
-0.00243799
0.00200496
0.00146225
-0.00102921
0.0660247
-0.0243607
0.00015858
0.000332551
-0.000491131
-0.000538035
0.0044635
0.025543
0.00850315
0.0129706
-0.0109814
-0.00812778
0.00329324
-0.00593795
0.00254499
0.00200694
-0.00376718
0.0017773
0.039919
0.0592919
0.0670127
-0.0682704
0.0143402
-0.00291528
0.0596084
-0.0582196
0.0541084
-0.00306557
0.0024889
0.00454018
0.00293568
-0.0021272
0.000955557
0.0172225
-0.0400802
0.00240867
0.0099436
0.000601123
-0.000255038
0.00157465
-0.000526776
3.31068e-05
0.00395638
0.00303234
-0.0045326
-0.00210797
0.00299422
-0.00188588
0.00283997
0.010991
0.00524192
0.00245794
-0.00550419
0.02146
-0.0217198
0.00576401
0.0166983
-0.016652
-0.0106531
0.00733472
-0.00090473
0.0043203
0.0043194
-0.00349919
0.00249846
-0.00346837
-0.00590581
-0.000266277
-0.00101707
-0.00288754
-0.00192247
-0.000664263
-0.000291619
-0.00177477
0.00208153
0.00947197
-0.0149653
0.00257839
-0.00227196
-0.00257403
0.00226761
-0.000951081
-0.00226166
0.00567953
0.00283321
0.00177569
0.00366097
0.00467987
0.00305082
-0.00190123
-0.00582946
0.00635253
0.00276496
-0.0052327
-0.00208886
0.000152558
0.00173741
0.000198892
-6.17125e-05
0.0022786
-0.00155124
-0.000665646
-0.00450193
0.0104543
-0.0031419
0.00248489
0.0115295
0.000405319
-0.00561456
-0.00248255
-0.00794189
-0.000233785
0.00249258
-0.0142754
0.00371569
-0.00422018
0.0062171
-0.00385426
0.00551762
-0.00788045
-0.000639345
0.00111242
0.000634312
-0.00116168
0.00211888
-0.000954354
-0.000534563
0.00260697
-0.00424499
-0.000166134
0.000935711
0.00340518
-0.00563223
0.00458061
0.00387994
0.000426519
0.0079739
-0.00635506
0.000378501
0.0046727
-0.00247471
0.00217094
0.0023107
0.000258003
-0.000810003
-0.000333983
0.00265664
-0.00255654
-0.000878486
0.000891262
-5.7622e-06
-0.00270209
0.00181659
0.00241385
-0.00261989
-0.00117185
0.000679698
0.00105362
-0.0122261
-0.000212667
0.00220686
0.00323055
0.0327509
0.0039754
-0.0660747
-0.000545961
0.000306089
0.0117735
0.00145088
0.000525292
-0.0137497
-0.00703168
-0.0180062
0.00190142
-0.00555403
-0.00109991
0.00572441
-0.00201117
0.000945704
9.3672e-05
0.00733216
-0.00920306
0.00177722
-0.00144084
0.00170251
-0.00148158
0.000829397
-0.0018924
0.00127577
0.00459966
0.0120848
-0.0149102
0.00110269
-0.00346565
0.00137578
-0.00085489
-0.000520894
0.00123681
-0.0026311
0.000361976
0.00268906
-0.00197297
0.000313998
-0.00103009
-0.000955611
0.000497658
0.000431736
-0.00108361
0.00104543
-0.00104669
-0.00222182
-0.000779275
0.00273298
-0.00116442
0.00460994
-0.00250981
0.000459218
-0.000650425
7.03368e-05
-0.000200061
0.000347869
0.000423792
-0.000262711
-0.000369462
-0.000939621
-0.00315083
2.12121e-05
-0.0061713
-0.00606458
0.00781426
0.000938147
-0.00169249
0.000754345
-0.00101544
0.00961563
0.00091765
0.0304353
0.02588
-0.0114436
-0.0266746
0.00214874
-0.00522486
0.0158264
-0.00104328
0.00297311
-0.000898364
-0.000850411
-0.000229595
-0.00371147
0.0047247
-0.00397051
-0.00548335
0.0142641
0.001186
-0.00908853
0.00410292
-0.00444932
0.00943494
-0.00175381
-0.00228073
0.00253453
0.00150001
-0.00356965
-0.00284216
0.00880585
-0.0144953
0.0171827
-0.0114933
-0.0165214
0.0151018
0.00161928
0.0103795
0.000969117
0.0273792
0.00829541
-0.00568844
0.00156112
0.00320004
0.00323619
-0.0115178
0.002217
0.00359236
-0.00286885
0.0031768
-0.000312058
0.00644472
-0.00465736
-0.0014753
0.00148232
-0.000988377
0.0013349
-0.00182885
-0.000812508
0.00279612
-8.19356e-05
-0.00228518
-0.000947184
-0.00398217
-0.00828528
-0.0155341
-0.000468099
0.00733886
0.00866332
0.0036333
-0.015381
0.00220813
0.00355579
-1.98174e-05
-0.00162931
-0.00123432
-0.00163807
0.000793469
0.00164714
0.000797978
-0.000480926
-0.000543308
0.00102423
0.000575456
-0.000653317
0.000888647
-0.000206941
0.0023774
-0.00241032
-0.00313197
-0.00719288
-0.00758476
0.00236527
0.00251081
0.0235338
0.011455
-0.0141475
0.00332031
0.00160984
-0.000339123
-0.00103268
0.000648463
0.000497471
0.000943887
0.000754645
-0.00286157
0.00116304
5.16142e-05
-0.00339461
0.00150226
0.014623
-0.0115004
-0.07214
0.0692784
0.014362
-0.0226394
-0.0157685
-0.000175328
0.00128608
-0.00287065
0.00507985
-0.00121915
-0.000990051
-0.00239689
-0.000302752
-0.000406554
-0.00211308
6.78759e-06
-0.000466725
0.000295646
0.000356012
-0.000281197
-0.00481844
0.00685387
0.00727719
0.00355496
0.00176449
0.00743496
-0.00470383
0.0042268
0.00528727
-0.000279989
0.0124787
0.00527512
-0.000861494
-0.00129887
-1.83144e-05
-0.00207743
-0.000695435
0.000584068
-0.0048189
0.00493026
0.00827093
0.00555997
-0.00380608
0.00279281
0.00271224
0.000334199
-0.036053
0.00199209
-0.000139471
0.00193508
0.000151416
-0.000686145
0.000306963
0.000566532
-0.00228003
0.000228913
0.00057124
0.00147988
-0.000636644
0.000730316
-0.0082187
-0.00324778
0.000600277
-0.0104978
0.0215966
-0.0165947
0.00950239
0.00114698
-0.00391528
-0.0289766
-0.00125063
0.000562389
0.0018088
-0.0084594
0.0376858
0.00865771
0.000982059
0.00141896
0.00284879
-0.00212645
-0.000689386
-3.29487e-05
-0.000520495
0.00250834
-0.000517245
-0.0014706
-0.000410879
0.000288587
0.00137009
-0.00135875
0.00206226
-0.00372397
-0.0017744
-0.0292203
0.00487044
0.00856646
-0.0030998
-0.0103371
-0.0126411
0.00108653
0.0164251
0.056041
-0.0303133
-0.000266862
-0.0133089
-0.021546
0.0353455
-0.0300748
-0.00102251
-0.00104793
0.00207044
0.00486874
-0.0109373
-0.00840723
0.00138528
-0.00777689
-0.00660863
0.00400142
0.00665653
0.00544791
-0.00143015
0.0108988
-0.00597656
0.0020742
-0.00220136
-0.00296632
-0.00169676
-0.000656496
-0.00222036
0.00165757
-0.00116954
-0.000789214
0.00230814
-0.000349386
0.000514152
0.00010801
-0.000114933
0.0304325
-0.029047
0.0207773
0.0258802
3.33012e-05
0.000248981
-0.0266484
-0.00258543
0.00325898
-0.00894476
-0.0298055
0.00788335
-0.00814616
0.00222217
0.000812476
0.00100849
0.0086455
0.0019929
0.0159896
-0.00337444
-0.00997586
-0.00363239
-0.00371183
0.0167841
-0.000324177
-0.000296834
0.00440206
-0.00208018
-0.00520631
0.00338763
0.00768554
-0.00586686
0.00785774
-0.00137458
0.0258926
-0.00418734
-0.0014507
0.00815903
0.0118973
0.00427159
-0.00214052
0.00131655
0.000823975
-0.00787491
-0.00176395
0.00067194
0.000711685
-0.00544447
0.000973812
0.0337
-0.0343951
-0.000278731
0.00152091
-0.00214633
-0.00377169
-0.00284234
0.010213
-0.00519736
0.00882024
-0.0161171
0.0037039
0.00359293
0.00891634
0.0127367
-0.0128328
0.0217327
-0.0347323
-0.00957876
0.0225784
-0.00116783
-0.0388938
0.0410354
0.000886903
-0.00135932
0.000251363
0.000221057
-0.000436788
-0.000357763
-0.000302437
-1.42104e-05
0.000283281
-0.000389681
0.000410031
-0.00042399
0.00398307
-0.00043435
0.000275118
-0.000242068
-0.000192282
-0.000252089
0.00050081
0.00165923
0.00483136
0.00326686
-0.00240402
-0.00394201
0.006484
-0.00427218
0.00516152
-0.00487267
-0.000641324
-0.00904321
0.0181906
-0.0104153
0.0356846
0.00221916
0.0137025
0.0155728
0.00104744
-0.00900135
0.0300818
-0.000438573
-0.000247375
0.00120239
-0.000662204
0.00102865
-3.56496e-06
0.00109431
-0.00211188
0.000501751
0.00125135
0.0012621
-0.00100773
-0.00159218
0.000529844
-4.63398e-05
0.00195511
-0.00236798
0.000459214
0.0240736
-0.00188467
0.00225588
-0.00260096
0.00222974
0.00552343
-0.00108265
0.000112693
-0.00365755
0.000566054
0.00703304
-0.0306405
0.00232396
0.0350667
0.0128114
0.0312228
-0.00111379
-0.0051125
0.00872475
0.000958318
0.0086686
0.00588867
-0.0116215
0.00758242
0.00184145
0.000465633
-0.000777098
-0.00158001
-0.00114071
0.000828317
-0.0039247
5.79393e-05
-0.00209289
-0.00326449
-0.00463987
0.00433446
-0.00363517
0.000584457
0.0012771
0.000946671
-0.00116995
-0.00453975
-4.49503e-05
-0.00345017
0.000220791
-0.0632487
0.0101514
-0.00461634
0.012119
0.00371005
-0.0584061
-0.00579832
0.00950103
-0.000207241
0.000932724
0.000139675
0.000107762
-0.00018408
5.78848e-05
0.00055565
0.00275022
-0.0877669
0.00112319
-0.00996915
-0.00906657
-0.0126987
-0.00313782
-0.0159956
0.00140473
0.0123654
0.00222547
-0.00763956
-0.00269308
0.0120128
0.0021952
-0.0125887
0.00622013
-0.0102255
0.00911145
-0.000234892
0.00134895
0.0126002
-0.00327624
-0.00217123
0.00411365
-0.00118822
-0.000754195
-0.00088549
0.00028066
-0.000353002
0.000957831
0.00507732
-0.00173289
0.00480194
-0.0013972
0.00249543
-0.00111805
-0.000974542
0.000612336
0.00118893
-0.000307852
0.00121904
-0.000597501
-0.000406633
0.000436112
-0.000306625
-0.000925375
0.000389223
-0.000706466
0.000753355
-0.00327933
-0.00374413
0.0041583
0.00264241
0.000982109
-0.00883083
0.00686452
-0.00612064
-0.00296327
0.001508
0.00425604
0.00138572
0.0249207
-0.0376856
0.000804157
0.005322
-0.00152637
-0.00905746
-0.0406604
0.0383936
0.0439464
0.00241573
-0.00288546
-0.00617965
0.00598811
-0.00852404
-0.0163458
0.00149608
0.00393728
-0.00362784
0.00412303
-0.00414695
-0.00273697
0.00489826
-0.00392594
0.0345227
0.00086848
-0.00708769
-0.00642194
0.0031154
0.00103816
-0.00110098
0.000666841
0.0024262
0.00277681
-0.00467153
0.00544878
-0.00273335
0.000672025
-0.0140396
0.00784226
-0.00998286
0.00215854
-0.0126014
-0.00849037
0.00233922
-0.00461845
0.00587804
-0.0191232
0.0131517
-0.0088011
-0.0237493
0.00499767
0.000406679
-0.000933024
-0.00184547
0.000890185
0.00022241
6.06456e-05
0.0125686
-4.03524e-05
-0.00108322
-0.000748314
0.000877181
0.000381375
0.00103251
-0.000976195
0.00161989
-0.0016762
-0.00083967
0.00106865
-0.0025433
0.00275024
-0.000631924
0.00108802
-0.00124424
0.00115439
0.00429752
0.0447203
-0.0490178
-0.026294
-0.00799975
0.059829
0.0493687
0.00328298
0.00132947
-0.000509245
-0.000285067
-0.000883702
-0.0015056
-0.00263291
-0.0608561
-0.0386284
0.0011484
-0.00054282
7.65742e-05
0.00244011
-0.00151692
-0.000999759
-0.00175172
0.00255671
0.00162154
-0.000621742
0.00144031
0.000170726
0.00154466
-0.000231376
0.00206198
0.000296036
-0.00157162
0.000557771
0.000717809
-0.00143693
0.00119794
-0.00325662
-0.000817733
-0.00140216
5.53202e-05
-0.0022863
-0.0023147
0.00155228
-0.015232
0.0106228
-0.0212259
-0.0323157
-0.0315307
0.0270027
0.0494862
0.010263
-0.0120624
0.0565755
-0.000368232
-0.00113412
0.00176035
-0.00632381
0.00172132
0.00409766
0.000367809
5.46722e-05
0.00037621
-0.00258526
-0.0021092
0.00137189
-5.87208e-05
0.000325875
-0.000140216
0.00076758
-0.00109758
0.0014365
0.00869472
-0.00706796
0.00132925
0.00298774
0.000261785
0.00106747
-0.00935914
-0.00163269
0.00180445
-0.00285409
0.00126736
-0.00102587
0.000844573
0.00141993
0.000760987
-0.00133359
0.0016731
-0.000194666
0.000326007
-0.0029642
-0.0172804
0.0220484
-0.000587016
0.00386751
-0.000864764
0.000173184
-0.00151737
0.00149809
0.000113261
-0.000466243
0.00121243
-0.00204165
-0.0076767
-0.00844493
0.00218155
0.014017
-0.00735197
0.0289336
0.0054292
-0.00784811
0.000371311
0.00109934
0.0142407
0.00325992
0.011433
-0.00188458
0.00423369
0.00237445
0.00136008
-0.00582742
-0.000793982
-2.71716e-06
0.000796699
0.00293459
0.00114759
0.000140549
-0.00217022
0.00138514
0.0035354
-0.00454212
-0.00236356
0.00388887
-0.00766984
0.00378097
0.00111117
0.000313082
-0.00140317
-2.10815e-05
0.00141354
0.00102747
-0.00132984
0.00219685
0.00162454
-0.000538406
0.000100938
-0.000188821
-0.0168269
0.0123632
0.00538752
0.0112525
0.008015
0.00133001
-0.00121547
0.0159509
0.00158858
-0.0156933
0.0241807
-0.00673456
0.00368353
0.0073551
0.00112962
-0.00146484
-0.000892029
0.00122725
0.000106533
-0.00113584
-0.00308126
0.00175987
0.000675896
0.000347882
0.00266468
-0.00146073
-0.00120395
-0.00234953
0.000255182
0.000899177
0.00119517
-0.000270476
-0.000770572
-0.00159978
0.00595974
0.00120678
-0.00250741
0.00798258
-0.00952132
0.0143673
0.0159154
-0.00152669
0.0347538
0.00106404
0.000605603
-0.00105291
-0.000616732
1.86175e-05
-0.00090533
0.00141287
0.000452937
-0.000605219
0.000116182
3.61007e-05
-0.00128864
0.00791576
-0.00139228
0.000835883
-0.00235798
-0.000257614
-0.000647823
-0.00127248
0.000858526
-0.00892706
0.0046074
-0.00104132
-0.00059372
7.98489e-06
-8.60509e-05
0.00103633
-0.00162788
0.00141254
0.000483199
0.00390634
-0.000988738
-0.00185784
-0.00105977
-0.000925667
-0.00270568
0.00381488
-0.00109418
0.00107343
0.0014119
-0.00509521
0.00783556
0.000153587
0.0143777
-0.00318913
-0.0556109
0.0529289
-0.00574612
-0.00593494
-0.0141681
0.0258491
-0.043625
-0.0243136
-6.76173e-05
0.0241802
-0.00492868
-0.00924706
0.00399127
-0.00669263
-0.0134826
0.0137867
-0.00150614
-0.00722064
0.0152929
-0.0108981
0.0218912
-0.0109916
0.0086171
0.000926481
0.00160082
-0.000396051
0.0085519
0.000353624
-0.000656593
-0.000521843
0.0292273
-0.0151915
0.0211776
-0.0123924
0.0441277
-0.0100009
-0.0186394
0.0235831
0.014957
-0.0343782
0.000682997
0.000635412
0.00270121
0.00165617
-0.000874388
-0.00263569
0.0018539
-0.0140118
0.0259294
0.00269785
-0.000678489
0.00308137
3.6038e-05
-0.000974927
-0.000667485
-0.0148815
0.00571137
0.00239854
-0.00422523
0.00580987
-0.000630605
0.00130369
-7.19633e-05
-0.00506347
-0.00732896
-0.00370756
0.0002091
0.0141324
0.0329292
-0.00238967
-0.0040746
-0.00198061
-0.0116249
0.0105756
-0.00312199
0.000373593
-0.00141656
-0.00131047
0.00196809
-0.00414296
0.0195957
-0.00297773
-0.0555872
0.0748883
-0.00114805
-0.000913888
-0.00345241
0.00109368
0.00439046
0.00201348
-0.00377119
3.58814e-05
0.0126139
-0.0102773
-0.00287854
0.0019543
0.000340525
-0.000700628
0.00269416
-0.00538378
0.00342462
-0.00122023
-0.00327545
0.00689422
0.00331746
-0.00174097
-0.00130054
0.00233081
-0.00108461
0.000958534
-0.00187495
-0.00055451
0.000157137
-0.00410386
-0.00236242
-0.00352996
-0.00187803
0.00193242
0.00137988
-0.00143428
-0.00131903
-0.000853676
-0.000330943
-0.000478716
-0.000879347
0.000107139
0.000326225
0.00791069
-0.00498776
-0.00207045
0.0204989
-0.00687404
-0.00164796
-0.0018185
0.000739632
0.000200497
0.00916554
-0.000925825
0.00228692
-2.17792e-05
-0.00253087
-0.0110769
-0.0125369
0.00809703
-0.00381445
0.00107268
0.00183485
0.00115328
-0.00067999
-0.000312294
3.27374e-05
0.000652163
0.00151498
0.000137323
-0.00157964
0.0459881
-0.0253712
-0.0546332
0.052991
0.00593768
-0.0323496
0.0074673
0.0612644
0.033576
-0.000169165
-0.00922667
-0.00177742
-0.00755069
0.00673661
0.0080952
-0.00514158
-0.00969023
-0.0183988
-0.000837918
0.00431816
0.00505359
-0.00853383
0.000862339
-0.000732005
8.15553e-05
-0.00195171
0.00915066
0.0138278
-0.00491624
0.021467
-0.00223952
0.0444626
0.0119948
-0.0297772
0.00678919
-0.000186932
0.000437676
0.00265037
0.000420865
0.00092709
-0.00875495
0.0070817
-0.000809303
-0.0023585
-0.000653588
0.00294932
-0.0010877
-0.00132566
0.000568281
0.00184508
-0.00471623
-0.0140223
-0.00613988
0.014707
0.0014077
-0.00164932
-0.00353726
-0.00393276
0.00434803
-0.00519249
0.0107266
-0.0112476
-0.00191634
0.00243737
-0.0123041
0.00697125
0.00523157
0.00010127
0.000768428
-0.00417823
0.00108273
-0.00116391
0.00182698
-0.00349236
0.0173094
0.00315508
-0.000725146
-0.0067037
-0.00246371
0.0013726
-0.00171799
0.00176789
0.0011531
0.000379322
0.000529428
-0.00332755
0.00105703
0.00174109
0.000879843
-0.0010888
0.00314464
-0.00135863
0.00291446
-0.00060902
-0.00057159
-0.000461757
0.00138283
0.000564828
-0.000911612
0.00286324
-0.000165175
0.00217868
0.000376037
-0.0117378
-0.00516199
-0.000962787
0.0178625
0.000105266
0.00385868
0.0063939
-0.00518021
-0.0068345
0.00708682
0.000734769
-0.000221218
-0.00145747
0.000245838
-2.3362e-05
-0.00062466
-0.0125165
0.0382802
-0.0169934
0.00363391
-0.020946
0.0217104
-0.0144519
0.00683029
-0.00115216
-0.00197352
0.00670339
0.0114096
-0.0108383
0.0108954
-0.0164493
0.0031816
-0.00398522
-0.00388535
-0.0114623
0.0193329
0.0030996
-0.000310177
0.0173749
0.00432687
-0.00146863
0.00454353
0.000644017
7.75195e-06
2.99334e-05
0.00244661
-0.0021518
-0.00119628
2.28197e-05
0.00221455
-0.00247333
-0.0101675
-0.00417625
0.00153475
-0.0023221
-0.00161093
0.00162254
0.000502329
0.00206777
-0.00134983
0.00273459
-0.00264399
-0.00173305
0.00190536
-0.00300716
0.00319751
0.00602978
-0.00206152
0.00130594
-0.00211507
-0.0197209
-0.00537573
0.00547374
0.0135173
-0.0116405
0.00930545
-0.0111823
0.000959242
-0.000612983
0.00454204
-0.0110339
0.0103807
-0.00529234
-0.00314757
-0.0127003
0.00817655
0.000570274
0.0502607
0.0246304
-0.0543855
-0.00146472
-0.000993261
-0.0102414
-0.00126969
0.00059716
-0.000303154
-0.00154792
-0.000334892
-0.00195787
0.00203107
9.87248e-05
-0.000420791
-0.00255508
-0.000931915
0.00132158
0.000634275
0.00243749
-0.00177926
-0.000254469
0.000246245
0.0144379
0.00584743
-0.000159064
-0.00164277
0.000321792
-0.000453029
-0.0086026
0.00685302
0.00313529
0.000654284
-0.00238545
0.0250923
0.00471221
0.00623614
0.0286502
-0.0060751
0.00108081
0.01144
-0.00171172
0.0158178
-1.74137e-05
-0.017747
0.00194653
-0.00121083
0.012278
-0.000291487
-0.00278978
-0.000954698
-0.000448145
0.00231051
-0.00253151
0.00227338
0.00206333
-0.0018052
-0.000960526
0.00177262
0.0234955
-0.0174628
-0.013678
0.00430996
0.00229876
0.00382403
0.00141621
0.00850699
0.00102356
-0.0182885
0.0102587
0.00700623
0.0590704
0.000367614
-0.00228567
0.00393045
-0.00480427
-0.0250358
0.0239488
0.00267927
-0.00179596
0.000889879
-0.000631925
-0.00441515
-0.000380491
0.00316641
0.00176779
0.000517173
-0.00527716
0.00312903
-0.000996403
0.000329555
0.000984901
-0.00735937
-0.00516014
0.00176694
0.00192228
-0.00435198
0.00950031
-0.01037
0.00973544
-0.00328638
-0.00240173
0.000359703
-0.000463777
-0.000221305
0.00180541
-0.000473893
0.0021769
0.00314894
-0.0245306
0.0141489
-0.0144342
0.000434258
-0.000107528
0.00131808
-0.00215716
-8.91192e-05
0.00570664
-0.00540171
-0.0287042
-0.0023707
0.0123544
-0.000327079
-0.00752283
0.0056084
-0.000126161
0.0196736
-0.00913632
0.0364972
0.00804343
-0.0467964
0.0444121
-0.0215342
0.00352515
-0.00213132
0.00893358
0.00074899
-0.000766588
0.00186199
-0.000804566
0.00112026
-0.000433617
-0.0002451
-0.00117947
-0.00113523
0.000284125
0.000247256
-0.000444045
-0.00402356
0.00372656
-0.00180205
0.0089157
-0.0148101
0.020751
0.0120641
0.0115199
0.0126958
-0.0184313
-0.0046379
0.00178821
-0.000278625
0.0043447
0.00176569
-0.0107373
-0.0375526
-0.0154365
0.0168342
-0.0228974
0.0104997
-0.00679125
-0.010231
0.0536911
0.00474475
-0.00328949
-0.0551464
0.00166829
-0.000645361
-0.00221664
0.000278275
-0.00484657
-1.2152e-06
-0.0187209
-0.00249653
-0.0120608
0.0342422
0.000630767
0.00247472
0.000166645
0.0039156
-0.0264458
-0.00701562
0.0005672
0.0328942
-0.00222842
0.0111972
-0.00175115
-0.00476805
0.000106196
0.000946385
0.00267154
-3.67393e-05
-0.00229715
0.00229208
-0.00124384
0.00562419
0.0397865
-0.0112321
-0.00610583
-0.000582327
-0.00851361
-0.003321
0.00372137
0.000685062
-0.0328781
0.000543115
0.03165
0.0046757
-0.00529884
-0.0197901
0.00595996
-0.0028626
0.00115772
0.00183946
0.0130014
-0.0164794
-0.00429895
0.000152984
-0.00257765
-0.0016269
0.00254045
0.00907841
-0.0162177
0.00270373
0.0322786
-0.000900925
0.00639786
0.000225734
0.00048097
7.37188e-05
-0.000226202
-7.99099e-05
0.000210089
0.0511931
-0.00251603
-0.00170241
-0.000676852
0.000492306
0.00188696
-0.00048495
0.000316675
-8.25302e-05
-0.00230886
0.00448998
-0.00920005
-0.00220225
0.00197185
0.00044182
-0.00100892
-0.000112588
0.00164649
5.11408e-05
-0.000572624
9.78717e-05
0.00329201
-0.00176038
0.000449153
6.73884e-05
0.00183634
0.00123535
0.00288961
-0.00198931
-0.00209372
-0.000627572
0.0033833
0.00245213
-0.00393848
-0.00588546
0.0195999
-0.00559837
-0.0153554
0.00135389
-0.00535332
-0.0273233
-0.00498686
0.00695724
-0.0127422
0.0102353
0.00525792
-0.0464906
-0.00382305
-0.000515918
0.00060214
-0.00424018
-0.00334168
0.00264351
0.00142737
-0.000887312
-0.00255957
0.00276513
-0.0055787
-0.00111371
-0.0107058
0.000202869
-0.00050939
0.000592957
-0.000286436
-0.0021987
0.00148757
-0.00064444
-0.000307972
-0.00076763
-0.000703707
7.48001e-05
-2.44093e-05
0.0014241
0.000281485
0.000281852
0.00593732
-0.000164908
0.000385699
-0.000586763
0.0905094
-0.00226298
0.000998373
0.000495025
-0.00156819
0.000841756
-0.000854881
0.00464395
0.00261625
-0.00645301
-0.00220198
0.0012764
-0.00096967
0.00027086
0.000708754
0.00187562
-0.000445162
-0.000242575
-0.00142396
0.000581928
-0.00176921
-0.0172053
-0.0175989
0.0284007
-0.0470564
0.0740591
-0.0259953
-0.0254262
-0.0434736
-0.0320448
0.0249367
0.0287545
-0.0313294
-0.0112937
0.0303234
-0.0138893
-0.0259243
-0.00246715
-0.00239678
-0.00116517
0.000838447
0.000206511
0.00212933
-0.000899816
-0.000492814
-0.000238375
-0.00161834
-0.000222561
0.000689641
-0.000959894
5.82515e-05
-0.0228632
0.0218188
-0.000608456
0.0122133
0.00020681
0.0212645
-0.000556366
-0.002802
0.0160341
-0.00229494
0.00122506
0.00160743
0.000925022
0.00473378
0.00012256
-0.00163227
-0.00408182
-0.00380718
0.00207712
0.00301387
0.00220298
0.014383
-0.00084091
-0.00255779
0.00112168
-0.000104906
0.0603533
-0.0466304
0.000617306
-0.00030173
0.000173303
0.000417076
-0.00117191
-0.0090826
0.0150008
-0.00510757
-0.00837332
0.000821958
0.000846329
-2.58819e-05
-0.000117534
0.000527451
3.49898e-05
0.00110534
-0.00518275
0.00297759
-0.00229794
0.000403243
0.00184723
0.00210456
0.00794447
-0.000460586
0.000816054
0.000336508
9.88717e-05
-0.00184626
5.91629e-05
-0.000185933
4.22836e-06
-0.000843521
0.00218659
-0.000976894
-0.00079428
0.00123661
0.00630313
-2.64019e-05
-0.000201353
0.0089893
0.0093106
0.00130394
0.0156825
0.0237176
-0.00764764
0.000570111
-0.00328195
-0.00232361
-0.0084595
-0.00211303
-0.00138283
-0.000802343
0.000529371
0.000723069
-0.0013941
-0.000665167
0.000658384
-5.6392e-05
0.00768648
-0.0146693
0.00178581
-0.0128333
0.00201547
-0.000125265
0.000267729
-0.000633146
0.0628973
-0.00232405
-0.0613478
0.0441294
-0.0525321
0.0572432
0.0466586
0.0411328
-0.0425146
0.00469391
-0.00167981
-0.00214669
-0.00257681
0.003348
-0.00145428
0.0103372
-0.00795139
-0.00100151
-0.000162515
-0.00143512
0.00101707
-0.00201885
0.00278862
0.000762962
-0.00345462
0.000672806
0.00379254
-0.00167732
-0.00431658
0.000507007
0.00252536
-0.0014627
-1.75775e-05
0.00185355
0.00211703
-0.000671068
0.0214855
-0.0022358
-0.00178234
0.00100915
0.000845814
0.000150964
-0.000574491
0.00256138
0.0110304
0.0128304
-0.00307615
-0.00503948
0.0108881
-0.0101688
0.00902707
0.0124629
0.00691337
-0.0337869
0.000385197
-0.00473853
0.0376076
0.0031478
-0.0139005
0.00366419
0.00549593
-0.00027367
0.0118834
0.0100285
0.0135784
-0.00980078
-0.00233929
-0.000829599
-0.0461389
0.0129006
-0.0085275
0.0121189
0.00743526
0.00533416
-0.00394291
-0.00597796
0.0155948
-0.00781089
-0.00883953
-0.0113683
0.0114513
-0.0052996
-0.0150926
0.0132333
-0.00286102
-0.0159706
-0.00891352
0.00164455
0.00212745
-0.000415341
0.00238568
-0.00363287
-0.0533619
0.0489132
-0.00448896
0.0646326
-0.0208612
-0.0437714
-0.0655517
-0.0124021
0.0874018
-0.009448
-0.000569929
-0.00302598
0.00338228
-4.14839e-05
0.000937857
-0.001537
0.00532214
-0.0120312
0.015277
0.00160316
-0.00229482
0.00206372
0.0154635
0.00510536
-0.00937079
-0.00343034
-0.00498665
-0.00760773
0.00413488
-0.0322245
-0.0224587
-0.00291882
-0.0177134
0.0425333
-0.0340669
-0.0705938
-0.0606147
-0.0161845
-0.000552138
-0.00341435
0.00170096
-0.000198699
-0.00255331
-0.000983949
-0.00268661
-0.00129575
0.00413333
-0.00262841
-0.00098391
0.00107328
0.00117273
-0.00419388
-0.00169691
0.000647122
0.00361893
0.000775651
-0.0140556
0.0140981
0.0016714
-0.0273372
0.0115677
0.00282563
0.000248306
-0.000372731
0.00474042
-0.00277352
-0.00346784
-0.0140819
-0.0473397
0.0120074
0.0483297
-0.00164704
0.0014198
-0.00241033
-0.000974403
-0.000448006
0.00247032
-0.0076073
0.0382895
-0.0277717
-0.00411666
0.000544676
-0.00848796
-0.00481679
0.00184145
-0.000679638
0.00237158
-0.00355116
0.001024
0.00716629
-0.0099121
0.0112097
0.00260671
-0.000533386
0.00245277
0.00041915
0.00235201
0.00207818
-0.00151573
0.01363
-0.00616011
0.00137388
0.000305482
0.00244439
2.25989e-06
-0.000694878
-0.000287711
0.000661229
0.00792812
0.0253475
-0.00642804
-0.0157717
-0.00906789
-0.00539461
0.0323064
-0.00663052
-0.0424352
0.0290472
0.00016582
-0.00300281
-0.000316164
0.00078746
0.00126008
-0.000278061
-0.00111522
0.00108283
-0.00385631
0.0029393
-0.00239603
0.00463724
0.0024527
-0.000135123
-0.00547222
0.00321132
0.00287221
0.00203449
-0.00504182
0.00078446
-0.00355801
0.000297808
0.00236921
0.000282305
0.00187788
-0.00256958
0.00163559
-0.00101687
0.000252016
-0.00394974
0.00281172
2.03928e-05
0.00273733
0.00134756
-0.00749903
0.0258567
0.000653594
-0.000416771
-0.000754262
0.00412839
0.00174305
0.0246651
-0.0123861
-0.00511545
-0.00480008
0.0190763
0.00270291
0.0223286
-0.00334306
-0.00355414
0.0137779
-0.00653507
0.00504255
0.00311593
0.00335253
0.0354334
-0.0365306
0.0228175
0.048414
-0.0285515
-0.0159757
0.0122697
0.00516364
0.0141357
-0.00770148
0.000696768
-0.000240333
-0.00271778
-7.53803e-05
-0.00134202
0.00358834
-0.00639855
-0.003401
0.00681721
0.00298234
-0.00099068
0.000954581
-0.00035161
0.00410918
-0.00206375
0.000173338
-0.00500438
0.00443479
0.00289555
-0.00889745
0.00118239
-0.00640186
0.0150563
0.00222974
-0.00342397
0.000611592
-0.00194436
-0.00240399
-0.000638377
-0.000476843
-0.00304815
0.00761388
-0.00154557
-0.000737121
0.00165495
-0.000758261
0.00185958
0.00204221
-0.00565561
-0.00206266
0.000415799
0.00485818
0.00072506
-0.00411734
0.00252148
0.0220868
-0.000368589
0.000505603
-0.0098878
0.0126807
-0.00232976
-0.0061179
0.00025918
-0.000577386
-0.00719209
0.00130939
0.00646009
0.00128284
-0.00174759
0.00209951
-0.00014318
0.000537268
-0.00276658
-0.00234604
-0.00885258
6.13549e-05
0.00116536
-0.00146349
-0.00221243
0.00140799
-0.000388107
0.00475495
-0.00118887
-0.00107062
-0.00227593
-0.00399671
0.00449925
-0.00680752
-2.42232e-05
-0.000114685
-0.00269547
0.011044
0.000325045
0.0244709
-0.01099
-0.00942497
0.0192333
0.0282751
0.0403397
-0.0120646
0.00166476
0.000367766
0.00133801
0.00446403
-0.0151213
-0.00249672
0.0038141
0.00124142
-3.30708e-05
-0.000605306
-0.00335308
-0.000860909
0.00649489
-0.00586613
-0.00330284
-0.00760744
-0.00338529
0.000209119
-0.00143434
0.00120983
0.00316017
-0.00296822
-4.60377e-05
0.00171387
-0.00111271
-0.00082024
-0.0103025
0.0022054
-0.00346558
0.000474679
0.000771527
0.0513835
0.00157862
0.0269738
0.0222027
0.00236201
-0.00115485
0.000205869
0.00094898
-0.000230952
0.00123096
8.54599e-05
0.000451767
-0.0010259
-0.00460378
0.00089282
-0.0041689
0.00225018
0.0108288
-0.00556435
-0.00924658
-0.0126074
0.0105066
-0.0106755
0.0144995
-0.00592104
0.00376014
0.00400986
-0.000236311
0.00321839
-0.00126507
0.00141357
0.0013806
0.00164305
0.00194958
0.00469992
-0.00270551
-0.00394399
0.000364604
-8.26746e-05
0.000831671
-0.00533642
-1.72708e-05
0.00379284
-0.00317219
0.0133158
-0.00318142
0.00491079
0.000385854
-0.00147729
0.000467406
0.000409153
-0.0095462
-0.000549246
-0.00303977
-0.0046854
-0.00321213
0.000575563
0.00181555
-0.000108947
0.0158763
0.00105132
0.00186902
0.0096917
0.0056797
-0.00442352
-0.00684964
0.000246152
-0.000628334
0.00055631
-0.00110214
-0.00277631
0.0174503
0.0137488
-0.00361206
-0.0081062
-0.0107493
-0.00288033
-0.00222697
0.00193673
0.00194206
-0.00159952
-0.00350393
-0.0113399
-0.00360899
0.00884309
0.00850195
0.00128781
0.00180573
0.00297337
-0.00208517
0.0034888
-0.0115363
-0.0136138
-0.00222956
-0.00125357
-0.0026333
0.010991
0.0119788
0.00204027
0.0090418
-0.00140366
0.000352522
0.00377399
0.00289935
0.0016308
-0.000178047
-0.00138214
0.000888199
0.0117702
-0.000853974
-0.00465802
-0.00709656
0.0137265
0.0244163
0.00743653
0.0289933
-0.00139384
-0.00242254
-0.000542591
-0.00269606
0.0361885
0.00920408
0.00546318
0.0029614
0.000426535
-0.0168493
-0.0216706
-0.0633374
-0.0174436
-0.0115098
0.0104668
0.0315359
0.0364009
0.00881201
-0.054432
0.0112106
0.00859535
-0.00715477
-0.00758195
0.00153498
-0.012866
0.0116742
-0.00710968
-0.0196895
0.0153069
-0.0140927
0.00492909
-0.00360459
-0.0116547
-0.00429313
0.0142089
-0.0115859
-0.00775731
0.000388541
0.0042914
0.00309245
0.00133724
-0.00135313
-0.000882299
-0.00171668
-0.0028516
-0.00506843
-0.000851872
0.000643444
-0.00042184
-0.00404093
0.00951631
-0.00456814
-0.00131173
-0.00209393
-0.00109119
-0.00104883
0.000346303
-0.00285618
0.00339808
0.00209611
-0.000450655
-1.80393e-05
0.00179975
0.000630279
0.00494912
-4.72037e-05
-0.000117809
0.000298416
-0.00053777
-0.00496826
-0.00285388
0.0501263
0.0645412
-0.000186756
0.00107209
-0.0328883
0.00229692
0.0024644
-0.00155057
0.00149441
-0.000222509
-0.00207954
-0.00138508
0.0375131
-0.0375942
-0.0396216
0.00316765
-0.000764991
-0.00947168
-0.00301799
0.00138065
0.0091589
-0.00531855
-0.00118482
0.00209616
-0.00177309
0.000505387
0.000218872
-0.00135598
0.00937807
-0.00249117
0.00235563
0.000839045
0.000511343
-0.00285242
0.000143413
-0.00209978
-0.00150374
0.00254081
-0.00168994
-0.00198141
-0.000390592
7.04737e-05
-0.00183592
0.00398761
-0.000348664
-0.00159816
-0.00803536
-0.00725838
0.00646748
0.00466192
-0.000722845
0.00551916
0.0115332
-0.015385
-0.00154738
-0.00232717
0.00186663
0.0505196
-0.0103358
0.0269813
-0.0225805
0.0216379
-0.026472
0.00110318
0.0104974
-0.0142706
-0.00496218
-0.00723923
0.0126604
0.000494991
0.00848244
0.0181147
0.0391664
-0.00856886
0.000580236
0.0017135
0.00971921
-8.63592e-05
0.0551207
-0.000360962
-0.00153278
0.00190811
0.00393723
0.00109779
0.00253972
0.00210256
0.00081359
0.000390288
-0.000976358
0.0104569
-0.00354221
-0.00359437
0.000788266
0.0180223
-0.00210356
0.00880135
0.000291391
0.00566
0.00032897
-0.000257167
-0.00493161
0.00458089
0.00358866
-0.00446297
0.00188782
-0.00357625
0.000371486
0.000370111
-0.000411913
-0.00187999
0.000444421
-0.00121543
0.00237404
-0.000172468
0.000329476
0.00936289
-0.000113259
0.00178435
-0.000938022
0.0713608
0.000918014
0.00125034
-0.000711032
-0.00197122
0.00335868
0.000691064
-0.000130046
-0.0039197
0.00710114
-0.0073847
-0.00136843
0.00386213
-0.000581168
-0.00922935
0.00087677
0.00243175
-0.00500903
0.0286169
-0.000812508
0.00265764
-0.0395477
0.00210797
-0.0431017
0.0653999
0.0183526
-0.0379958
0.0566514
-0.0456641
0.00267899
0.0110556
-0.00273886
0.00028657
0.00296953
0.00258122
0.00113625
-0.00652914
0.00622026
0.0262663
-0.023302
-0.0150251
0.00406852
0.0301276
0.0249628
-0.0331852
0.0056714
0.0371593
0.000277655
-0.0343572
0.00337885
0.0309756
0.0559367
-0.065564
0.0230995
-0.00474829
0.000519791
0.00428149
0.00217821
0.00342123
0.0380619
0.0114149
0.0534737
0.0520932
-0.0229802
0.0326662
0.0616787
-0.0137056
-0.000181735
-0.0131425
0.0094828
-0.00583632
0.00163629
-0.00374419
-0.00523433
-0.00359804
-0.0152555
0.00438211
0.0757072
-0.00769313
-0.0033047
0.00640279
-0.00393999
-0.00345027
0.0117713
-0.00730656
0.00988753
-0.0210357
0.006335
0.000864385
0.00138373
-0.00153291
-0.00276425
-0.00730417
-0.00137442
-0.0379753
-0.00705473
-0.000168093
-0.000948244
0.00160986
0.000411661
0.000101998
0.00199961
-0.00199743
-0.000608553
-0.00389924
0.00746668
-0.00176955
-0.0257657
-0.0119355
0.0091051
-0.00757442
0.00309727
-0.020092
0.0237665
-0.00677183
0.00278081
-0.000357636
-9.05128e-05
0.000550339
0.00058416
-0.00215531
-0.0052654
-0.00147101
0.0102967
-0.00221493
-0.00164526
-0.000770559
0.000350114
-0.000546846
-8.06093e-05
0.000125969
-0.000425996
0.000345387
1.22487e-05
0.000359867
-0.000846874
-0.00134394
0.00174388
0.000696538
0.00132308
0.00109916
0.000217155
-0.000460776
1.36821e-05
0.000812795
-0.000609323
0.000856664
0.000927687
0.00408303
0.000693796
-0.000838831
-0.000442
-0.000689171
-0.000260629
-0.000329393
0.000561179
-0.00145639
-0.0010235
-0.000907844
-0.000375913
0.000207484
-0.000871637
0.000155041
0.00150755
0.000580524
-0.0260033
0.00806376
0.0092651
-0.00656518
0.0102713
0.000572434
-0.000433374
1.83931e-05
0.0125507
0.0107174
0.0273308
-0.0149121
-0.00404277
-0.00437778
-0.00238703
-0.00535501
0.00222368
-0.0088263
0.0555764
-0.00112507
-0.000185028
0.000472636
-0.000321577
-0.000991418
-0.000182864
-0.000145511
-0.00107479
-0.0130684
0.014702
-0.00224769
0.0143858
0.00383397
0.0137533
-0.0119869
0.00252938
-0.00283364
0.0143144
-0.00236665
0.00183553
0.00309076
0.0032495
-0.00903444
-0.0133963
0.00125719
0.0119473
-0.0189454
0.00890256
-0.00190069
0.00158314
0.00616159
0.0133636
-0.00201156
0.00778258
0.00347272
-0.0130323
0.00385739
-0.0237795
-0.0448046
0.00144816
0.00242157
-0.0113645
-0.00241696
-0.0084084
0.00261151
0.00544465
-0.000379174
-0.000742299
-0.00111064
-0.00223191
0.00108083
-0.00332968
-0.00094558
-0.00254837
-0.00182941
-0.000548109
0.0445357
0.00877128
-0.00206207
0.00195878
0.00627116
-0.00311755
0.00626895
-0.00126749
0.00125417
0.00471413
0.000294423
0.00291235
-0.00354731
0.000506357
0.00210134
-0.0160031
0.00836152
-0.000672231
-0.00236998
-0.000758462
0.00380067
-0.00368124
0.00204517
0.00804821
-0.00172006
0.000779166
8.78518e-06
0.0011153
-0.00123475
0.0041018
0.0088646
0.00195788
-0.000170639
0.00451987
-0.0218358
0.00900605
0.00999301
0.000689317
0.00015968
0.000360109
0.0074928
-0.00135636
-0.000247243
-0.00714667
-0.00135796
0.0240072
-0.00962904
0.0015
0.000329034
-0.00326146
0.000851077
-0.00131628
-0.000820232
0.000402497
0.00194145
0.00322444
0.00235462
0.00314812
0.0104631
-0.00297315
0.00168509
0.000200512
-0.00311627
-0.00279799
-0.000864697
-0.00744756
-0.00736992
0.0015342
-0.000308601
2.84834e-05
0.00283355
-0.0118527
0.0104578
-0.0180047
-0.0012411
-0.00997539
0.00120963
0.00254757
-0.000706783
-0.0135327
0.00237448
0.00883652
-0.018818
0.0240426
0.00171045
0.00586053
0.00103803
0.00129421
0.0104694
0.00868076
-0.00940484
-0.000110408
-0.0100607
0.0392967
-0.0405941
0.00300485
-0.00411313
-0.00374405
0.00897524
0.0195752
-0.0232459
-0.0195103
-0.00697748
0.0115783
-0.0714291
-0.00902905
0.00609898
-0.000661074
-0.00043534
-0.00546397
-0.00735697
0.011463
0.000539537
-0.00181877
-0.00381974
0.00916877
-0.00894271
0.000342811
0.00113687
0.00310907
-0.00506283
0.000795787
0.0108159
-0.00360576
-0.000267829
-0.00196274
0.00307345
0.012032
0.00332913
0.00117742
0.00117535
0.00162594
0.0170913
0.0608358
-0.00415098
-0.008603
-0.00198992
-0.036937
0.0157702
-0.00368669
-0.00188524
-0.00182392
-0.000830565
-0.00536094
-0.00212651
-0.0066535
0.00807654
0.00181965
0.00118466
-0.00297805
-0.00266943
-0.000872878
0.0011449
0.0054516
0.00406523
-0.0097492
0.0126955
0.0113188
-0.00777947
-0.00261584
0.0084397
-0.0131122
-0.00014298
0.00283154
0.0147172
0.00259005
0.0085884
-0.0164994
-0.000726187
0.00534279
0.00676819
0.000790048
0.00140557
0.00136505
-0.00192725
0.00428433
0.00356981
0.000297673
-0.00709482
-0.000583616
-0.00187086
0.00418283
-0.00170229
0.00044296
-0.0156638
-0.00125598
0.0020715
0.00291429
-0.00454707
-0.00851148
0.0106689
-0.00257782
-0.000580319
0.000267839
-0.000850202
0.00381484
-0.00153153
0.00308096
0.00444768
0.00129596
0.000972063
-0.00831265
-0.0125962
0.00371581
-0.0125766
-0.00217695
0.00233621
-0.00162056
-0.00197354
0.00152255
0.00152822
-0.00030617
-0.0015848
-0.0013577
0.00141249
-0.00206155
-0.00259473
0.00215549
-0.00513093
0.00086928
0.0422064
0.00328784
0.0160676
0.036735
-0.0531367
-0.0235892
-0.00931292
-0.00286664
0.000366699
0.000115139
-0.00238394
0.00136026
-0.000216677
-0.00298643
-1.17206e-06
0.00347391
-0.00384267
-0.000681839
0.00912763
-0.0100926
-0.00476533
0.00193278
0.0362762
-0.00488495
-0.00185636
-0.0345717
-0.022803
0.00388947
-0.0165814
-0.000939969
-0.00180733
-0.0013975
-0.00227784
0.00286977
-0.000368213
-0.00825531
-0.0116074
-0.00214525
-0.0363113
0.0559709
-0.0415767
0.000719499
-0.0320722
-0.00228677
0.000522137
0.00159969
-0.00109707
-0.00272739
0.00100197
-0.00102254
-0.00084779
-0.00185788
0.0023166
0.000862162
0.000620151
-0.0157889
-0.00806208
0.00665409
-0.00300903
0.000215292
0.0137557
-0.00114782
-0.0122374
-0.0011862
0.000538957
-0.0024079
0.000950767
-0.000325934
-0.0237703
0.0207622
-0.0444869
0.00692965
0.00252049
1.14256e-05
0.00169921
-0.000470382
-0.000532499
0.00524407
0.0325521
0.00844379
0.000829974
0.00793963
-0.00186158
-0.00212245
-0.000769973
0.00190137
0.00441214
-0.00335794
-0.00902924
0.00735541
0.026249
-0.00635137
0.0305239
0.0209527
0.0482112
0.0186311
0.00196095
0.000507809
)
;

boundaryField
{
    outlet
    {
        type            calculated;
        value           nonuniform List<scalar> 0();
    }
    walls
    {
        type            calculated;
        value           uniform 0;
    }
    inlet
    {
        type            calculated;
        value           nonuniform List<scalar> 0();
    }
    model
    {
        type            calculated;
        value           uniform 0;
    }
    procBoundary8to1
    {
        type            processor;
        value           nonuniform List<scalar> 
109
(
0.10496
0.000512854
0.0574122
0.00809952
0.0103347
-0.000910692
-0.000219316
0.0577011
0.0114665
-0.000254957
0.0484304
0.017811
0.0903223
-0.000849305
0.121203
0.025605
0.011749
-3.77923e-05
-0.00116434
-0.00082245
-7.9965e-05
0.051467
0.0283741
0.0751075
0.0563748
-0.00240611
0.00203726
0.0309973
0.0129906
-0.00143791
0.0166942
0.00969611
0.100755
0.011618
0.0361567
0.0668509
0.072491
0.0114852
0.0332274
0.0173856
-0.0122359
0.0616053
0.0779034
0.00186761
0.00134315
0.000405821
0.0370607
-0.0126634
-0.00386366
-0.000523477
-0.000998265
-0.00252098
0.0853476
0.00268198
0.0361296
-0.0137395
0.00481961
0.049041
0.0305961
0.00298702
0.0663146
-0.0023922
0.050849
0.014006
0.102511
-0.000508951
0.0888832
-0.000406076
-0.00130275
0.0354265
0.0592692
-0.000118663
0.0108559
0.0693127
0.0517557
-0.00234397
-0.011988
0.0325957
0.0164443
0.00104005
-0.00330661
0.0431618
-0.0015723
-0.00074055
-0.000622018
0.000237272
0.000250983
0.0234239
0.0237627
0.00435205
0.00599603
0.00513644
-0.00342332
0.0037884
-0.000311827
0.00012221
0.0469702
0.0301242
-0.000633672
0.0459283
0.00551871
0.00932949
0.00500823
-0.00318098
-0.000241484
0.0438063
0.0142954
0.0350528
0.0136597
)
;
    }
    procBoundary8to2
    {
        type            processor;
        value           nonuniform List<scalar> 2(-0.044537 -0.05845);
    }
    procBoundary8to3
    {
        type            processor;
        value           nonuniform List<scalar> 3(-0.00556599 -0.00790841 -0.00311222);
    }
    procBoundary8to5
    {
        type            processor;
        value           nonuniform List<scalar> 4(-0.0767164 0.0105806 0.0299971 0.0109787);
    }
    procBoundary8to6
    {
        type            processor;
        value           nonuniform List<scalar> 
92
(
-0.00162248
-0.00212965
-0.00144754
-0.00192073
-0.0065765
-0.00413282
-0.0018644
3.9029e-05
-0.00476621
-0.000136677
-0.00973803
-0.00226907
-0.00632744
-0.00817446
-0.00295954
-0.00203831
0.00109436
-0.000105256
0.00266751
-0.0045285
-0.00252568
-0.00913317
-0.00236294
-0.00135088
-0.00268436
-0.000776388
-0.00782094
0.00052446
-0.00516309
-0.0378894
-0.00358206
-0.00162003
0.000846904
0.00128379
-0.00679432
-0.00540126
-0.00221877
-0.00346272
0.0010638
0.000943918
-0.000674572
-0.000421136
-0.00229253
-0.0192325
-0.00683742
-0.000827758
-0.00722096
-0.0137294
-0.0117098
-0.00417394
-0.0258381
-0.00308401
-0.00271517
-0.000466273
-0.0392386
-0.00925737
-0.0054716
0.000503984
-0.00526041
-0.000740446
-0.00286041
-0.000712517
-0.00185388
-1.21167e-05
-0.00866746
-0.0428325
-0.000289321
0.000639273
0.00343567
0.00144469
-0.00130113
-0.011234
-0.00691139
-0.0361643
-0.000272258
-0.000636997
-0.00189236
-0.000598441
-0.00318212
-0.00333576
-0.00733611
-0.00766026
-0.000108461
-0.00115292
-0.00690133
-0.00201196
-0.00533194
-0.0045408
-0.00735603
-0.00717188
-0.00100668
-0.00651696
)
;
    }
    procBoundary8to7
    {
        type            processor;
        value           nonuniform List<scalar> 
195
(
-0.000360594
2.93811e-05
-0.0555315
-0.00982548
-0.00116585
-0.00184015
-0.00034437
-0.0167335
-0.0260947
-0.0019421
-0.00896314
-0.0303355
-0.0103793
-0.0045617
-0.000790127
-0.000820689
-0.0165378
-0.00301686
-5.26353e-05
-0.00387753
-0.0167347
-0.00138129
-0.000364342
-0.00773336
-0.024922
-0.010638
-0.0186684
-0.00534598
-0.00332061
-0.0145144
-0.0112444
-0.00515366
-0.0120146
-0.000483615
-0.0769293
-0.00628755
1.51989e-05
-0.0103178
-0.0773609
-0.00431404
7.82371e-05
-0.0106418
-0.0205476
-0.0136142
-0.000796522
-0.0285414
-0.0146108
-0.0210598
-0.0189354
-0.00521915
-0.007539
-0.00802954
-0.00737141
-0.00225448
-0.000156066
-0.0129765
-0.00409421
-0.00185215
-0.00964029
-0.0184134
-0.0157519
-0.00545297
0.000981721
-0.0671834
-0.0116829
-0.0276649
-0.0153097
-0.00772295
-0.00187825
-0.00359575
-0.00883064
-0.0205209
-0.00740717
-0.00780292
-0.0163196
-0.00432431
-0.0132417
-0.00251618
-0.0102812
-0.00246603
-0.00987489
-0.00385612
-0.0163649
-0.0015286
-0.00151599
-0.0109692
-0.000649489
-4.26751e-05
-0.0156635
-0.00711652
-0.00178838
-0.00242496
-0.0123523
-5.32271e-05
-0.021214
-0.0201107
-0.0203553
-0.00396104
-0.0112544
-0.0147749
-0.016097
-0.00968564
-0.056112
-0.0025325
-0.0184656
-0.0223756
-0.0299663
-0.0327518
-0.0277751
-0.0185346
-0.00735244
-0.0632408
-0.0689739
-0.0294214
-0.0130725
-0.026478
0.000181659
-0.00507112
-0.000605945
-0.00141173
-0.000160213
-0.026084
-0.0159175
-0.00826988
-0.040693
-0.00875958
-0.00437117
-0.00436374
-0.0175987
-0.00660463
-0.0120706
-0.00370886
-0.00668472
-0.0227684
-0.0103838
-0.00943991
-0.0180369
-0.00215058
-0.00885928
-0.000273556
-0.00661077
0.00828422
-0.0115461
-0.000453264
-0.00666077
0.000204779
-0.0088753
-0.0213754
-0.0153387
-0.00411625
-0.00232003
-0.00509812
-0.00318983
-0.00979224
-0.00284754
0.00187264
-0.00209386
0.000681693
-0.0483432
-0.031552
-0.00997599
-0.0158124
-0.0196038
-0.000842943
-0.0180493
-0.0158501
-0.00764137
-0.0020956
-0.00167183
-0.00835783
-0.0123742
-0.00577404
-0.0037921
-0.000929304
-0.0016553
-0.00949275
-0.00598873
-0.00477388
-0.00725692
-0.0177502
-0.00359589
-0.0116678
-0.0168206
-0.00628715
-0.00394136
-0.0304638
-0.00491288
-0.0186984
-0.00686282
-0.00135461
0.000429323
-0.000408931
-0.0106769
-0.00651941
-0.00112923
)
;
    }
    procBoundary8to9
    {
        type            processor;
        value           nonuniform List<scalar> 
43
(
0.0371579
-0.0353297
0.00463104
0.00213391
-0.00205237
-0.0047886
-0.00301461
-0.00363623
-0.0223267
0.00194201
0.000709327
0.00579959
-0.0137844
0.00869919
-0.00650517
0.000625743
-0.0179175
-0.000735012
-0.0152525
0.00605034
0.00111767
0.00125125
-0.0106232
-0.0221628
0.00714571
0.0123055
-0.0120505
-0.0206579
-0.00471537
-0.0122911
-0.0141677
-0.000808735
0.00192619
0.0007256
0.00179661
0.000911229
0.00527344
-0.00182515
-0.0002781
0.00721328
0.0159584
-0.0171206
0.00207437
)
;
    }
    procBoundary8to10
    {
        type            processor;
        value           nonuniform List<scalar> 
100
(
-0.0140304
-0.0332783
0.00498134
0.0165674
-0.00611705
0.00108244
-0.0412406
0.0839616
-0.000486162
0.00542442
0.00102451
-0.00964556
-0.00148987
0.0252941
0.00396758
-0.00136755
-0.00375574
0.0168941
0.010245
0.028768
0.000210974
0.0108203
-0.00191134
0.00112777
-0.000205166
0.000974455
-0.00617506
0.010835
0.0189333
0.000254677
-0.001355
0.00678153
0.0714411
0.0576186
-0.0112211
0.00836636
0.0181302
0.0035951
0.00657689
0.0226982
1.76652e-05
0.0225513
-0.000144877
0.0212967
-0.008386
0.00152654
0.0300733
-0.0119451
-0.00655254
-0.00549314
-0.00583742
-0.00176168
-0.00675016
-0.0232413
-0.000520848
0.0113243
-0.00427741
0.0191744
-0.00819587
-2.81659e-05
0.000312586
0.00186383
0.0124571
-0.000198968
-0.00124833
0.0300178
-0.00190116
0.00582375
0.0040243
0.0212322
0.000314072
-0.00082865
-0.0079665
-0.00760033
-0.00656638
-0.00409302
0.0113786
0.0111236
0.00138637
-0.00823387
0.0712977
0.00867871
-0.00127836
-0.00310119
-0.00792088
0.00366718
0.00615141
-0.0011373
-0.00375875
-0.000154017
0.0445649
0.00460307
0.0115312
0.00106268
0.00128411
0.009358
0.00465234
0.00293524
-0.00051554
0.00751659
)
;
    }
    procBoundary8to11
    {
        type            processor;
        value           nonuniform List<scalar> 
46
(
0.00704667
0.000873433
-0.00814323
0.00283893
0.00175694
-0.000858982
4.38022e-05
0.000635092
-0.000960793
-0.00137055
-0.0102323
0.00436774
-0.0211715
0.0074273
0.00165292
-0.00344427
0.00498563
0.000415393
0.00437322
-0.00158176
-0.0043679
-0.00724368
-0.0107181
-0.00444864
0.0100352
0.00698182
0.00426076
-0.0115532
-0.00478381
0.0150329
0.00140613
0.00147495
0.0031849
-0.00532958
0.011523
-0.00501312
0.00861827
0.000259171
0.00125767
-0.00923989
-0.003909
0.00387702
0.00382058
-0.00162753
0.00616388
0.00138843
)
;
    }
}


// ************************************************************************* //
