/*--------------------------------*- C++ -*----------------------------------*\
| =========                 |                                                 |
| \\      /  F ield         | OpenFOAM: The Open Source CFD Toolbox           |
|  \\    /   O peration     | Version:  2506                                  |
|   \\  /    A nd           | Website:  www.openfoam.com                      |
|    \\/     M anipulation  |                                                 |
\*---------------------------------------------------------------------------*/
FoamFile
{
    version     2.0;
    format      ascii;
    arch        "LSB;label=32;scalar=64";
    class       volScalarField;
    location    "0.0100321";
    object      nut;
}
// * * * * * * * * * * * * * * * * * * * * * * * * * * * * * * * * * * * * * //

dimensions      [0 2 -1 0 0 0 0];

internalField   nonuniform List<scalar> 
3919
(
0.00652755
0.00566154
0.00389666
0.00271912
0.00567301
0.00665212
0.00371664
0.00660569
0.00746338
0.00596636
0.00669182
0.00695177
0.00642756
0.00730089
0.00596326
0.00426741
0.00741585
0.0073936
0.00652407
0.0063567
0.00728248
0.00506436
0.00755634
0.00744558
0.0074568
0.00512333
0.00753452
0.00740153
0.00380057
0.00431994
0.00648344
0.00715708
0.00752478
0.00703714
0.00748748
0.00743912
0.00275616
0.00660691
0.00750012
0.00561199
0.00569473
0.00729307
0.00749881
0.00534212
0.00239162
0.00322274
0.0021648
0.00592058
0.00713397
0.0075576
0.00751977
0.00575574
0.00759329
0.00654012
0.00463315
0.00756814
0.00320564
0.00301348
0.00752896
0.00692228
0.00304232
0.00536527
0.00368588
0.00553208
0.00712343
0.0070202
0.00743165
0.00409808
0.00711235
0.00754679
0.00745172
0.00483141
0.00324371
0.00378197
0.00312535
0.00539922
0.00746953
0.0074885
0.00732761
0.00574775
0.00567412
0.00755507
0.00746053
0.00707835
0.00730491
0.00681926
0.00659002
0.00587367
0.0043341
0.00520706
0.00487252
0.00289002
0.00290064
0.0075453
0.0045292
0.00474005
0.00507118
0.00610221
0.00433893
0.00742661
0.0075085
0.00259555
0.00361966
0.00744323
0.00275792
0.00748374
0.00405384
0.00513032
0.00495522
0.0061238
0.00421586
0.00564036
0.00654304
0.00734109
0.00734629
0.00736882
0.0072467
0.00698287
0.00576987
0.00462581
0.00661828
0.00616841
0.00750628
0.00349333
0.00746136
0.00705611
0.00751201
0.00594943
0.00346231
0.00659837
0.00753429
0.00521471
0.0029794
0.00756923
0.00725414
0.00689415
0.00517398
0.00606329
0.00577586
0.00473411
0.00643398
0.00762106
0.00588292
0.00754709
0.00724658
0.0069356
0.00257407
0.00742978
0.00705287
0.00663416
0.00527997
0.00756996
0.0073021
0.00728196
0.00724812
0.00748646
0.00750933
0.00553395
0.00745564
0.00627502
0.00735694
0.00306892
0.00290377
0.00719278
0.00466441
0.00313841
0.00306265
0.00597518
0.00685849
0.00755249
0.00217921
0.00700554
0.00743661
0.00745526
0.00324628
0.00617158
0.00536537
0.00716478
0.00475125
0.00434671
0.00171806
0.00421576
0.00752177
0.00567072
0.00472654
0.00544545
0.00516071
0.00730716
0.00516854
0.00509283
0.00651392
0.00601739
0.00346409
0.00684358
0.00534836
0.00751675
0.00425815
0.00746246
0.00427162
0.00274788
0.00749134
0.00518263
0.00748829
0.00598042
0.00437937
0.00745446
0.00759963
0.00290121
0.00627927
0.00446869
0.00317438
0.00746577
0.0075345
0.00756811
0.0044288
0.0075518
0.00756353
0.00584961
0.00523392
0.00738073
0.00756479
0.00694204
0.00538495
0.00548536
0.00758149
0.00729
0.00470173
0.00549586
0.00477839
0.00578448
0.00322245
0.00723382
0.00296041
0.00543182
0.00543744
0.00594045
0.00740817
0.00730315
0.00609698
0.0053693
0.00209024
0.00404869
0.00579623
0.00216218
0.00143905
0.0063009
0.00452135
0.00315234
0.0020109
0.00551925
0.00466848
0.00207593
0.00310755
0.00399198
0.00355055
0.00331227
0.00409589
0.00550404
0.00536575
0.0035956
0.00609275
0.00504115
0.00212241
0.00276527
0.00495285
0.00256084
0.00456027
0.00212727
0.00608057
0.00528049
0.00724054
0.0035041
0.00262399
0.00271678
0.0063184
0.00563796
0.00754938
0.00272035
0.00549426
0.00428624
0.0045097
0.00685104
0.00311252
0.00729756
0.0035863
0.00724063
0.00764288
0.00359609
0.00471827
0.00187603
0.00755235
0.00504353
0.00573289
0.00751186
0.00453313
0.00246237
0.00720642
0.00617918
0.00742875
0.00219423
0.00534524
0.00585284
0.00633809
0.0063094
0.00747655
0.00474869
0.00241213
0.00355797
0.00734288
0.00554199
0.0044423
0.0040447
0.00597527
0.00320494
0.00543683
0.00692164
0.00313055
0.00231048
0.00730448
0.00668307
0.00258307
0.00743536
0.00490375
0.00547296
0.00593582
0.0047525
0.00671667
0.00661316
0.00416583
0.00742767
0.00676131
0.00748629
0.00731639
0.0044075
0.00726063
0.00753029
0.00216641
0.0050997
0.0051557
0.00647648
0.00416113
0.00431138
0.00610966
0.0030608
0.00591669
0.0074958
0.00361738
0.00391568
0.0068362
0.00658973
0.00220173
0.00666201
0.00752519
0.00647453
0.00561789
0.00441141
0.00560897
0.00359373
0.00407674
0.00752064
0.00744779
0.00663182
0.00568948
0.0071607
0.00768382
0.00748549
0.00756779
0.00536165
0.00722426
0.00756487
0.00723468
0.00473259
0.00757177
0.00647805
0.00414873
0.00575011
0.00746431
0.00737786
0.00738884
0.00474417
0.00410876
0.00242873
0.0041247
0.00636372
0.00425583
0.00726106
0.00382457
0.00471349
0.00600605
0.00443915
0.00534153
0.00344568
0.00582518
0.00206611
0.00423303
0.00470373
0.00207019
0.00350528
0.00239041
0.0074965
0.00717053
0.0036092
0.00376802
0.00748324
0.00599214
0.00580442
0.00647824
0.00267422
0.00374161
0.00241615
0.00413433
0.0063835
0.00474292
0.00688896
0.00296623
0.00475871
0.00439796
0.00230986
0.00210363
0.00748363
0.00642725
0.00127759
0.00747985
0.00303492
0.00186675
0.00510623
0.00749689
0.00735331
0.00399631
0.00487354
0.00648115
0.00516866
0.0066838
0.00506221
0.00659929
0.00326372
0.00450854
0.00340193
0.00511897
0.00196124
0.00194237
0.00389735
0.00331926
0.00350388
0.00305567
0.00401929
0.00403156
0.00411878
0.00601034
0.00457793
0.00614422
0.00356516
0.00559088
0.00666747
0.00131524
0.00185666
0.00720525
0.00441933
0.00585276
0.00606923
0.00442305
0.00240647
0.00240852
0.00390014
0.00306475
0.00354551
0.00733122
0.00713587
0.00745366
0.00747502
0.00742037
0.0072241
0.00484394
0.00261973
0.00589308
0.00364429
0.00398871
0.00260971
0.00281927
0.00574205
0.0038569
0.00728976
0.00399413
0.0075345
0.00444326
0.00440727
0.0063068
0.00500324
0.00399651
0.00446644
0.00757046
0.00669512
0.00442639
0.00300025
0.00571494
0.00603576
0.00646603
0.00311897
0.00698059
0.00431879
0.00604597
0.00562677
0.00674465
0.00259395
0.0061297
0.00592363
0.00585074
0.00422759
0.00292956
0.00560825
0.00545982
0.00470673
0.0051765
0.00636967
0.00680961
0.00563406
0.0032475
0.00614849
0.00648919
0.00303822
0.00641491
0.00503333
0.00632585
0.00746537
0.00528386
0.00710661
0.00549854
0.0041144
0.00398258
0.00605246
0.00290083
0.00342591
0.00341065
0.00747512
0.00742885
0.00725809
0.00416037
0.00567292
0.00171765
0.00331085
0.00173429
0.00439466
0.00343246
0.00584055
0.00722463
0.00422387
0.00594791
0.00514583
0.00457705
0.00693614
0.00332969
0.00696769
0.00555408
0.00339655
0.002676
0.00221058
0.00319033
0.00337244
0.00309999
0.00355546
0.00354308
0.00652444
0.00737043
0.00751238
0.00453836
0.00601459
0.0075385
0.00411521
0.00164131
0.00399968
0.00750727
0.00722752
0.00568927
0.00650037
0.00216737
0.00465787
0.00433743
0.00512082
0.00691754
0.0032636
0.00761196
0.00749939
0.00215099
0.00608016
0.00422411
0.00684709
0.00470093
0.00709285
0.00413848
0.00561675
0.00523596
0.00592611
0.00376089
0.00437559
0.00361753
0.00381106
0.00380082
0.00380408
0.00377783
0.00707082
0.00704842
0.00467726
0.007506
0.00709389
0.0074961
0.00652328
0.00744586
0.00368772
0.00499751
0.00587222
0.00712636
0.00424794
0.00745524
0.00614441
0.00734791
0.00465397
0.00553076
0.00711558
0.00758144
0.0075251
0.0040902
0.00499615
0.00412302
0.00650757
0.00533094
0.0070803
0.00732076
0.00759178
0.0053563
0.00264099
0.00753532
0.00657135
0.00447228
0.00624757
0.00706581
0.00505279
0.00297534
0.0033969
0.0040041
0.0023013
0.00746272
0.00609183
0.00638999
0.00732635
0.00757674
0.00152877
0.00725181
0.00578054
0.00551703
0.00757482
0.00754072
0.00698277
0.00313403
0.00746279
0.00719
0.00750857
0.00746427
0.00744178
0.00761893
0.00396494
0.00500684
0.0035256
0.0074352
0.00652249
0.00380159
0.00722153
0.00348035
0.00410206
0.00548955
0.00491099
0.007248
0.00624507
0.00736446
0.00759737
0.00726331
0.0075374
0.00619265
0.00735314
0.00749462
0.00565713
0.00270874
0.00677253
0.00358641
0.00679876
0.00753695
0.00476937
0.00398363
0.00546261
0.00728726
0.00753755
0.00371461
0.00734927
0.00743419
0.00476425
0.00267467
0.00610306
0.0075611
0.00755817
0.00503704
0.00383427
0.00337644
0.00754576
0.00736572
0.00739337
0.003712
0.0029288
0.00347832
0.00397485
0.00474909
0.00398984
0.0033201
0.00515846
0.00723414
0.00602097
0.0065002
0.00746875
0.00356549
0.00739512
0.00747326
0.007161
0.00734728
0.00746379
0.00586316
0.00749486
0.00756758
0.00469775
0.00525229
0.00425366
0.00502526
0.00283966
0.00408465
0.00569066
0.001382
0.00592866
0.00759984
0.0075324
0.0076081
0.00292426
0.00739445
0.00373295
0.00593407
0.00508281
0.00477361
0.00550212
0.00725291
0.0064464
0.00623619
0.00193093
0.00718242
0.00708051
0.00749337
0.00276828
0.0071876
0.00753936
0.00672346
0.00693149
0.00345162
0.00751523
0.00573932
0.00711873
0.00303241
0.00753144
0.00432994
0.00250329
0.00613773
0.00263275
0.00745726
0.00582454
0.00542256
0.00389235
0.00714722
0.00745011
0.00737961
0.00727682
0.00367328
0.00752667
0.00464181
0.0073422
0.00427105
0.00683149
0.00728222
0.00633666
0.00671907
0.00400003
0.00672713
0.00459525
0.00433779
0.00745112
0.00221487
0.00223925
0.0034445
0.00512738
0.00710383
0.00694258
0.00749381
0.00734251
0.00745754
0.00622524
0.00560259
0.00659332
0.0039725
0.0073856
0.00760145
0.00664937
0.00741323
0.00419162
0.00746568
0.0042987
0.00423063
0.00731332
0.00600746
0.00734983
0.0044009
0.00508393
0.00634585
0.00745259
0.00334889
0.00750835
0.00381146
0.00721527
0.00648879
0.00729819
0.00594929
0.00411399
0.00740566
0.0073666
0.00393775
0.00718409
0.00743665
0.00736566
0.00711937
0.0075355
0.00362433
0.00752165
0.00526821
0.00713088
0.00391304
0.0075373
0.00657295
0.00543082
0.00749285
0.00731123
0.00731525
0.00465722
0.00305176
0.00699006
0.00593948
0.00768383
0.00750665
0.0023648
0.00635655
0.00753383
0.00658733
0.00741255
0.00697144
0.00441001
0.00294406
0.00308952
0.00520873
0.00636031
0.00666283
0.00308652
0.00662303
0.00376809
0.00604321
0.00694177
0.00658921
0.00490755
0.00400719
0.00443271
0.00733917
0.00757723
0.00748748
0.00754667
0.00740677
0.00751119
0.00753178
0.00685915
0.00742381
0.00549078
0.00476374
0.00295933
0.00493977
0.00748117
0.00459976
0.00715218
0.00741922
0.00724932
0.00491145
0.00460846
0.00491605
0.00734831
0.00797993
0.00745721
0.00358134
0.00704901
0.00494851
0.00348887
0.0064816
0.00747663
0.00486939
0.00182081
0.00467357
0.00595397
0.00509818
0.00755318
0.00732984
0.0047482
0.00571281
0.00749422
0.00485889
0.00737789
0.00743117
0.00476186
0.0025165
0.00369865
0.00737273
0.00620587
0.00746643
0.0074215
0.00292457
0.00594676
0.00441742
0.00264865
0.00724463
0.00462048
0.0076525
0.00456101
0.0074346
0.00401085
0.00758121
0.00470025
0.00469432
0.00632528
0.00744405
0.00753944
0.00752467
0.00751784
0.00745397
0.0075248
0.00515413
0.0042715
0.00734939
0.00750032
0.00490388
0.00159241
0.00434868
0.00213868
0.00752104
0.00731517
0.00403117
0.00699607
0.00713259
0.00219387
0.00738301
0.00725172
0.00742667
0.00760118
0.00447086
0.00615138
0.0050204
0.00485789
0.00375562
0.00484018
0.0074641
0.00746721
0.00758614
0.00618995
0.00727877
0.00719773
0.00736247
0.00326892
0.00419463
0.00666277
0.00754391
0.00751578
0.00667721
0.00760875
0.0075153
0.0065673
0.00428675
0.00612333
0.00669953
0.00754383
0.00751447
0.00416613
0.00447753
0.0034082
0.0012956
0.00738943
0.00405512
0.00585387
0.00376701
0.00708099
0.00751543
0.00447769
0.0072466
0.00641206
0.00715475
0.00733285
0.00687406
0.00749665
0.00702265
0.0062788
0.00481662
0.00709291
0.0075568
0.0074508
0.00742767
0.00715881
0.00743783
0.00543952
0.00550871
0.00459144
0.00726649
0.00339394
0.00749055
0.00737425
0.007417
0.00730633
0.00738053
0.00744713
0.00724101
0.0072174
0.00729063
0.00730931
0.0057318
0.00744069
0.00407464
0.00464
0.0057078
0.00592938
0.00365929
0.00745317
0.00743681
0.00379766
0.00733454
0.00653186
0.00387747
0.00496932
0.00656658
0.00577492
0.00751562
0.00668691
0.00748457
0.00755548
0.00371787
0.00694685
0.00389295
0.00539011
0.00671817
0.00751138
0.00565432
0.00747118
0.00443224
0.00574842
0.00734965
0.00753845
0.0041405
0.00760427
0.00754635
0.00443068
0.00746741
0.00741539
0.00716749
0.00579587
0.00753079
0.00547618
0.0019576
0.00718899
0.00439688
0.00369296
0.00370666
0.00615383
0.00752095
0.00724628
0.0071615
0.00749669
0.00743927
0.00411025
0.00416483
0.00575616
0.00651218
0.00613743
0.00500239
0.00359926
0.00551156
0.0075429
0.0072391
0.00687184
0.00601918
0.00752136
0.00595257
0.00486776
0.00735458
0.00455604
0.00714186
0.00504141
0.00639258
0.00527951
0.00372572
0.00642216
0.00575953
0.00615091
0.0069543
0.00679981
0.00689571
0.0074493
0.00702984
0.00303577
0.00620643
0.00752907
0.00749445
0.00736647
0.00754095
0.00624148
0.00740027
0.00455356
0.00567576
0.00751363
0.00742898
0.00272497
0.00620904
0.00737921
0.00574856
0.00630774
0.00728962
0.0074483
0.00720943
0.00240832
0.0027642
0.00485171
0.00720748
0.00743631
0.00654178
0.00741739
0.00759339
0.00544305
0.00722424
0.00565886
0.00682274
0.00407054
0.00751735
0.00757323
0.00434536
0.00452059
0.00762386
0.00375416
0.00723303
0.00524674
0.00754672
0.00233001
0.00736278
0.00704349
0.00735968
0.00737537
0.00425086
0.00626433
0.00752508
0.00757787
0.00747605
0.0075179
0.00732126
0.00517783
0.00454318
0.00658869
0.00382472
0.00751731
0.00754761
0.00303899
0.0051268
0.00730588
0.00753477
0.00744176
0.00724198
0.00717481
0.00720875
0.00561106
0.00757334
0.00659589
0.00758493
0.00748133
0.00631398
0.00446624
0.00604598
0.00751146
0.0058297
0.00761533
0.00628879
0.00605575
0.00762491
0.00750024
0.00594644
0.00412684
0.00678298
0.00757925
0.00753181
0.00257752
0.0074758
0.00752594
0.00614718
0.00226137
0.00663491
0.00571383
0.00695932
0.0075784
0.00733044
0.00635401
0.00677069
0.00748422
0.00747248
0.00731427
0.00500142
0.00745182
0.00589804
0.00488959
0.00605073
0.00749848
0.00755329
0.00756781
0.00694764
0.00657329
0.0067949
0.00704791
0.00403713
0.00306835
0.00736453
0.00754852
0.00630832
0.00524023
0.00755113
0.00759542
0.00748149
0.00743631
0.00763628
0.00743028
0.0076013
0.00695479
0.00477949
0.00527198
0.00744411
0.00750258
0.00752161
0.00752613
0.00740684
0.00754567
0.00725285
0.00755465
0.00277929
0.00751906
0.00754711
0.00360677
0.00550113
0.00413854
0.00748893
0.00236698
0.0070623
0.00472306
0.00671445
0.00415752
0.00404405
0.00730002
0.00680251
0.00672969
0.00216168
0.00740805
0.00718348
0.00534629
0.00749474
0.00744607
0.00733043
0.00751675
0.00755057
0.0076048
0.00422154
0.00404633
0.00336286
0.00760157
0.00677428
0.00435482
0.00751616
0.00648517
0.00755524
0.0075605
0.00751725
0.00756401
0.00758694
0.00209795
0.00675839
0.0072818
0.00749408
0.00754064
0.00629216
0.00740966
0.00424633
0.00488911
0.00759705
0.00742969
0.00491549
0.00580316
0.00750285
0.0064774
0.00751775
0.0073061
0.00741439
0.00759509
0.0037322
0.00354783
0.0075776
0.0075272
0.00556063
0.00601045
0.00571057
0.00751809
0.00749615
0.00608471
0.00694715
0.00719588
0.00735797
0.00735507
0.00602107
0.00642555
0.00749002
0.00755584
0.00717078
0.00500867
0.00359953
0.00734924
0.00463407
0.00642709
0.00475569
0.00684773
0.00734541
0.0072978
0.00660702
0.00338384
0.00751508
0.00375419
0.00724076
0.00742038
0.00745113
0.00356381
0.00577633
0.00462222
0.00748194
0.00745015
0.007108
0.0074726
0.00720587
0.00725453
0.00589048
0.00751165
0.00744759
0.00742355
0.00751282
0.00735626
0.00752858
0.00581466
0.00595734
0.00246798
0.00735287
0.00731069
0.00439883
0.00744042
0.00544995
0.00470349
0.00353945
0.00633391
0.00726163
0.00747504
0.00714261
0.00630959
0.00752019
0.00740587
0.00746059
0.00743446
0.0038369
0.00535321
0.00585279
0.00650348
0.00741831
0.00741046
0.00737907
0.00746909
0.00745576
0.00754618
0.00759086
0.00737567
0.0059573
0.00746808
0.00736774
0.0072624
0.0058863
0.0072236
0.00729822
0.00752322
0.00304417
0.00744946
0.00750374
0.00710832
0.00754801
0.00427978
0.0075442
0.00734144
0.00688279
0.00756618
0.00758104
0.00732024
0.0075852
0.00455713
0.0036351
0.00729628
0.00755998
0.00713058
0.00746167
0.00724317
0.00734196
0.00750851
0.00755268
0.00750512
0.00730141
0.00736959
0.00366015
0.00496474
0.0067945
0.0075627
0.00747114
0.00745291
0.00478436
0.00737764
0.00391315
0.0016184
0.00760548
0.00758736
0.00765282
0.00766049
0.00755502
0.00362424
0.00739336
0.00664321
0.00481618
0.00212466
0.00727612
0.00743772
0.00755091
0.00587919
0.00742339
0.00149134
0.00356
0.003322
0.00742251
0.0059993
0.00677621
0.00525792
0.00554675
0.00737792
0.00583275
0.00563751
0.00757164
0.00378652
0.0048688
0.00329774
0.00353742
0.00302306
0.00752441
0.00451208
0.0019996
0.00555802
0.00737385
0.00539937
0.00206811
0.0041498
0.00654029
0.00725551
0.00743789
0.0076018
0.00279932
0.00642276
0.00742766
0.00714564
0.00758681
0.00472258
0.00744638
0.0061508
0.00480178
0.00548735
0.00338206
0.00741346
0.00651757
0.00743296
0.00376526
0.00429367
0.00565824
0.00757623
0.00473373
0.00753457
0.00528457
0.00684602
0.00531506
0.00697746
0.0071912
0.00559728
0.00403542
0.0028544
0.00375989
0.00746858
0.00584201
0.00379049
0.0037379
0.0051184
0.00587361
0.00718911
0.00550646
0.00753721
0.00750031
0.0067986
0.00759086
0.00755127
0.00751186
0.00570499
0.00746888
0.00732867
0.00542797
0.00605929
0.00724993
0.00686274
0.00453749
0.00549803
0.00334677
0.0075411
0.00743828
0.00756066
0.00758196
0.00758405
0.0075737
0.00416348
0.0020269
0.00753857
0.00718454
0.00741795
0.0039959
0.00756994
0.00748496
0.00463217
0.00743251
0.00629618
0.00714397
0.00748671
0.00744802
0.00503361
0.00762397
0.00732073
0.00748678
0.00663282
0.00747296
0.00751635
0.00750469
0.00679562
0.00424164
0.0074629
0.00735733
0.00082754
0.00701921
0.00754538
0.00269312
0.00406826
0.00741933
0.0035248
0.00719798
0.00221814
0.00547606
0.00749914
0.00744828
0.00740407
0.00739257
0.00328122
0.00727786
0.00750992
0.00495172
0.00747441
0.00600814
0.00684058
0.0072913
0.00748441
0.00451091
0.00111105
0.0043482
0.00744167
0.00631281
0.00556127
0.00581574
0.00755254
0.00758751
0.0073587
0.00752804
0.00412068
0.00662426
0.00356433
0.0034071
0.00753439
0.00758328
0.00754528
0.00761408
0.00737516
0.00525965
0.00734642
0.00161339
0.00735564
0.00304933
0.00757061
0.00755944
0.00750597
0.00757349
0.00333027
0.00605852
0.00751523
0.00715835
0.0075268
0.00744379
0.00358722
0.00364791
0.00441632
0.00743233
0.00746248
0.00728365
0.00420742
0.00747529
0.00748399
0.00750854
0.00421473
0.00603648
0.00734594
0.00731671
0.00729408
0.00730023
0.00756724
0.00725461
0.00335359
0.0033278
0.00662272
0.00400946
0.0063192
0.00514396
0.00449137
0.00530962
0.00540995
0.00728626
0.00391996
0.0074188
0.00759264
0.00247235
0.00379524
0.00381056
0.00727887
0.00735296
0.00334269
0.00402757
0.00335595
0.00405453
0.0041964
0.00750984
0.00293787
0.00313712
0.0053319
0.00749342
0.00258947
0.00383743
0.00357213
0.00737646
0.00752284
0.00545955
0.00474222
0.00725065
0.00756383
0.00768526
0.00756477
0.00665445
0.00744971
0.00755815
0.0051951
0.00334174
0.00549757
0.00637644
0.00465942
0.0052993
0.00249386
0.00667342
0.00682789
0.00184464
0.00466586
0.00453984
0.00601532
0.00511097
0.00558113
0.00562538
0.00260016
0.00667744
0.00271645
0.00355259
0.00497345
0.00330753
0.00471924
0.00561706
0.00452643
0.00452284
0.0044589
0.00497766
0.00655954
0.00399105
0.00398617
0.00650656
0.00509626
0.00240696
0.00544049
0.00333686
0.00619864
0.00302552
0.00356732
0.00683554
0.00372091
0.00700703
0.00441801
0.00473317
0.00700798
0.00719205
0.0019518
0.00417242
0.00687346
0.00728864
0.00352697
0.003185
0.00678147
0.00387704
0.00416644
0.00350589
0.00306482
0.00260375
0.00731697
0.00420433
0.00728339
0.00303377
0.00635853
0.00391409
0.00413668
0.00365935
0.0030192
0.00458811
0.00506709
0.00286286
0.00299981
0.00627099
0.00724928
0.00642363
0.00570318
0.00221182
0.00498653
0.00613236
0.0028021
0.00746291
0.00754495
0.00741734
0.00426161
0.00739334
0.00533325
0.0071265
0.00644722
0.00724071
0.00187672
0.00405771
0.00415919
0.00671842
0.00385778
0.0061902
0.0029132
0.00737622
0.0067462
0.00333476
0.00760343
0.00753429
0.00757658
0.00758422
0.00759834
0.00728651
0.0076259
0.00735305
0.00755616
0.00747991
0.00754969
0.00664322
0.00599804
0.00436926
0.00764003
0.00751357
0.00731372
0.00721795
0.00411089
0.0024684
0.00391465
0.00665891
0.00726031
0.00639849
0.00603639
0.0075458
0.00746715
0.00745711
0.00495789
0.0074854
0.00545862
0.00595546
0.00540573
0.00349141
0.00750255
0.00670601
0.00705966
0.00746389
0.00642785
0.00756029
0.00743229
0.0075234
0.00742757
0.00743946
0.00654114
0.00592799
0.00753361
0.00754829
0.00653132
0.00643229
0.00685945
0.00758065
0.00713351
0.00751133
0.00751964
0.00743478
0.00751001
0.00757841
0.00757803
0.00741098
0.0060662
0.00763288
0.00643119
0.00750773
0.00691166
0.00745405
0.00743886
0.00594386
0.0074722
0.00753358
0.00754378
0.00759172
0.0074282
0.00578399
0.00757915
0.00749132
0.0073475
0.00744867
0.0072562
0.00468468
0.00727996
0.00729216
0.0071847
0.0067897
0.00450357
0.00484867
0.00590736
0.00410887
0.0040684
0.00192433
0.00748121
0.00241164
0.00320814
0.00484677
0.00335974
0.00726947
0.00760365
0.00345559
0.00748367
0.00327455
0.006195
0.00404994
0.00740647
0.00463889
0.00409214
0.00731311
0.00498531
0.0036517
0.00537283
0.00384891
0.00712134
0.00742303
0.00744803
0.00503513
0.00748851
0.00514596
0.00745024
0.00517569
0.00753001
0.0037561
0.00581031
0.00566916
0.00561078
0.00748296
0.00357801
0.00449119
0.00364264
0.00519685
0.00747265
0.00721012
0.00753863
0.00479321
0.00525856
0.00572002
0.00760798
0.00370621
0.00729111
0.00742206
0.00677083
0.0037362
0.0074757
0.00602279
0.00763854
0.00350283
0.00738395
0.00745983
0.00734469
0.00563485
0.00756439
0.00418446
0.00380298
0.00270994
0.00555324
0.00357302
0.0026996
0.00753295
0.00756708
0.00619171
0.00714999
0.00748268
0.00619447
0.00531708
0.00195393
0.00322469
0.00705286
0.00752487
0.00389091
0.00410116
0.0076029
0.00758042
0.00394531
0.00443378
0.0074586
0.007432
0.00751139
0.00739127
0.00478132
0.00733931
0.00739789
0.00753417
0.00749972
0.00756014
0.00705529
0.006828
0.00758307
0.00751209
0.00754328
0.00757898
0.0059403
0.00668135
0.00238327
0.00238431
0.00684664
0.00249402
0.00679961
0.00550482
0.0036867
0.00757209
0.00303321
0.00732494
0.00429405
0.00731733
0.00682621
0.00749542
0.00233582
0.0039767
0.00743286
0.00421974
0.00266731
0.002694
0.00745518
0.00342461
0.00593023
0.0067199
0.00295568
0.0032255
0.0017368
0.00167452
0.00468082
0.00752949
0.00634933
0.00139529
0.00241445
0.0013047
0.00229632
0.00496866
0.0075177
0.0037881
0.00483962
0.00379021
0.00476915
0.0032323
0.00748421
0.00713768
0.00553089
0.00450877
0.00220671
0.007534
0.00732337
0.004506
0.00498835
0.00431879
0.00678305
0.00633043
0.00543608
0.00432224
0.00565157
0.0073913
0.00746415
0.00743708
0.00447868
0.00659653
0.0072318
0.00458064
0.00756248
0.00537035
0.00367712
0.00382106
0.00755053
0.00303591
0.0047121
0.00451415
0.00754312
0.00735085
0.00538376
0.00379844
0.00239664
0.00751571
0.00583448
0.0073393
0.00748128
0.00471931
0.0070547
0.00116848
0.00336248
0.00730913
0.0037809
0.00621507
0.00378562
0.00610258
0.00624488
0.00732843
0.00747701
0.00553224
0.00609982
0.00607476
0.00752882
0.00305734
0.0040459
0.00462977
0.00269821
0.00675537
0.00397663
0.00699552
0.00756814
0.00563787
0.00552031
0.00658381
0.00756467
0.00598608
0.00693487
0.00499449
0.00750068
0.00688974
0.00738845
0.00466057
0.0029894
0.00412007
0.00640449
0.00332484
0.00482399
0.00412847
0.00425821
0.00388493
0.00662459
0.00376971
0.00752393
0.00758369
0.0018215
0.00442931
0.00229513
0.00726124
0.00752597
0.00742774
0.00742198
0.00739127
0.00753849
0.00465053
0.00739581
0.00725635
0.00512632
0.0016173
0.00396409
0.005076
0.00687163
0.00735565
0.00654677
0.00599921
0.00754115
0.00450071
0.00726748
0.00741054
0.00734372
0.00756209
0.00757316
0.00241034
0.00257745
0.00381833
0.00269907
0.00140505
0.00701611
0.00548259
0.00245879
0.00739456
0.00745836
0.00733529
0.00717396
0.00756539
0.00744521
0.00727308
0.00399763
0.00603614
0.00247933
0.0073416
0.00753378
0.00713984
0.007202
0.0075716
0.00754625
0.0074849
0.00199452
0.00599472
0.00305547
0.00740224
0.00481424
0.00149869
0.00378983
0.0025918
0.00191348
0.00570954
0.00333068
0.00322518
0.00744256
0.00737849
0.00708048
0.00224749
0.00694657
0.00749151
0.0075132
0.00758672
0.0075775
0.00751039
0.00756496
0.00365076
0.00474598
0.00625053
0.00365423
0.00730286
0.00460757
0.00622526
0.00250752
0.00403642
0.00753123
0.00756864
0.00425222
0.00625929
0.00590448
0.00760306
0.00365185
0.0074999
0.00600914
0.00602535
0.00730506
0.00139896
0.00448722
0.00752462
0.00638906
0.00749795
0.00302878
0.00434379
0.0035615
0.00661411
0.00725784
0.00758386
0.00497071
0.0050008
0.00448007
0.00754444
0.00360784
0.00719597
0.00754782
0.00619447
0.0069543
0.00471873
0.00728106
0.0071279
0.00370374
0.00596221
0.00738332
0.0073208
0.00718555
0.00148906
0.00455893
0.00748982
0.00753516
0.00745291
0.00664182
0.00710746
0.00757325
0.00746393
0.00295334
0.00513812
0.00385376
0.00748799
0.00608081
0.00585539
0.00746721
0.00294839
0.00744398
0.0075232
0.00745246
0.0072825
0.00726566
0.00747052
0.00610735
0.0023511
0.00362613
0.00333868
0.00747987
0.00757439
0.00750775
0.00697489
0.00703669
0.00752682
0.00207767
0.00754223
0.00331503
0.00665543
0.00451183
0.00713423
0.00702273
0.00730486
0.0067247
0.00712908
0.00494238
0.00702678
0.00771431
0.00318908
0.00274962
0.00396842
0.00756681
0.00745516
0.00730721
0.00758323
0.00734162
0.00748899
0.0073956
0.0039546
0.00706396
0.00762264
0.00698275
0.00601461
0.00722434
0.00520798
0.00427469
0.00738623
0.00752306
0.00624694
0.00751044
0.0075379
0.00755026
0.00734173
0.00760636
0.0070146
0.00724109
0.0035379
0.00541298
0.0057755
0.00688546
0.00753715
0.00750546
0.00754901
0.00756294
0.0058108
0.00269862
0.00745566
0.00324665
0.00729072
0.00731579
0.00545175
0.00285066
0.00485337
0.00613488
0.00749374
0.00753297
0.0047565
0.00740738
0.00724035
0.00736569
0.0044201
0.00540675
0.00221803
0.00741448
0.00760042
0.00245217
0.00649351
0.0075354
0.00688688
0.00530045
0.00752475
0.00759155
0.00757019
0.00711169
0.00723011
0.00737896
0.00720065
0.00700397
0.00721957
0.00528423
0.00264697
0.00266399
0.00753253
0.00358902
0.00731899
0.00422658
0.0072539
0.00740784
0.00726377
0.00731401
0.00753504
0.00753882
0.00734812
0.00626708
0.00743219
0.00408561
0.00593956
0.0074997
0.00700307
0.00753562
0.00751034
0.00482785
0.0075078
0.00331593
0.00753402
0.00749693
0.00678227
0.00264044
0.00753229
0.00761558
0.00732224
0.00739314
0.00745436
0.00434515
0.00221263
0.00749984
0.00328236
0.00756857
0.00352574
0.00717511
0.00729035
0.00690708
0.0074618
0.00743988
0.0075215
0.0072424
0.00753562
0.00350434
0.00488753
0.00686036
0.00573418
0.00756031
0.00379696
0.00749884
0.00762138
0.0073723
0.0075804
0.00646498
0.00740325
0.00734739
0.00743488
0.00740878
0.00719421
0.00454182
0.00224891
0.00754962
0.00738321
0.00730339
0.00703388
0.00382975
0.00739167
0.00750447
0.00699045
0.00738552
0.00741212
0.00749016
0.00473134
0.00751006
0.00713609
0.00715471
0.00366986
0.00547878
0.00372708
0.00749878
0.00441325
0.00738139
0.00340772
0.004214
0.00228811
0.00374086
0.00491579
0.00479779
0.00552018
0.00727092
0.00749975
0.00682705
0.00427575
0.0061746
0.00623741
0.00449158
0.00757854
0.00466971
0.00524379
0.00638951
0.00523966
0.0024014
0.00456311
0.00754644
0.00748173
0.0075651
0.00754685
0.00724948
0.00751633
0.00750529
0.00312952
0.00371892
0.0034193
0.00743361
0.0045869
0.00338007
0.00402708
0.00424882
0.00522012
0.00417446
0.00754922
0.00742404
0.00745808
0.00747476
0.00750771
0.00743405
0.00664807
0.00761488
0.00502549
0.00750144
0.00235885
0.00124647
0.00630018
0.00295245
0.0040376
0.00539592
0.00723644
0.00748352
0.00696293
0.00106712
0.00564723
0.00706831
0.00487127
0.00653077
0.00654679
0.00558129
0.00419234
0.00407161
0.00408372
0.00609862
0.00744747
0.00564957
0.00434028
0.00429002
0.00311594
0.00540321
0.00672006
0.00727538
0.00749437
0.00737747
0.00744235
0.00720111
0.00470112
0.0075132
0.00599033
0.00729591
0.00537271
0.00740593
0.00682666
0.00642941
0.00655816
0.00450856
0.00388283
0.00701611
0.00530605
0.00655844
0.0041729
0.0054409
0.0073673
0.00731987
0.00434327
0.00753248
0.00749773
0.00727976
0.00268736
0.00738127
0.00452541
0.00680735
0.00717276
0.00650769
0.00662752
0.00345614
0.00745861
0.00584685
0.00614292
0.00357242
0.00373004
0.00531319
0.00759457
0.00410356
0.00339063
0.00758427
0.00520482
0.00489168
0.0067903
0.00519563
0.00671737
0.00627456
0.00581547
0.00558385
0.00522351
0.00360428
0.00556413
0.00757891
0.00435003
0.00271537
0.00756516
0.00413976
0.00600744
0.00760104
0.00685793
0.0056491
0.00742278
0.0059272
0.00677144
0.00533158
0.00732158
0.00740194
0.00456687
0.00745319
0.00335088
0.00681338
0.00484965
0.00752267
0.00470221
0.00518387
0.00735824
0.00223086
0.00651364
0.00472155
0.00613232
0.00752781
0.00388827
0.00643691
0.00374267
0.00722835
0.00736093
0.007356
0.00706893
0.00375853
0.00695866
0.00753619
0.00736305
0.00646178
0.00663082
0.00281168
0.00756136
0.00673294
0.00742324
0.00729944
0.00456832
0.00272607
0.00259149
0.00500319
0.00580306
0.00750169
0.00334899
0.00640531
0.00246391
0.00762314
0.00753221
0.00759478
0.00741333
0.00762415
0.00754102
0.0041661
0.00745309
0.00697096
0.00755744
0.00587901
0.00745844
0.00501542
0.00352713
0.00606329
0.00749565
0.00451315
0.00630032
0.00604984
0.00476386
0.0072173
0.00572591
0.00751902
0.00597456
0.00746733
0.00353393
0.00643217
0.00745862
0.00728408
0.00582072
0.00743459
0.00486006
0.00751891
0.0067262
0.00749074
0.00653238
0.00540648
0.00374714
0.00533631
0.00692489
0.00733349
0.00571042
0.00745098
0.00608601
0.00690593
0.00395863
0.00411587
0.00734106
0.00745554
0.00759823
0.00358979
0.00462946
0.00383095
0.00763946
0.00752942
0.00738881
0.00750704
0.00432783
0.00709306
0.0074461
0.00753992
0.00688906
0.00448979
0.00580829
0.00705214
0.00747878
0.00647568
0.0073704
0.00733885
0.00751433
0.00757218
0.00744883
0.00743848
0.00755895
0.00587738
0.005743
0.00279163
0.00506717
0.00366611
0.00649246
0.00726243
0.00619911
0.00661016
0.00675049
0.00645134
0.00623855
0.00734414
0.00745975
0.00755742
0.00363545
0.00711031
0.0071781
0.00390269
0.00754067
0.00760008
0.00745144
0.00751162
0.00578285
0.00758946
0.00744964
0.00717688
0.00115126
0.00756348
0.00610325
0.00326393
0.00751001
0.00747637
0.00354182
0.00398157
0.00496984
0.00474253
0.004007
0.00745921
0.00712922
0.00726614
0.00550231
0.00684123
0.00745584
0.00740185
0.00294335
0.00497704
0.00454297
0.0035668
0.00750247
0.00727225
0.0074688
0.00743481
0.00741663
0.00740319
0.00324113
0.00691933
0.00744136
0.00601887
0.00597348
0.00537518
0.0075773
0.00753589
0.00749369
0.00751101
0.00336103
0.00755044
0.00756855
0.00744834
0.00559683
0.00638654
0.00744041
0.00758303
0.00339056
0.00735983
0.00672827
0.00723443
0.00602759
0.00746352
0.00521403
0.00358188
0.00418277
0.00573983
0.00693108
0.0067096
0.00627724
0.00650876
0.00731413
0.00747657
0.00746148
0.0048102
0.00703949
0.00749465
0.00727155
0.00753917
0.00755723
0.00483875
0.00290643
0.00748996
0.00742781
0.00744915
0.00739234
0.00740523
0.00391595
0.00748195
0.00755163
0.00730805
0.00680095
0.00744129
0.00321008
0.00453936
0.00512833
0.00414607
0.00703966
0.0073608
0.00736365
0.00751177
0.00683922
0.00755326
0.00719404
0.00683602
0.00725303
0.00530497
0.0049009
0.0056939
0.00744403
0.00753344
0.00638586
0.00288132
0.00671653
0.00526414
0.00409546
0.00515735
0.00753963
0.00612234
0.0072249
0.00752529
0.00749273
0.00559025
0.00249788
0.00751727
0.00755703
0.00310604
0.00557962
0.00759069
0.00603325
0.00755813
0.00548585
0.00598162
0.00751026
0.00748402
0.00761546
0.00411321
0.00728311
0.00741709
0.00605666
0.00421089
0.00756639
0.00755066
0.00755592
0.0075556
0.00717207
0.00536093
0.00743619
0.00628239
0.00391433
0.00231128
0.00546443
0.00757949
0.00465908
0.00207345
0.00749933
0.00498786
0.0075102
0.00663985
0.00538978
0.00443247
0.00600506
0.00505228
0.00754502
0.00710064
0.00534941
0.00753083
0.00737213
0.00728252
0.00745731
0.00754579
0.00176895
0.00754343
0.00674874
0.0064211
0.00274152
0.00724545
0.00746347
0.00523114
0.00752167
0.00741217
0.00441152
0.00625347
0.0040088
0.00572679
0.0072974
0.00698286
0.00667246
0.00396047
0.00405392
0.00552584
0.00622347
0.00536221
0.002079
0.00527054
0.00540564
0.00371657
0.0050425
0.00740652
0.0074027
0.0026893
0.00528059
0.00741355
0.00466819
0.00753879
0.00723466
0.00417606
0.00752753
0.00751116
0.00616448
0.00602064
0.00418556
0.00600261
0.00254792
0.00524418
0.00345771
0.00341683
0.00339223
0.00428542
0.00189604
0.00739894
0.00738861
0.00345243
0.00398052
0.00735838
0.00753478
0.00729808
0.00295516
0.00637547
0.00584742
0.00371135
0.00281965
0.00479882
0.00377508
0.0071435
0.00733579
0.00439466
0.00199485
0.00428353
0.00171312
0.00595359
0.00515058
0.00395065
0.00438018
0.00423219
0.00731938
0.00366003
0.00740013
0.00747261
0.00407123
0.00552464
0.00430706
0.00756787
0.0068776
0.00671555
0.00386016
0.00727167
0.00713566
0.00741812
0.00766339
0.00752072
0.00422225
0.00357365
0.00555971
0.00566033
0.00520468
0.00572515
0.00564296
0.00556142
0.00410507
0.00475113
0.00761647
0.0065741
0.00607453
0.00415768
0.00544762
0.00448982
0.00411793
0.00758904
0.00752037
0.00760376
0.00732045
0.00754699
0.00733476
0.00606909
0.00759713
0.00715456
0.0040325
0.00316985
0.00752134
0.00743553
0.00393813
0.00735466
0.00726405
0.0071069
0.0076312
0.0018173
0.00594472
0.00456637
0.00283812
0.00282027
0.00753455
0.00438516
0.00389101
0.00740875
0.00525787
0.0074547
0.00535216
0.00737169
0.00537182
0.00462429
0.00736396
0.00543347
0.00713661
0.00735259
0.00413343
0.00319609
0.00645289
0.00729576
0.00501597
0.00322454
0.00561285
0.00410957
0.00763429
0.00416471
0.00468732
0.00754243
0.00543541
0.00746287
0.00427059
0.0072015
0.00452195
0.00686035
0.00761867
0.00573649
0.00494389
0.00719471
0.00649999
0.00706914
0.0067153
0.00463673
0.0060494
0.00381261
0.00737616
0.006093
0.007548
0.00304104
0.0057185
0.007222
0.00639912
0.00447733
0.004684
0.00726845
0.00304093
0.00643883
0.00490612
0.00743958
0.00585437
0.00740462
0.00764507
0.00701678
0.00647713
0.00682224
0.00746973
0.00352432
0.00754382
0.00749099
0.00610962
0.00755621
0.00700803
0.00272051
0.00707349
0.0024124
0.00436377
0.00304166
0.00541157
0.00619598
0.00530451
0.00763628
0.00461753
0.00758851
0.00304039
0.0074985
0.00631501
0.00301861
0.00355516
0.00618569
0.00613696
0.00747109
0.00523358
0.00140201
0.00763331
0.0055698
0.00517435
0.00737198
0.00325328
0.00717505
0.00723539
0.0043469
0.00410431
0.00538231
0.00361783
0.0068359
0.00409543
0.00745603
0.00748057
0.00491593
0.00653898
0.00757056
0.00748956
0.0054787
0.00732787
0.00750102
0.00746776
0.00739442
0.00743186
0.00707052
0.00722899
0.00708522
0.00495599
0.00380166
0.00495454
0.00482897
0.00371708
0.00603477
0.00521429
0.00750321
0.00751391
0.00734394
0.00740098
0.00750958
0.00741208
0.0074046
0.0073995
0.00734255
0.00732379
0.00498765
0.00320491
0.00746908
0.00637136
0.0063713
0.00397339
0.00604808
0.00486892
0.00671473
0.00434629
0.00482207
0.00672305
0.00474015
0.00747956
0.00221197
0.00737408
0.00747934
0.00743453
0.00491948
0.0075516
0.00654857
0.0064247
0.00661892
0.00451735
0.00755041
0.00744379
0.0074997
0.00736266
0.00763252
0.00731047
0.00757909
0.00547146
0.00529161
0.00579835
0.00733756
0.00690529
0.00735164
0.00751909
0.00750416
0.00749592
0.00697482
0.00747118
0.0074936
0.00744129
0.00732583
0.00757971
0.00755485
0.00761329
0.0071072
0.00689503
0.00155168
0.00660113
0.00544805
0.00557179
0.00756364
0.00754443
0.00732858
0.00752898
0.0050784
0.00750699
0.00614502
0.00588359
0.00477411
0.00755971
0.0049354
0.0043786
0.00316274
0.00326408
0.0074992
0.0074867
0.00628913
0.006936
0.00645771
0.00544417
0.00343261
0.00755203
0.00297574
0.00757687
0.00742788
0.00728148
0.00582544
0.00746697
0.00757466
0.00760964
0.00702196
0.00536035
0.0074394
0.00757866
0.00302692
0.00508953
0.0075678
0.00182265
0.00668462
0.00295189
0.00629204
0.00740303
0.00742415
0.00673083
0.00735769
0.00588556
0.00392442
0.00724838
0.00704904
0.00743288
0.00358996
0.00323077
0.00413844
0.00750505
0.00639133
0.00740864
0.00324271
0.00460715
0.00752125
0.00747923
0.00466726
0.00402568
0.00743288
0.0038063
0.00512088
0.00735382
0.00477284
0.00751682
0.00754414
0.00714707
0.00747894
0.00753951
0.00740008
0.00750157
0.00741638
0.00749614
0.00754275
0.00730429
0.00737027
0.00745956
0.00451899
0.00215455
0.00721839
0.00749897
0.00351927
0.00715977
0.00543643
0.00519876
0.00754527
0.0072448
0.00574988
0.0032492
0.00409875
0.0073418
0.00514434
0.00367777
0.00323917
0.00678029
0.00271516
0.00657295
0.00422421
0.00746836
0.00336835
0.00617917
0.00466225
0.0041637
0.00599546
0.00430306
0.00395432
0.00543945
0.00593413
0.00628002
0.00466623
0.00437505
0.00520951
0.00342606
0.00303617
0.00374096
0.00536469
0.00425461
0.00126862
0.00364909
0.00468566
0.0048932
0.00355068
0.00458044
0.00754914
0.00518629
0.00615269
0.00759461
0.00601409
0.0062788
0.00746127
0.00181037
0.00498743
0.0033952
0.00435783
0.0053774
0.00437218
0.00333645
0.00732213
0.00680876
0.00399133
0.00588871
0.0047615
0.00756866
0.00593531
0.00754459
0.00686871
0.0057572
0.00558447
0.00489718
0.00465849
0.0049763
0.00575194
0.00356961
0.0064833
0.00533552
0.00493508
0.0046765
0.00757234
0.00395474
0.00231353
0.00231618
0.00273584
0.00475771
0.00605453
0.00373357
0.00639584
0.0030759
0.00476301
0.00706102
0.00725899
0.00718587
0.00491346
0.00480108
0.00239915
0.00309428
0.00415215
0.00161859
0.00257183
0.00496411
0.00355191
0.00544826
0.00530165
0.00465774
0.00380835
0.00337459
0.00437158
0.00561786
0.001928
0.00252644
0.00229224
0.00323667
0.00140494
0.00516808
0.00360716
0.00320699
0.00729978
0.00323533
0.00627986
0.00345766
0.00383437
0.00754077
0.00753169
0.00727736
0.00740406
0.00749982
0.00763488
0.00753229
0.00758392
0.00449307
0.00752238
0.00754339
0.00755969
0.00749206
0.0034356
0.00312306
0.00706953
0.00755424
0.00745482
0.00736511
0.00756623
0.00746663
0.00725838
0.00751626
0.0075656
0.00732109
0.00315843
0.00744621
0.00753407
0.00579926
0.00725626
0.0072028
0.00757616
0.00757452
0.00725996
0.0047043
0.00639403
0.00749896
0.00206416
0.00740047
0.0075065
0.00750268
0.00754826
0.00745984
0.00628287
0.00736965
0.00566697
0.00752815
0.00692861
0.00756121
0.00716126
0.00756637
0.00412029
0.00746695
0.00750949
0.00639333
0.00699047
0.00755899
0.00488372
0.00746774
0.00744794
0.00759512
0.00537893
0.00763367
0.00744726
0.00752774
0.00728618
0.0075542
0.00749387
0.00742363
0.00742108
0.00743371
0.00744172
0.0044176
0.00726131
0.00751475
0.00742801
0.00745065
0.00752113
0.00748484
0.00752773
0.00753412
0.00674833
0.00696495
0.00723874
0.00732631
0.00743128
0.00750694
0.00745751
0.00750238
0.00714447
0.00750974
0.00753164
0.005962
0.00738283
0.00350454
0.00727746
0.00750331
0.0073413
0.00719543
0.00566727
0.0073163
0.00726423
0.00753406
0.00648518
0.00748912
0.00736007
0.00356702
0.00739118
0.00745314
0.00756064
0.00744704
0.00351222
0.00527916
0.00731715
0.00748089
0.0028795
0.00747272
0.00396813
0.00370701
0.00557422
0.00752522
0.00750336
0.00749599
0.00756166
0.00748624
0.00657556
0.00647431
0.00751263
0.00472621
0.00573535
0.00699257
0.00751478
0.0074037
0.0075292
0.00714652
0.00399247
0.00740416
0.00760018
0.00743995
0.00562106
0.00333406
0.00735335
0.00735544
0.00750728
0.00653945
0.00578264
0.00409947
0.0075556
0.00633275
0.00753438
0.00763868
0.00374138
0.00749601
0.0075178
0.00512336
0.00348438
0.00742672
0.00366749
0.00743549
0.00715586
0.00502774
0.00727323
0.0057992
0.00677074
0.00571458
0.00637453
0.00744586
0.00719114
0.00664756
0.00356464
0.0074664
0.00453905
0.00487721
0.00461579
0.00549998
0.00627431
0.00748328
0.00738987
0.00523849
0.00593113
0.00690228
0.00750182
0.00740408
0.00652824
0.00735781
0.0075539
0.0074167
0.00177561
0.0074262
0.00734619
0.00735807
0.00720204
0.00514682
0.00751615
0.00746335
0.00482341
0.00684319
0.00729455
0.00757257
0.00523419
0.00731384
0.00753827
0.00755073
0.00747216
0.00241919
0.00684764
0.00700482
0.00403042
0.00799955
0.00353534
0.00464083
0.00513376
0.00389338
0.00428242
0.00416652
0.00412639
0.00640702
0.00730548
0.00746673
0.00690045
0.0067787
0.00233931
0.00739232
0.00445631
0.00612881
0.00470182
0.00483468
0.00386469
0.00476257
0.00654175
0.00297784
0.00338156
0.00353597
0.00564755
0.00217757
0.00730476
0.00432453
0.00615095
0.00492524
0.00657162
0.00318425
0.00677688
0.00302341
0.00624681
0.0069268
0.00706944
0.00372553
0.00156567
0.00387478
0.00309226
0.00187448
0.00591141
0.00739612
0.00387286
0.00251485
0.00422513
0.00553308
0.00490671
0.0043235
0.00756331
0.00760635
0.00758607
0.00587121
0.00755699
0.00714304
0.00745811
0.00744094
0.00134898
0.00756809
0.00717979
0.00755081
0.00384762
0.00644735
0.00484583
0.0039828
0.00502004
0.00248047
0.0075195
0.00727014
0.00496662
0.00752827
0.00754371
0.00565914
0.00736886
0.00504758
0.00584187
0.00690124
0.00698247
0.00238217
0.00231898
0.00537471
0.00257657
0.00518675
0.0071492
0.00592828
0.00433506
0.00632
0.00161641
0.00325823
0.00227483
0.00515214
0.00531903
0.00511421
0.00607153
0.0057531
0.00643447
0.00736333
0.00377462
0.00398344
0.00641181
0.00200602
0.00294465
0.00597341
0.00656942
0.00539324
0.00278465
0.00742533
0.00283373
0.00664983
0.00396424
0.00580207
0.00291483
0.00728141
0.00411922
0.007518
0.00450849
0.00735028
0.00357255
0.00357635
0.00615923
0.00759137
0.00563364
0.00749444
0.00754104
0.00750227
0.00362827
0.00364743
0.00345579
0.0071732
0.00707832
0.00741777
0.00398868
0.00751017
0.00753555
0.00511323
0.00724457
0.00295503
0.0044259
0.0063055
0.00726507
0.00748371
0.00746762
0.00744178
0.00745225
0.00749596
0.00746794
0.00754929
0.00752791
0.0048522
0.00743002
0.00747521
0.00742857
0.00553152
0.00755383
0.00590824
0.00613142
0.00758323
0.00749357
0.00751721
0.00729179
0.00690601
0.00648202
0.00611306
0.00598912
0.00743914
0.00754519
0.00753539
0.00754336
0.00332435
0.00696695
0.0061475
0.00552925
0.00751021
0.00540997
0.00108222
0.0052366
0.00754822
0.00757417
0.00756811
0.00628394
0.00739943
0.00741723
0.00693501
0.00747607
0.00740105
0.00752639
0.00566978
0.00564839
0.00475765
0.00140907
0.00422461
0.00747001
0.00336101
0.00759347
0.00548349
0.00751928
0.00751489
0.00634512
0.00751235
0.0075263
0.00533358
0.00486703
0.00528182
0.0046145
0.00693496
0.00638949
0.00393338
0.00689819
0.00744915
0.00367764
0.00746309
0.00752578
0.00728701
0.00748214
0.00762793
0.0075706
0.00757602
0.00756425
0.0037534
0.0049667
0.00740901
0.00388036
0.00527725
0.00724985
0.00388886
0.00755097
0.00606553
0.00758807
0.00577807
0.00470677
0.00441653
0.00470324
0.00737345
0.00739549
0.00412664
0.00532083
0.00438967
0.00748966
0.00691853
0.00743782
0.00750079
0.00378645
0.00441469
0.0075125
0.00756184
0.00744763
0.00727744
0.00747272
0.00416078
0.00290711
0.00747905
0.0054843
0.0075666
0.00749218
0.00740737
0.00757853
0.00723909
0.00715426
0.0043737
0.00755208
0.00759398
0.00761845
0.00729397
0.0061677
0.00753735
0.000777691
0.00680717
0.00452566
0.00244331
0.00745835
0.00762119
0.00751092
0.00673233
0.00746423
0.00729516
0.00713341
0.00749344
0.00720771
0.00737656
0.00738642
0.00749652
0.00749205
0.0040004
0.00490362
0.00739461
0.00752492
0.0072177
0.00742582
0.0064629
0.00360314
0.00620402
0.00743671
0.00620282
0.00732729
0.00748436
0.00736024
0.00752237
0.00417174
0.00479475
0.00385967
0.00720354
0.00751179
0.00750512
0.00749452
0.00629125
0.00723991
0.00744258
0.00485427
0.00740877
0.00606992
0.00696886
0.00683353
0.00708099
0.00612337
0.0075646
0.00757872
0.00675691
)
;

boundaryField
{
    outlet
    {
        type            calculated;
        value           nonuniform List<scalar> 
150
(
0.00254792
0.00303822
0.00346231
0.00641491
0.00391304
0.00614441
0.00241213
0.00296041
0.00382457
0.00356516
0.0033969
0.00343246
0.00292956
0.00271912
0.00281927
0.00567301
0.00484394
0.00324371
0.00409589
0.00263275
0.0032475
0.00326372
0.00600746
0.00322245
0.00548259
0.00344568
0.00443915
0.00274788
0.00581466
0.00332969
0.00496411
0.00441141
0.00555408
0.00457793
0.00570499
0.00421576
0.00601034
0.00490375
0.00613236
0.0047525
0.00599214
0.00470673
0.0051765
0.00389735
0.00561706
0.00523596
0.00543683
0.00471349
0.00371664
0.00594045
0.00311897
0.00613696
0.00648344
0.00342606
0.00346409
0.0030608
0.00300025
0.00536575
0.00446644
0.00416037
0.00636967
0.00654012
0.00549426
0.00614422
0.00562677
0.00594791
0.00600744
0.00585074
0.00584055
0.00577586
0.00584961
0.0072249
0.00723414
0.0072177
0.00739456
0.00745836
0.00737027
0.00747934
0.00715977
0.00734728
0.00742582
0.00729408
0.00745983
0.00694657
0.00729944
0.00681926
0.00731401
0.00744946
0.00734109
0.00726748
0.00738395
0.00730023
0.00714564
0.00713088
0.00699006
0.00695866
0.00745956
0.00713984
0.0073913
0.00714447
0.00718348
0.00734251
0.00726507
0.00725285
0.00749273
0.00724993
0.00746291
0.00729307
0.00756923
0.00740652
0.007506
0.00745225
0.00746415
0.00690529
0.00719114
0.00741638
0.00683922
0.00724101
0.00724076
0.00729063
0.00719404
0.00749614
0.00748374
0.00746248
0.00592611
0.00731671
0.00737169
0.00749596
0.00749151
0.00749897
0.00755507
0.00752441
0.00753221
0.00759705
0.00753378
0.0074885
0.00733349
0.00754711
0.00752529
0.00740805
0.00746794
0.00759478
0.00758104
0.00752949
0.00754929
0.00752267
0.00741922
0.00749652
0.0075556
0.00755813
)
;
    }
    walls
    {
        type            nutkWallFunction;
        blending        stepwise;
        value           nonuniform List<scalar> 
895
(
0.000369998
0.000251112
0.000329962
0.000261194
0.000268574
0.000267345
0.000269524
0.000235942
0.000375253
0.000304321
0.00030156
0.000382241
0.00037974
0.000414253
0.000413456
0.000460977
0.000459943
0.000451681
0.00045122
0.000436674
0.00045093
0.000219595
0.000439309
0.000287441
0.000289445
0.000221697
0.000242432
0.000293124
0.000363679
0.00029209
0.000363688
0.000379114
0.000357272
0.000334517
0.000240776
0.000370982
0.000253953
0.000332552
0.00052865
0.000381353
0.000358755
0.000258851
0.000365406
0.00046038
0.000328769
0.000376687
0.000302541
0.000501059
0.000377928
0.000421571
0.000408139
0.000585821
0.000456431
0.000382507
0.000452219
0.000459267
0.000451258
0.000452171
0.000438886
0.000406536
0.000361425
0.000358914
0.000527765
0.00046107
0.000353707
0.000549011
0.000504477
0.000578529
0.000545959
0.000461276
0.000458321
0.000421554
0.000458165
0.000502683
0.000538641
0.000535666
0.000577182
0.000406179
0.000385805
0.000420352
0.00041105
0.000409553
0.000542283
0.000410441
0.000384084
0.000385869
0.000462587
0.000405893
0.000420004
0.000422257
0.000542501
0.000341585
0.000398185
0.000483739
0.00024017
0.000264519
0.000241561
0.000266459
0.000284133
0.000283218
0.000250778
0.000295425
0.000476438
0.000504002
0.000457562
0.000273381
0.00044023
0.000440753
0.000268532
0.000267068
0.000446093
0.000445482
0.000372762
0.000372013
0.000250486
0.000248287
0.000279311
0.000278151
0.000318857
0.000317822
0.000257743
0.00027163
0.000320371
0.000246786
0.000349525
0.000466014
0.000457746
0.00044205
0.000441662
0.000282643
0.00053331
0.000282426
0.000282262
0.000250189
0.000249737
0.000227478
0.000476712
0.000451683
0.000457914
0.000375027
0.000373383
0.000440619
0.000348161
0.000464452
0.000482769
0.000439684
0.000451338
0.000504801
0.000374726
0.000339145
0.000396111
0.000483563
0.000458408
0.000457008
0.000294249
0.000451845
0.000455413
0.000341786
0.000322385
0.000437679
0.000347046
0.000463831
0.000479918
0.000454064
0.000453319
0.000532117
0.000438119
0.000441793
0.000450005
0.000493315
0.000436122
0.000475435
0.000473789
0.000362534
0.000363534
0.000342654
0.000442383
0.000441888
0.000437074
0.0004354
0.000266774
0.000264944
0.000443789
0.000470909
0.000372868
0.000444793
0.000417442
0.00041751
0.000418191
0.000418039
0.000321791
0.000322496
0.000669995
0.00049494
0.000493041
0.000504866
0.000451566
0.000611159
0.000440895
0.000414646
0.000395686
0.000476522
0.000441528
0.000450244
0.000448816
0.000465062
0.000348438
0.000533676
0.000478037
0.000397631
0.000416
0.000502667
0.000611363
0.000485175
0.000513718
0.000641916
0.000482208
0.000426376
0.000535194
0.000533279
0.00042896
0.000512557
0.000475303
0.000464188
0.000463315
0.000474383
0.000464481
0.000474854
0.000475922
0.00043626
0.000434937
0.000416804
0.000455465
0.000418126
0.000417366
0.000448878
0.000446178
0.000424826
0.000545264
0.000546896
0.00045011
0.000428269
0.000485288
0.000474794
0.000341155
0.000394806
0.000498019
0.000651613
0.000533068
0.000362187
0.00049781
0.000361593
0.000831248
0.000829431
0.000427213
0.000484945
0.000515247
0.000424834
0.000482895
0.000513754
0.000535236
0.000481747
0.000484411
0.000427533
0.000428036
0.00044888
0.000356054
0.000473856
0.000470549
0.000519768
0.000425179
0.00030396
0.000305074
0.000426853
0.000357679
0.000302183
0.000393279
0.000460267
0.000457783
0.000464343
0.000463247
0.00046985
0.000492464
0.000434715
0.000433091
0.000457635
0.000455675
0.000413959
0.000413154
0.000546772
0.000533469
0.000483271
0.000366511
0.00036758
0.000412432
0.000474258
0.000570404
0.000723544
0.000303729
0.000495831
0.000518049
0.000362448
0.000531701
0.000514168
0.000495514
0.000389647
0.000515186
0.00060641
0.000425113
0.000516796
0.000423521
0.00051925
0.000604062
0.00036042
0.000592046
0.000440765
0.00049429
0.000592836
0.000492733
0.000493948
0.000526336
0.000525184
0.000401736
0.000400365
0.000391379
0.000519971
0.000516969
0.000596724
0.000393386
0.000360642
0.000362506
0.000336628
0.000345114
0.000334216
0.000407133
0.000514495
0.000465476
0.000302293
0.000407734
0.000303489
0.000495236
0.000493672
0.000545113
0.000464089
0.000464896
0.000345889
0.000381077
0.000426206
0.000405385
0.000331297
0.000343763
0.000400924
0.000404611
0.000454437
0.000576176
0.000424464
0.000393172
0.000541279
0.000414344
0.000414907
0.00041454
0.000410466
0.000411871
0.000433107
0.000432978
0.000440246
0.000439906
0.000591701
0.000590668
0.000490873
0.000490896
0.000379717
0.000380496
0.000378913
0.000392184
0.00038002
0.000389197
0.000453834
0.000407128
0.000406301
0.000555317
0.000542707
0.000409952
0.000408875
0.000452671
0.000479143
0.000474632
0.000455783
0.000452815
0.000564802
0.000458287
0.000381246
0.000497154
0.000416529
0.000544947
0.000431613
0.000414457
0.00041479
0.000537229
0.000411204
0.000396079
0.000395176
0.000377796
0.000408495
0.000427769
0.000448582
0.000406288
0.000480881
0.000407072
0.000589336
0.000406878
0.00054362
0.000397288
0.000492253
0.000491461
0.000413314
0.000356787
0.000415399
0.000414891
0.000397347
0.0004777
0.000491075
0.000541101
0.000538332
0.000395621
0.000393563
0.000386451
0.000458392
0.000491214
0.000494045
0.000489929
0.000358551
0.000411853
0.000359455
0.00046709
0.000470201
0.000386192
0.000459421
0.000457908
0.000469042
0.000385087
0.000467257
0.000469456
0.000384712
0.000467492
0.00040062
0.000486742
0.000334887
0.000401673
0.000241242
0.000336574
0.00038164
0.000243616
0.000352085
0.000383164
0.000352565
0.00035267
0.000276694
0.000274126
0.000309538
0.000309897
0.000276888
0.000277308
0.000277106
0.000265466
0.000264816
0.000326587
0.000396156
0.00032939
0.000329127
0.000310368
0.000310492
0.000294458
0.000294726
0.000296574
0.000296316
0.000282789
0.000283677
0.000308144
0.000309484
0.000255328
0.000253996
0.000232958
0.000232419
0.000235229
0.000441397
0.000252392
0.000236089
0.000299283
0.000336488
0.000274976
0.000352156
0.00039644
0.000298247
0.000270243
0.000457422
0.00057956
0.000454249
0.000338146
0.000456806
0.000578379
0.00039593
0.000272957
0.00035084
0.000395201
0.000296125
0.000508505
0.000505964
0.000574331
0.000488778
0.000487237
0.0003979
0.000488979
0.000334137
0.000483677
0.00044547
0.000443427
0.000444391
0.000442556
0.000347421
0.000445222
0.000556122
0.000555166
0.000569195
0.000274847
0.00055664
0.000262658
0.000558273
0.000394623
0.000392045
0.000326795
0.000346245
0.00030938
0.00030768
0.000293771
0.000292508
0.000294781
0.000292593
0.000282848
0.000307738
0.00049312
0.000492484
0.00047538
0.000474892
0.000441062
0.00047493
0.000234383
0.000452744
0.000439812
0.000335637
0.000572065
0.000348045
0.000395618
0.000395401
0.000395749
0.000495906
0.000481613
0.000454635
0.000507936
0.000454932
0.000578296
0.000579247
0.000580365
0.00048306
0.000438023
0.000492301
0.0004932
0.000493494
0.000480432
0.000412936
0.000457467
0.000455682
0.000440004
0.000361306
0.000443789
0.000442375
0.00051609
0.000416928
0.000515828
0.000342915
0.000516042
0.00034428
0.000343202
0.00034492
0.000343361
0.000377932
0.0003773
0.000558809
0.000557189
0.000589467
0.000588512
0.000281426
0.000514528
0.000474098
0.000490501
0.000473066
0.000527583
0.000448527
0.000437036
0.000581621
0.000481376
0.000474643
0.000475409
0.000475169
0.000580698
0.000448348
0.000474962
0.000620143
0.000447956
0.000483833
0.000447583
0.000622579
0.000429967
0.00047398
0.000614033
0.000615623
0.000342225
0.000340989
0.000413003
0.000342848
0.000448113
0.00044548
0.000362444
0.000449398
0.000535936
0.000364306
0.000419451
0.000417204
0.00039821
0.000399975
0.000419913
0.000355614
0.000401325
0.000375483
0.00032357
0.000569697
0.000568082
0.00045224
0.000452428
0.000513091
0.000377251
0.000473768
0.00047311
0.000526753
0.000471771
0.000399966
0.000538012
0.00043236
0.000428411
0.000451877
0.000453755
0.000538608
0.000470214
0.00053603
0.000593737
0.000451986
0.000430588
0.00045369
0.000452856
0.000339276
0.000501412
0.000342765
0.000341728
0.000422661
0.000421147
0.000399146
0.000397642
0.000439283
0.000438471
0.000309349
0.000307618
0.000400968
0.000399915
0.000398607
0.000321807
0.00050511
0.00048513
0.000484994
0.000451334
0.000425129
0.000375987
0.000374631
0.000453307
0.000376496
0.000454442
0.000453802
0.00045564
0.000432981
0.000450806
0.000398259
0.000596098
0.000430396
0.000456056
0.000433856
0.00053315
0.00045307
0.000433635
0.000430797
0.000429262
0.000464518
0.000461508
0.000373625
0.000574367
0.000376355
0.000375467
0.000367012
0.000364998
0.000415074
0.000413055
0.000360444
0.000415537
0.000363065
0.00036226
0.000482709
0.000423907
0.000422044
0.000376515
0.000430332
0.000375262
0.000373724
0.000486614
0.000431835
0.000407893
0.000408927
0.000433531
0.000524123
0.000485178
0.000453363
0.000439994
0.000433423
0.00043897
0.000408804
0.000410539
0.000441616
0.000405864
0.000411573
0.000454125
0.00045203
0.000564774
0.000604336
0.000567084
0.000321633
0.0003195
0.000386239
0.000384186
0.000418025
0.000416885
0.000331746
0.000375745
0.000423488
0.000440538
0.00049763
0.000429553
0.000403917
0.000483381
0.000507808
0.000489908
0.000487653
0.000490619
0.000399619
0.000423837
0.000409867
0.000397399
0.000427469
0.000525759
0.000333242
0.000496221
0.000394767
0.000424403
0.00056716
0.000419572
0.000451645
0.000420886
0.000420411
0.000417313
0.00058006
0.000378663
0.000379524
0.000376812
0.000333771
0.000484543
0.000396838
0.000506938
0.000450315
0.000394669
0.000553356
0.000446569
0.000445315
0.000552803
0.000417826
0.000539361
0.000555846
0.000556853
0.00040365
0.000403487
0.000554198
0.000399616
0.000452646
0.000554825
0.000453152
0.000553568
0.000322324
0.000504345
0.000250463
0.000323323
0.000255743
0.000253316
0.000422489
0.000421819
0.000412375
0.000421428
0.000512027
0.000510624
0.000510453
0.00051193
0.000341952
0.000511191
0.000341092
0.000342519
0.00034347
0.000344962
0.000343552
0.000239854
0.000202123
0.000327693
0.000203951
0.00032879
0.000307046
0.000396407
0.000395101
0.000417391
0.000417076
0.000371483
0.00039158
0.000226759
0.000363364
0.000418284
0.000391189
0.000345658
0.000242786
0.000372183
0.00039116
0.000228796
0.000364664
0.000499956
0.000320315
0.000500805
0.000523406
0.000521709
0.00041915
0.000524168
0.000420147
0.000420381
0.000509977
0.000415386
0.000512193
0.000511637
0.000403009
0.000401459
0.0003434
0.000395357
0.000403451
0.000417853
0.000387571
0.000476401
0.000511872
0.000546327
0.000545149
0.000416664
0.00041673
0.000371849
0.00037174
0.0004931
0.000390066
0.000580993
0.000476128
0.000389512
0.00051132
0.000475649
0.000487796
0.000494542
0.000578156
0.000577542
0.000476749
0.000507517
0.000398977
0.000578353
0.000494169
0.000494062
0.000504854
0.000401504
0.000396935
0.000402782
0.000476272
0.000476195
)
;
    }
    inlet
    {
        type            calculated;
        value           nonuniform List<scalar> 0();
    }
    model
    {
        type            nutkWallFunction;
        blending        stepwise;
        value           nonuniform List<scalar> 0();
    }
    procBoundary0to1
    {
        type            processor;
        value           nonuniform List<scalar> 
151
(
0.00731468
0.00705122
0.00717788
0.00755212
0.00755346
0.00328866
0.00517647
0.0029791
0.00489829
0.00738634
0.00428926
0.00715705
0.00601469
0.00751912
0.00355873
0.00397863
0.00740001
0.00547906
0.00739211
0.0074764
0.00272817
0.00172888
0.00662371
0.00411605
0.00632667
0.00667
0.0059203
0.00744076
0.00405908
0.00749508
0.00532237
0.00759306
0.00719731
0.00698442
0.00698442
0.00200843
0.0035794
0.00452317
0.00513701
0.00709674
0.00458734
0.00669774
0.0071493
0.00749149
0.00754024
0.00346915
0.00446423
0.00705122
0.00527961
0.00750208
0.00741522
0.00754413
0.00745808
0.00749061
0.00430475
0.00749725
0.00756893
0.00755137
0.00484635
0.0065246
0.00759905
0.00754352
0.00421382
0.00727075
0.0075578
0.00749813
0.00701351
0.00572114
0.00572114
0.00747206
0.00690587
0.00737907
0.00746224
0.00752567
0.00749507
0.00658774
0.00469933
0.00536037
0.00536037
0.00334783
0.0064268
0.00484635
0.00746788
0.00752269
0.00452317
0.00381543
0.00719855
0.00457381
0.00198602
0.00428685
0.00314923
0.00504187
0.0069891
0.00430983
0.00739787
0.00456001
0.00753872
0.0075555
0.00508226
0.0074956
0.00165033
0.00693595
0.00443485
0.00614992
0.00692685
0.00616171
0.0075393
0.00757636
0.00759207
0.00720078
0.00438663
0.00727221
0.00754317
0.00733784
0.00574117
0.00395124
0.00760401
0.00726639
0.00627004
0.00316613
0.00752269
0.00611773
0.00397107
0.00747805
0.007571
0.00678594
0.00736424
0.00730272
0.0042799
0.00754229
0.00741481
0.00750723
0.00609541
0.00754617
0.00737215
0.00125584
0.0061215
0.00735236
0.00745421
0.00752656
0.00725853
0.00601478
0.00751776
0.00760401
0.00731017
0.00517647
0.00271228
0.00398297
0.00754709
0.0074857
0.004303
)
;
    }
}


// ************************************************************************* //
