/*--------------------------------*- C++ -*----------------------------------*\
| =========                 |                                                 |
| \\      /  F ield         | OpenFOAM: The Open Source CFD Toolbox           |
|  \\    /   O peration     | Version:  2506                                  |
|   \\  /    A nd           | Website:  www.openfoam.com                      |
|    \\/     M anipulation  |                                                 |
\*---------------------------------------------------------------------------*/
FoamFile
{
    version     2.0;
    format      ascii;
    arch        "LSB;label=32;scalar=64";
    class       labelList;
    location    "constant/polyMesh";
    object      faceProcAddressing;
}
// * * * * * * * * * * * * * * * * * * * * * * * * * * * * * * * * * * * * * //


8281
(
215
216
217
218
387
388
389
390
512
513
514
515
899
900
901
902
1019
1020
1021
1022
1083
1084
1085
1086
1112
1113
1114
1115
1120
1122
1123
1449
1450
1451
1452
1798
1799
1800
1801
1805
1806
1807
1808
1825
1826
1827
1828
2215
2216
2217
2218
2332
2333
2334
2335
2340
2341
2342
2343
2344
2345
2346
2347
2348
2349
2350
2351
2380
2381
2382
2388
2389
2390
2391
2915
2916
2917
2918
2926
2927
2928
2929
2952
2953
2954
2984
2985
2986
2987
3203
3204
3205
3206
3211
3212
3213
3214
3215
3216
3217
3218
3370
3371
3372
3373
3385
3386
3387
3388
3427
3428
3429
3430
3481
3482
3483
3484
3614
3615
3616
3617
3666
3667
3668
3669
3703
3704
3705
3706
3767
3768
3769
3770
3944
3945
3946
3947
3960
3961
3962
3963
3964
3965
3966
3967
3985
3987
3988
3998
3999
4000
4001
4019
4020
4021
4022
4090
4092
4093
4149
4150
4217
4218
4219
4220
4426
4427
4474
4475
4476
4477
5353
5354
5355
5356
5357
5358
5359
5415
5416
5417
5436
5437
5438
5524
5525
5526
5527
5745
5746
5747
5748
5801
5802
5803
5813
5814
5904
5905
5931
5932
5933
5934
5943
5944
5945
5946
5969
5970
5971
5972
5987
5988
5989
5990
6156
6157
7322
7323
7324
7340
7341
7342
7343
7348
7349
7350
7367
7368
7369
7370
7373
7374
7375
7393
7394
7395
7396
7397
7398
7399
7400
7413
7414
7415
7416
7572
7573
7574
7575
7579
7580
7581
7582
7595
7597
7637
7638
7639
7640
7649
7650
7651
7652
7686
7687
7688
7689
7694
7695
7696
7697
7698
7699
7700
7701
7718
7719
7720
7721
7779
7780
7781
7782
7783
7784
7785
7786
7842
7843
7844
7845
7880
7881
7882
7883
7908
7909
7910
7911
7912
7913
7914
7915
7978
7979
7980
7981
7986
7987
7988
8042
8043
8044
8045
8068
8069
8070
8071
8086
8087
8088
8089
8105
8106
8108
8142
8143
8144
8145
8170
8171
8172
8173
8174
8175
8176
8177
8201
8202
8203
8220
8221
8222
8223
8252
8253
8254
8255
8272
8273
8274
8275
8334
8335
8336
8337
8352
8353
8354
8355
8443
8444
8445
8446
8458
8459
8460
8461
8531
8532
8533
8534
8575
8576
8577
8596
8597
8598
8599
8610
8611
8612
8613
8634
8636
8637
8648
8649
8650
8651
8659
8660
8661
8662
8670
8671
8672
8673
8674
8675
8676
8677
8684
8685
8686
8693
8694
8695
8696
8697
8698
8699
8700
8725
8726
8727
8728
8737
8738
8739
8740
8741
8742
8743
8774
8775
8776
8782
8783
8784
8785
8786
8787
8796
8797
8798
8864
8865
8866
8867
8868
8869
8870
8871
8882
8883
8884
8885
8892
8893
8894
8895
8896
8897
8898
8899
8900
8901
8902
8903
8904
8905
8906
8907
8912
8913
8914
8915
8920
8921
8922
8923
8928
8930
8931
8936
8937
8938
8939
8958
8959
8960
8961
8976
8977
8978
8979
8983
8984
8985
8986
8987
8988
8989
8990
9006
9007
9008
9009
9010
9011
9012
9013
9054
9055
9056
9057
9131
9132
9133
9134
9159
9160
9162
9395
9396
9397
9398
9516
9517
9518
9519
9562
9563
9564
9565
9570
9571
9572
9573
9574
9575
9576
9588
9589
9590
9592
9593
9594
9605
9606
9607
9608
9642
9643
9644
9645
9646
9647
9648
9657
9658
9659
9676
9677
9678
9679
9711
9712
9713
9714
9719
9720
9721
9722
9772
9773
9774
9800
9801
9802
9803
9815
9816
9817
9840
9841
9842
9843
9865
9866
9867
9925
9926
9927
9928
9932
9933
9934
9935
9947
9948
9949
10018
10019
10020
10062
10063
10064
10065
10077
10078
10079
10080
10167
10168
10169
10170
10183
10184
10185
10186
10466
10467
10468
10469
10486
10487
10488
10489
10782
10783
10784
10785
10816
10817
10818
10819
10838
10839
11079
11080
11081
11082
11377
11378
11379
11380
11876
11877
11878
11879
13288
13289
13290
13306
13307
13308
16124
16125
16126
16127
16165
16166
16167
16179
16180
16181
16182
16194
16195
16196
16197
16218
16219
16220
16221
16240
16241
16242
16243
16359
16360
16361
16362
16411
16412
16413
16414
16480
16481
16482
16483
16511
16512
16514
16596
16597
16598
16613
16614
16615
16616
16629
16630
16631
16687
16688
16689
16690
16693
16694
16695
16718
16719
16720
16746
16748
17162
17163
17164
17165
17347
17348
17349
17350
17420
17421
17423
17432
17433
17435
17504
17505
17506
17529
17530
17531
17545
17546
17547
17604
17605
17606
17607
17611
17612
17613
17614
17731
17732
17733
17737
17738
17739
17776
17777
17778
17779
17801
17802
17803
17804
17805
17806
17807
17808
17832
17833
17834
17835
17851
17852
17853
17854
17925
17926
17927
18055
18056
18057
18058
18417
18418
18419
18420
18435
18436
18437
18438
18439
18440
18441
18442
18443
18444
18445
18792
18793
18794
18795
18846
18847
18848
18849
18888
18889
18890
18891
18917
18918
18919
18920
18921
18922
18923
18925
18926
18927
18928
18941
18942
18943
18944
18945
18946
18947
18948
18949
18950
18963
18964
18965
18966
18967
18968
18969
18987
18988
18989
18990
18991
18992
18993
18994
19038
19039
19040
19051
19052
19063
19064
19065
19066
19108
19109
19110
19111
19327
19328
19329
19330
19597
19598
19599
19600
20584
20585
20586
20587
20712
20713
20714
20715
20727
20728
20729
20733
20734
20735
20736
20747
20748
20749
20750
20766
20767
20768
20769
20770
20771
20772
20773
20774
20775
20778
20779
20780
20781
20782
20783
20784
20789
20790
20791
20792
20797
20798
20799
20800
20801
20802
20803
20815
20816
20817
20818
20819
20820
20821
20836
20837
20838
20839
20843
20844
20851
20852
20853
20854
20895
20896
20897
20904
20905
20906
20913
20914
20916
20917
20918
20919
20920
20927
20928
20929
20930
20935
20936
20937
20938
20939
20940
20941
20945
20946
20947
20948
20949
20950
20951
20952
20953
20954
20955
20956
20967
20968
20969
20970
20979
20980
20981
20985
20986
20987
20988
20989
20990
20991
21001
21002
21003
21004
21009
21010
21011
21012
21013
21014
21015
21016
21021
21022
21023
21024
21025
21026
21027
21028
21039
21040
21041
21042
21043
21044
21045
21046
21047
21048
21049
21050
21051
21063
21064
21065
21066
21070
21071
21072
21073
21074
21075
21076
21077
21078
21079
21084
21085
21086
21087
21088
21089
21090
21091
21092
21093
21094
21095
21096
21097
21125
21126
21127
21128
21129
21130
21131
21132
21133
21134
21135
21143
21144
21145
21146
21147
21148
21149
21150
21151
21152
21153
21154
21155
21156
21157
21165
21169
21170
21171
21181
21182
21183
21184
21185
21186
21187
21196
21197
21198
21212
21213
21214
21215
21216
21217
21229
21231
21232
21233
21234
21235
21236
21258
21259
21260
21263
21264
21280
21281
21282
21284
21285
21286
21287
21296
21297
21298
21299
21317
21318
21319
21320
21324
21325
21326
21327
21328
21329
21330
21331
21332
21333
21334
21335
21336
21337
21338
21342
21343
21344
21345
21346
21347
21348
21349
21350
21351
21352
21360
21361
21362
21363
21366
21367
21368
21369
21370
21371
21372
21375
21376
21377
21378
21384
21385
21386
21387
21388
21389
21390
21405
21406
21407
21408
21415
21417
21418
21419
21420
21421
21435
21436
21437
21445
21446
21447
21448
21449
21450
21451
21452
21457
21458
21459
21460
21465
21466
21467
21468
21469
21470
21471
21476
21477
21478
21479
21493
21494
21495
21496
21500
21501
21502
21503
21504
21505
21507
21508
21509
21510
21511
21515
21516
21517
21518
21535
21536
21537
21542
21543
21544
21545
21546
21547
21548
21549
21550
21551
21552
21553
21554
21555
21556
21557
21558
21559
21560
21563
21564
21565
21566
21567
21568
21569
21570
21571
21572
21573
21574
21575
21576
21577
21578
21582
21583
21584
21585
21590
21591
21592
21593
21594
21595
21596
21608
21609
21610
21611
21618
21619
21620
21621
21622
21623
21624
21625
21626
21627
21628
21629
21634
21635
21636
21637
21642
21643
21644
21645
21649
21650
21651
21652
21814
21815
21816
21883
21884
21885
21886
21887
21888
21889
21905
21906
21907
21908
21913
21915
21916
21917
21918
21919
21920
21936
21937
21938
21939
21952
21953
21954
21955
21956
21957
21958
21959
21960
21961
21973
21974
21975
21976
21978
21979
21980
21988
21989
21990
21994
21995
21996
22001
22002
22003
22023
22024
22025
22026
22027
22028
22029
22030
22386
22387
22388
22389
22390
22391
22392
22393
22394
22395
22396
22434
22435
22436
22437
22438
22439
22440
22461
22462
22463
22472
22473
22474
22475
22476
22477
22478
22479
22480
22481
22482
22491
22492
22493
22494
22498
22499
22500
22501
22502
22503
22504
22505
22506
22507
22508
22509
22510
22511
22512
22513
22514
22515
22516
22517
22518
22519
22520
22524
22525
22526
22538
22539
22540
22541
22546
22547
22548
22552
22553
22554
22555
22559
22560
22880
22881
22882
22883
22923
22924
23089
23090
23091
23095
23096
23116
23117
23118
23119
23128
23129
23130
23131
23136
23137
23138
23146
23147
23148
23149
23161
23162
23163
23164
23165
23166
23169
23171
23172
23176
23184
23185
23186
23187
23192
23193
23194
23195
23196
23208
23209
23210
23211
23212
23213
23214
23215
23220
23221
23222
23223
23224
23225
23240
23241
23242
23243
23244
23245
24310
24311
24312
24313
24320
24321
24332
24333
24334
24487
24488
24489
24490
24593
24594
24639
24640
24641
24642
24649
24650
24651
24652
24653
24654
24655
24656
24660
24661
24662
24663
24664
24666
24667
24668
24675
24676
24677
24681
24682
24683
24684
24706
24707
24708
24709
24714
24715
24716
24737
24738
24739
24740
24745
24756
24757
24758
24759
24776
24777
24779
24789
24790
24791
24792
24793
24794
24795
24825
24826
24827
24828
24829
24830
24831
24837
24838
24839
24840
24844
24845
24846
24847
24848
24849
24850
24860
24861
24862
24874
24875
24876
24877
24878
24879
24880
24884
24885
24886
24887
24960
24961
24962
24963
24989
24990
24991
24992
24996
24997
25001
25002
25003
25004
25038
25039
25040
25054
25055
25056
25060
25061
25062
25063
25071
25072
25073
25074
25125
25126
25127
25185
25186
25187
25188
25189
25190
25194
25195
25196
25197
25198
25210
25211
25212
25213
25222
25223
25224
25237
25238
25239
25254
25255
25256
25257
25290
25291
25292
25300
25301
25309
25310
25311
25312
25317
25318
25319
25320
25321
25322
25323
25339
25340
25341
25342
25349
25350
25351
25352
25353
25354
25355
25398
25399
25400
25401
25406
25407
25408
25409
25410
25411
25412
25419
25420
25421
25422
25440
25441
25442
25453
25454
25455
25483
25484
25487
25488
25489
25490
25491
25492
25493
25494
25495
25496
25537
25538
25539
25540
25585
25586
25587
25588
25595
25596
25597
25598
25612
25613
25618
25619
25620
25621
25626
25627
25628
25629
25630
25631
25632
25647
25648
25649
25650
25651
25652
25653
25654
25665
25666
25667
25668
25669
25670
25671
25672
25673
25674
25675
25676
25716
25718
25719
25720
25721
25725
25726
25727
25728
25732
25733
25734
25735
25758
25759
25760
25761
25798
25799
25800
25801
25810
25811
25815
25816
25817
25818
25831
25832
25833
25884
25885
25886
25887
25907
25908
25920
25921
25922
25923
25924
25925
25926
25948
25949
25950
26087
26088
26089
26109
26110
26111
26112
26113
26115
26116
26130
26131
26132
26133
26134
26136
26137
26163
26164
26165
26169
26170
26171
26186
26187
26188
26204
26205
26206
26210
26211
26212
26213
26225
26226
26238
26239
26240
26249
26250
26251
26255
26256
26257
26278
26279
26280
26281
26285
26286
26287
26288
26296
26297
26305
26306
26307
26308
26314
26315
26316
26317
26318
26452
26453
26454
26455
26496
26497
26498
26499
26515
26516
26517
26532
26533
26534
26535
26536
26537
26538
26539
26560
26562
26563
26564
26565
26566
26567
26568
26569
26570
26571
26572
26573
26584
26585
26586
26587
26614
26615
26616
26617
26648
26649
26650
26651
26674
26675
26676
26677
26684
26685
26686
26687
26698
26699
26700
26807
26808
26809
26830
26831
26832
26833
26941
26942
26943
26944
26955
26956
26957
26958
27013
27014
27015
27020
27021
27022
27036
27037
27038
27039
27058
27059
27060
27061
27062
27063
27064
27078
27079
27080
27081
27082
27083
27084
27122
27123
27124
27129
27130
27146
27147
27158
27159
27160
27181
27182
27183
27184
27215
27216
27221
27222
27223
27224
27265
27266
27267
27268
27269
27270
27283
27284
27285
27286
27333
27334
27335
27336
27363
27364
27365
27370
27371
27372
27373
27374
27375
27380
27414
27415
27416
27417
27418
27419
27420
27426
27427
27428
27429
27430
27431
27432
27433
27444
27445
27446
27470
27471
27472
27473
27484
27485
27486
27487
27488
27489
27490
27679
27680
27681
28121
28122
28123
28124
28131
28132
28133
28134
28135
28136
28137
28138
28142
28143
28145
28146
28147
28148
28149
28150
28151
28156
28157
28158
28159
28170
28171
28172
28173
28203
28204
28205
28206
28207
28208
28209
28210
28211
28212
28213
28226
28228
28229
28230
28231
28232
28241
28242
28243
28244
28365
28366
28367
28368
28369
28370
28371
28372
28373
28374
28378
28379
28380
28381
28469
28471
28475
28476
28491
28492
28493
28494
28498
28499
28500
28501
28506
28507
28508
28509
28517
28519
28520
28522
28581
29050
29051
29052
29053
29311
29313
29438
29439
29440
29451
29452
29453
29538
29539
29542
29543
29550
29551
29552
29641
29642
29643
29644
29645
29646
29647
29650
29651
29652
29797
29798
29799
29800
29801
29802
29803
29804
29805
29806
29807
29808
29817
29818
29819
29820
29861
29863
29864
29865
29867
29977
29978
30228
30229
30230
30234
30235
30236
30283
30284
30423
30424
30425
30426
30427
30428
30429
30430
30431
30432
30447
30448
30449
30450
31742
31743
31744
31745
31746
31767
31768
31838
31839
31840
31849
31850
31851
31852
31870
31871
31872
31878
31879
31880
31881
32044
32045
32072
32073
32074
32075
32118
32119
32120
32121
32191
32192
32193
32208
32209
32210
32211
32212
32251
32252
32253
32254
32260
32261
32337
32338
32339
32344
32345
32346
32347
32365
32366
32367
32368
32379
32380
32381
32382
32385
32386
32387
32388
32394
32395
32396
32480
32481
32482
32500
32502
32504
32505
32624
32625
32626
32627
32628
32629
32630
32631
32632
32633
32634
32635
32684
32685
32686
32687
32688
32694
32695
32725
32726
32727
32728
32762
32763
32764
32765
32770
32771
32772
32773
32808
32809
32810
32820
32821
32848
32849
32850
32851
32852
32861
32862
32863
32864
32869
32870
32871
32891
32892
32893
32894
32911
32912
32918
32919
32920
32921
32922
32923
32924
32925
32926
32927
32929
32930
32931
32932
32937
32939
32940
32943
32944
32945
32946
32947
32948
32956
32957
32961
32962
32966
32967
32968
32969
32980
32981
32982
32997
32999
33000
33012
33013
33014
33015
33016
33018
33019
33020
33021
33022
33023
33024
33049
33050
33051
33052
33053
33054
33055
33056
33064
33065
33066
33067
33068
33069
33070
33071
33072
33073
33074
33101
33103
33116
33117
33118
33119
33131
33132
33133
33144
33145
33146
33147
33151
33152
33153
33167
33168
33169
33170
33171
33172
33173
33174
33189
33190
33191
33205
33207
33208
33209
33210
33211
33213
33215
33216
33217
33218
33219
33220
33221
33225
33226
33227
33228
33232
33233
33234
33235
33239
33240
33241
33242
33243
33261
33262
33267
33268
33269
33270
33271
33272
33288
33289
33290
33291
33325
33326
33327
33328
33329
33330
33331
33332
33333
33334
33335
33336
33337
33350
33351
33352
33357
33358
33359
33360
33361
33362
33363
33374
33375
33378
33379
33410
33411
33412
33415
33416
33417
33418
33433
33434
33435
33436
33437
33438
33448
33449
33501
33502
33503
33527
33528
33529
33565
33566
33567
33568
33587
33588
33589
33590
33595
33596
33597
33598
33615
33616
33617
33618
33619
33620
33627
33628
33662
33663
33664
33665
33666
33667
33756
33757
33758
33759
33844
33845
33846
33850
33851
33902
33903
33904
33905
33912
33913
33914
33915
33916
33917
33918
33922
33923
33924
33925
33926
33957
33958
33975
33976
33993
33994
33995
33996
34012
34013
34014
34057
34058
34059
34070
34071
34072
34073
34074
34075
34123
34124
34125
34126
34137
34138
34245
34246
34247
34251
34252
34272
34273
34274
34313
34314
34315
34316
34317
34318
34319
34320
34321
34322
34323
34324
34325
34326
34617
34618
34619
34638
34640
34800
34801
34838
34839
34840
34841
34889
34890
34891
34892
34951
34952
34961
34962
34963
36227
36228
36229
36288
36289
36290
36310
36311
36312
36325
36326
36327
36328
36332
36333
36334
36361
36362
36363
36489
36490
36491
36492
36574
36575
36576
36601
36602
36603
36604
36615
36616
36617
36618
36619
36677
36678
36679
36680
36714
36715
36716
36717
36718
36719
36720
36721
36736
36737
36738
36739
36740
36741
36742
36743
36753
36754
36758
36759
36760
36761
36768
36769
36770
36791
36792
36793
36794
36807
36809
36810
36831
36832
36872
36873
36874
36885
36886
36887
36891
36892
36893
36894
36896
36897
36909
36910
36917
36918
36925
36926
36927
36928
36929
36930
37108
37109
37125
37126
37127
37150
37151
37152
37319
37320
37327
37328
37329
37338
37339
37340
37344
37359
37360
37361
37362
37363
37364
37365
37366
37367
37368
37369
37370
37394
37395
37396
37434
37435
37436
37437
37441
37442
37443
37444
37449
37450
37451
37452
37453
37472
37473
37474
37475
37476
37484
37485
37813
37814
37815
37886
37887
37888
37961
37962
37963
37978
37979
37980
37981
37987
37988
38014
38015
38027
38028
38029
38068
38069
38070
38071
38072
38135
38136
38137
38138
38139
38140
38141
38151
38152
38153
38174
38175
38176
38177
38197
38198
38199
38200
38223
38224
38242
38646
38647
38648
38672
38673
38674
38675
38684
38685
38686
38690
38691
38692
38705
38706
38707
38712
38713
38733
38734
38735
38736
38869
38870
38886
38887
38888
38919
39136
39137
39168
39273
39274
39303
39304
39305
39530
39531
39541
39542
39544
39585
39586
39587
39772
39817
39818
39819
39900
39901
39902
39903
39909
39910
39911
40033
40034
40035
40059
40060
40061
40300
40301
40315
40316
40317
40318
40350
40411
40421
40422
40423
40527
40528
40529
40542
40543
40602
40603
40604
40636
40637
40642
40643
40644
40645
40692
40693
40694
40695
40872
40873
40874
40875
40883
40884
40885
40886
40887
40888
40889
41012
41013
41014
41076
41077
41078
41079
41099
41100
41145
41146
41147
41167
41168
41169
41453
41455
41456
41457
41541
41542
41543
41572
41573
41642
41643
41644
41645
41648
41649
41650
41716
41717
41718
41724
41725
41726
41727
41728
41729
41730
41799
41800
41801
41802
41823
41824
41825
41826
41827
41834
41835
41856
41857
41858
41859
41898
41899
41900
41901
41938
41939
41940
41984
41985
41986
41987
41988
42038
42039
42040
42105
42106
42107
43361
43362
43364
43365
43373
43374
43375
43376
43377
43378
43393
43394
43395
43400
43401
43402
43403
43408
43409
43410
43423
43424
43425
43426
43427
43428
43435
43436
43437
43438
43449
43450
43451
43459
43464
43465
43466
43467
43468
43469
43470
43471
43472
43473
43474
43475
43476
43477
43478
43479
43480
43481
43482
43483
43484
43485
43490
43491
43492
43494
43495
43496
43499
43500
43504
43505
43506
43507
43508
43509
43510
43511
43512
43513
43514
43515
43516
43517
43518
43519
43520
43525
43526
43527
43528
43533
43534
43535
43536
43537
43538
43539
43544
43545
43546
43547
43554
43555
43556
43557
43559
43560
43561
43569
43570
43571
43573
43574
43575
43583
43584
43585
43586
43587
43588
43589
43590
43591
43592
43597
43598
43599
43603
43604
43608
43609
43610
43611
43612
43613
43617
43618
43619
43620
43621
43622
43623
43626
43627
43628
43629
43630
43631
43632
43633
43634
43635
43636
43637
43638
43639
43640
43641
43642
43643
43644
43645
43646
43647
43648
43649
43650
43651
43655
43656
43657
43658
43659
43660
43661
43662
43663
43664
43665
43666
43667
43668
43669
43671
43672
43673
43674
43675
43676
43683
43684
43685
43686
43687
43688
43689
43697
43698
43699
43700
43701
43702
43703
43704
43706
43707
43708
43709
43710
43711
43712
43713
43714
43715
43716
43717
43718
43719
43722
43723
43724
43725
43728
43729
43730
43731
43734
43735
43736
43737
43738
43739
43740
43742
43743
43744
43745
43746
43747
43748
43749
43750
43755
43756
43757
43758
43759
43760
43766
43767
43768
43769
43770
43771
43772
43773
43774
43775
43776
43777
43778
43779
43780
43781
43785
43786
43787
43801
43802
43814
43815
43816
43817
43838
43839
43840
43841
43842
43843
43853
43854
43855
43856
43857
43858
43859
43860
43861
43862
43863
43864
43865
43866
43867
43868
43870
43871
43875
43876
43877
43896
43897
43898
43902
43903
43904
43905
43906
43917
43918
43919
43920
43921
43922
43923
43924
43925
43926
43927
43928
43929
43930
43931
43932
43933
43934
43935
43936
43937
43938
43939
43940
43943
43944
43945
43946
43954
43955
43956
43957
43968
43969
43970
43971
43972
43973
43974
43975
43976
43977
43978
43979
43980
43986
43987
43988
43989
43990
43991
43993
43994
43995
43996
43997
43998
43999
44000
44001
44002
44003
44004
44005
44006
44007
44008
44016
44017
44025
44026
44027
44028
44029
44030
44031
44032
44035
44036
44037
44038
44042
44043
44044
44045
44046
44047
44050
44051
44052
44053
44054
44055
44056
44060
44061
44062
44069
44070
44071
44074
44075
44076
44079
44080
44081
44087
44088
44089
44090
44091
44099
44100
44109
44110
44111
44112
44118
44120
44121
44122
44123
44124
44130
44131
44132
44142
44143
44144
44145
44146
44147
44152
44153
44154
44155
44156
44159
44160
44161
44162
44163
44164
44165
44166
44167
44359
44360
44361
44362
44368
44369
44370
44371
44372
44373
44374
44375
44376
44377
44378
44396
44397
44398
44399
44400
44401
44423
44424
44425
44426
44436
44437
44438
44456
44457
44458
44485
44486
44487
44488
44489
44490
44491
44492
44493
44494
44504
44505
44506
44507
44511
44512
44513
44514
44517
44518
44553
44555
44606
44607
44608
44624
44625
44626
44627
44631
44632
44633
44634
44639
44640
44641
44649
44650
44655
44656
44758
44759
44760
44761
44829
44830
44831
44832
44833
44851
44852
44853
44866
44867
44868
44885
44886
44887
44895
44896
44897
44908
44909
44910
44911
44912
44913
44920
44921
44922
44923
44924
44925
44926
44927
44928
44929
44930
44931
44932
44936
44937
44938
44939
44940
44941
44942
44945
44946
44947
44948
44953
44954
44955
44956
44957
44961
44968
44969
44981
44982
44983
45013
45014
45038
45039
45040
45041
45163
45175
45176
45177
45178
45183
45184
45185
45187
45188
45189
45391
45392
45393
45394
45395
45396
45397
45398
45399
45400
45415
45416
45418
45423
45424
45426
45427
45428
45429
45430
45431
45432
45433
45446
45447
45448
45449
45452
45453
45470
45471
45475
45476
45477
45478
45479
45480
45481
45482
45483
45484
45485
45486
45487
45488
45489
45490
45491
45492
45493
45495
45496
45497
45498
45499
45500
45533
45534
45535
45536
45537
46604
46605
46606
46607
46857
46858
46863
46864
46869
46870
46871
46872
47558
47559
47560
47581
47582
47583
47584
47594
47595
47596
47597
47598
47599
47600
47601
47661
47662
47663
47664
47665
47802
47803
47804
48402
48403
48404
48405
48406
48407
48410
48411
48412
48416
48442
48443
48444
48456
48457
48463
48464
48465
48485
48486
48565
48566
48580
48581
48582
48605
48606
48607
48608
48609
48623
48624
48625
48626
48855
48856
48857
48858
48871
48872
48873
48874
48875
48899
48900
48901
48902
48903
48904
48906
48907
48908
48909
48910
48911
48912
48953
48954
48970
48971
48974
48975
48976
48988
49199
49200
49201
49202
49203
49204
49205
49217
49218
49219
49220
49221
49229
49230
49242
49243
49244
49245
49246
49247
49251
49252
49253
49259
49260
49261
49281
49282
49283
49284
49287
49288
49289
49294
49295
49296
49309
49310
49311
49312
49315
49316
49317
49318
49327
49328
49329
49330
49336
49337
49338
49370
49371
49395
49396
49397
49398
49399
49400
49401
49405
49406
49410
49411
49412
49417
49418
49459
49460
49461
49462
49467
49468
49469
49471
49472
49475
49476
49477
49478
49479
49480
49481
49482
49483
49484
49485
49486
49487
49488
49509
49510
49572
49573
49574
49629
49630
49649
49650
49662
49663
49664
49699
49700
49701
49719
49720
49721
49722
49729
49730
49731
49788
49789
49790
49795
49796
49797
49798
49801
49802
49803
49804
49811
49812
49813
49820
49821
49822
49823
49824
49825
49830
49831
49832
49838
49839
49852
49853
49854
49892
49929
49930
49931
49932
49933
49934
49935
49936
49937
49989
49990
49991
50010
50011
50015
50024
50025
50033
50034
50035
50036
50045
50046
50047
50048
50055
50056
50057
50068
50069
50070
50096
50097
50098
50102
50103
50104
50105
50120
50121
50122
50128
50129
50130
50131
50161
50162
50163
50164
50169
50170
50171
50172
50173
50185
50186
50187
50188
50189
50198
50214
50215
50216
50254
50255
50256
50282
50283
50284
50285
50292
50293
50294
50295
50403
50404
50410
50411
50434
50435
50436
50457
50458
50569
50570
50571
50572
50599
50600
50601
50602
50603
50604
50670
50671
50861
50862
50863
50902
50903
50904
50905
50916
50917
50925
50926
50938
50939
50951
50952
50953
51106
51107
51108
51115
51116
51120
51121
51131
51132
51133
51134
51141
51142
51143
51144
51145
51153
51154
51155
51236
51237
51238
51241
51242
51243
51278
51279
51287
51288
51316
51317
51318
51921
51922
51923
51924
51950
51951
51952
51953
51954
51964
51965
52009
52010
52108
52109
52110
52191
52192
52193
52194
52218
52219
52220
52259
52260
52261
52348
52373
52374
52379
52380
52392
52393
52394
52395
52396
52397
52398
52399
52400
52412
52413
52415
52425
52426
52427
52428
52525
52526
52527
52542
52543
52584
52585
52626
52627
52628
52658
52659
52664
52665
52666
52670
52671
52672
52673
52674
52675
52692
52693
52706
52707
52708
52721
52722
52723
52724
52725
52726
52727
52728
52729
52730
52731
52732
52733
52740
52741
52742
52743
52746
52747
52748
52749
52750
52757
52758
52759
52762
52763
52764
52765
52766
52767
52769
52770
52771
52772
52773
52774
52775
52790
52791
52792
52805
52806
52807
52812
52820
52821
52822
52825
52826
52827
52828
52832
52833
52855
52856
52877
52893
52894
52895
52912
52913
52914
52915
52916
52917
52922
52923
52926
52927
52936
52937
52938
52939
52940
52941
52942
52944
52945
52946
52973
52974
52975
52981
52982
52983
52984
52993
52994
52995
52996
53006
53007
53008
53009
53010
53011
53012
53013
53014
53015
53016
53017
53018
53019
53028
53029
53030
53031
53054
53055
53056
53057
53151
53172
53176
53177
53178
53179
53180
53181
53182
53183
53184
53185
53186
53187
53189
53193
53194
53197
53201
53202
53206
53207
53216
53217
53220
53221
53222
53223
53224
53225
53226
53229
53230
53231
53232
53233
53234
53235
53236
53237
53258
53279
53284
53285
53286
53287
53288
53289
53290
53291
53292
53293
53294
53295
53296
53297
53298
53299
53300
53301
53302
53303
53304
53305
53306
53307
53308
53309
53310
53311
53312
53313
53314
53315
53330
53331
53332
53335
53336
53337
53340
53341
53342
53343
53363
53371
53372
53387
53402
53403
53408
53409
53410
53411
53415
53416
53417
53418
53419
53420
53421
53422
53423
53430
53431
53432
53433
53444
53445
53446
53449
53450
53451
53452
53453
53454
53457
53458
53459
53460
53461
53462
53463
53464
53468
53469
53480
53482
53483
53484
53490
53491
53496
53497
53498
53499
53500
53501
53502
53506
53507
53530
53531
53532
53562
53563
53564
53565
53593
53594
53595
53598
53599
53600
53601
53602
53603
53604
53605
53615
53616
53649
53650
53651
53652
53653
53654
53655
53656
53668
53669
53670
53671
53848
53943
53944
53945
53973
54037
54038
54055
54056
54057
54087
54088
54089
54090
54091
54092
54095
54096
54097
54098
54099
54100
54101
54102
54105
54106
54107
54108
54312
54313
54332
54333
54542
54543
54563
54564
54581
54582
54583
54647
54648
54649
54664
54665
54666
54732
54733
54778
54779
54780
54788
54789
54790
54858
54859
54860
54863
54864
54890
54908
54909
54940
54941
54942
55003
55004
55013
55014
55015
55016
55017
55018
55063
55065
55321
55325
55326
55327
55328
55329
55404
55454
55455
55456
55469
55471
55472
55503
56115
56116
56117
56118
56251
56252
56317
56318
56319
56320
56556
56557
56558
56602
56603
56604
56885
56886
56912
56913
56914
56917
56955
57014
57015
57016
57017
57018
57019
57020
57021
57022
57116
57118
57164
57165
57186
57187
57188
57225
57226
57227
57228
57229
57366
57367
57368
57369
57415
57416
57537
57538
57539
57550
57551
57552
57568
57569
57641
57642
57654
57655
57905
57906
57943
57944
57945
57946
57948
57949
58007
58008
58009
58010
58087
58095
58096
58097
58098
58141
58142
58183
58184
58189
58190
58191
58294
58295
58297
58300
58301
58388
58389
58390
58499
58513
58514
58515
58535
58536
58538
58559
58560
58561
58562
58590
58615
58616
58684
58685
58686
58689
58690
58691
59050
59090
59247
59257
59258
59259
59260
59276
59277
59278
59462
59466
59467
59468
59474
59475
59476
59486
59513
59514
59515
59516
59534
59538
59613
59614
59615
59617
59618
59619
59620
59621
59622
59623
60123
60124
60125
60141
60142
60143
60144
60152
60153
60154
60155
60156
60157
60158
60159
60160
60161
60162
60163
60164
60165
60177
60178
60189
60190
60191
60199
60200
60201
60202
60207
60209
61082
61083
61084
61087
61088
61089
61090
61096
61097
61098
61103
61104
61105
61106
61115
61116
61117
61123
61124
61133
61134
61163
61164
61165
61166
61167
61174
61175
61176
61184
61185
61186
61200
61201
61202
61203
61204
61205
61206
61214
61215
61219
61220
61221
61224
61225
61226
61228
61229
61235
61236
61237
61244
61245
61246
61251
61252
61253
61262
61263
61306
61307
61312
61313
61337
61350
61351
61355
61356
61357
61363
61364
61375
61376
61377
61378
61379
61380
61381
61382
61383
61385
61386
61387
61388
61390
61391
61392
61393
61394
61395
61396
61397
61398
61408
61409
61418
61419
61420
61421
61422
61431
61432
61440
61441
61442
61444
61445
61452
61453
61454
61455
61456
61457
61458
61459
61460
61461
61466
61467
61468
61469
61470
61491
61492
61493
61494
61495
61496
61497
61503
61504
61505
61509
61510
61511
61512
61516
61517
61518
61519
61520
61521
61522
61523
61528
61529
61530
61531
61532
61533
61536
61537
61538
61539
61540
61541
61542
61543
61544
61545
61546
61547
61548
61549
61550
61551
61555
61556
61557
61558
61559
61560
61561
61562
61563
61564
61565
61578
61579
61580
61589
61590
61591
61592
61593
61594
61595
61596
61597
61602
61603
61604
61605
61606
61607
61608
61609
61610
61611
61612
61613
61614
61615
61616
61617
61618
61619
61620
61622
61623
61624
61627
61628
61630
61631
61632
61633
61634
61637
61638
61639
61640
61641
61642
61643
61644
61645
61650
61651
61652
61653
61654
61655
61656
61657
61658
61666
61667
61668
61669
61673
61674
61676
61677
61678
61688
61689
61690
61694
61695
61696
61704
61705
61706
61711
61712
61717
61726
61727
61728
61729
61734
61735
61738
61739
61740
61743
61744
61745
61746
61747
61750
61751
61752
61753
61758
61759
61760
61764
61765
61766
61767
61774
61775
61776
61781
61782
61783
61784
61785
61786
61790
61795
61796
61797
61799
61800
61801
61802
61803
61804
61805
61808
61809
61810
61811
61812
61818
61819
61820
61825
61829
61830
61831
61832
61833
61834
61835
61836
61837
61838
61839
61846
61847
61848
61849
61850
61851
61852
61853
61854
61855
61856
61857
61858
61859
61860
61861
61862
61863
61864
61865
61866
61867
61868
61869
61870
61871
61872
61873
61874
61875
61876
61877
61882
61883
61884
61885
61888
61889
61890
61891
61899
61900
61902
61903
61904
61905
61906
61907
61916
61917
61918
61921
61922
61923
61924
61925
61926
61927
61928
61929
61936
61937
61938
61939
61940
61947
61948
61952
61953
61954
61955
61956
61959
61960
61961
61962
61998
62010
62116
62117
62118
62119
62120
62121
62127
62133
62134
62149
62150
62155
62156
62157
62161
62162
62163
62164
62165
62171
62172
62174
62175
62176
62177
62178
62179
62181
62225
62226
62227
62228
62229
62233
62234
62331
62332
62333
62334
62335
62336
62405
62406
62407
62430
62431
62432
62433
62434
62438
62439
62440
62441
62442
62443
62444
62445
62447
62448
62449
62461
62462
62463
62464
62465
62466
62467
62468
62469
62470
62471
62475
62476
62477
62481
62482
62490
62491
62492
62493
62494
62495
62496
62497
62501
62502
62503
62504
62505
62507
62508
62509
62510
62518
62519
62522
62523
62524
62525
62526
62527
62528
62529
62530
62531
62532
62533
62534
62535
62536
62537
62538
62539
62540
62541
62542
62543
62544
62545
62546
62547
62548
62549
62550
62551
62552
62553
62557
62558
62588
62676
62677
62682
62683
62684
62685
62686
62687
62688
62689
62690
62691
62692
62693
62727
62728
62729
62730
62731
62732
62750
62751
62752
62753
62770
62775
62776
62777
62819
62820
62821
62826
62827
62828
62829
62830
62839
62840
62844
62845
62846
62847
62848
62849
62883
62884
62885
62886
62887
62888
62907
62908
62909
62914
62915
62923
62924
62925
62926
62927
62938
62939
62950
62951
62952
62953
62954
62955
62956
62957
62958
62959
62960
62970
62971
62972
62975
62976
62977
62978
62979
62980
62981
62982
62983
62984
62985
62986
62987
62988
62989
62990
62991
62992
62993
62996
62998
63005
63006
63007
63008
63012
63013
63056
63062
63063
63092
63093
63164
63165
63166
63167
63244
63245
63293
63294
63302
63303
63304
63305
63340
63413
63414
63524
63525
63526
63527
63533
63569
63570
63574
63635
63636
63637
63639
63640
63641
63642
63643
63644
63645
63646
63647
63652
63653
63666
63667
63668
63669
63789
63790
63807
63808
63809
63810
63815
63816
63817
63855
63856
63857
63886
63887
63888
63901
63902
63903
63904
63909
63910
63911
64176
64177
64229
64230
64231
64237
64248
64262
64263
64271
64272
64273
64274
64275
64280
64281
64282
64287
64288
64289
64290
64291
64292
64293
64294
64295
64296
64301
64302
64303
64309
64310
64311
64312
64313
64314
64321
64322
64329
64391
64392
64400
64401
64424
64425
64426
64428
64429
64430
64434
64435
64436
64441
64445
64446
64454
64455
64456
64457
64458
64459
64464
64472
64473
64474
64499
64502
64503
64506
64510
64547
64548
64570
64571
64572
64573
64589
64590
64591
64602
64603
64638
64669
64670
64671
64699
64700
64701
64718
64732
64733
64734
64739
64740
64743
64752
64765
64766
64778
64779
64780
64781
64784
64785
64786
64787
64788
64789
64794
64795
64796
64810
64821
64844
64846
64853
64854
64855
64856
64866
64880
64881
64882
64883
64884
64885
64886
64887
64888
64889
64890
64891
64903
64904
64905
64906
64909
64910
64911
64916
64917
64923
64924
64926
64932
64933
64934
64935
64936
64937
64938
64957
64958
65097
65098
65099
65100
65101
65102
65103
65107
65108
65109
65110
65111
65112
65113
65117
65118
65121
65122
65130
65131
65137
65144
65145
65147
65148
65149
65150
65151
65167
65168
65169
65170
65171
65172
65178
65181
65182
65183
65184
65187
65188
65189
65190
65191
65211
65212
65215
65216
65227
65228
65229
65230
65231
65232
65238
65241
65242
65243
65252
65253
65255
65256
65257
65258
65259
65264
65265
65266
65267
65268
65271
65272
65273
65274
65278
65279
65280
65281
65301
65302
65303
65304
65321
65322
65323
65329
65330
65331
65332
65335
65336
65337
65343
65344
65361
65362
65379
65380
65381
65397
65398
65399
65400
65401
65421
65422
65423
65427
65428
65436
65437
65438
65457
65458
65463
65464
65465
65489
65490
65491
65498
65499
65505
65536
65537
65563
65564
65565
65566
65570
65571
65572
65618
65619
65620
65622
65631
65632
65633
65634
65635
65638
65641
65643
65644
65648
65649
65671
65672
65673
65680
65695
65704
65705
65726
65727
65728
65731
65732
65738
65739
65753
65756
65757
65758
65759
65760
65929
65930
65931
65969
65970
65971
65972
66057
66060
66061
66066
66067
66068
66102
66103
66104
66105
66106
66107
66108
66109
66110
66111
66112
66113
66114
66119
66120
66121
66122
66127
66128
66131
66132
66133
66134
66135
66136
66137
66153
66154
66241
66242
66246
66247
66308
66309
66310
66312
66313
66314
66340
66341
66342
66343
66366
66367
66368
66528
66529
66530
66581
66583
66584
66585
66586
66587
66588
66652
66653
66654
66657
66658
66660
66743
66744
66745
67100
67101
67102
67107
67108
67109
67119
67120
67126
67127
67129
67164
67165
67166
67193
67194
67195
67196
67251
67252
67410
67413
67414
67535
67595
67596
67715
67716
67743
67744
67745
67746
67749
67785
67786
67787
67788
67898
67899
67900
67901
67944
67945
67946
67963
67964
67975
67997
67998
68134
68135
68136
68253
68254
68255
68256
68257
68347
68356
68357
68441
68442
68443
68444
68445
68446
68458
68459
68546
68547
68548
68549
68550
68561
68562
68563
68574
68575
68576
68577
68666
68674
68675
68676
68681
68683
68684
68744
68745
68766
68767
68768
68769
68770
68773
68774
68775
68777
68778
68779
68780
68781
68782
68785
68786
68813
68814
68818
68819
68828
68829
68840
68841
68842
68843
68844
68882
68883
68884
68885
68889
68952
68953
68956
68957
68962
69007
69012
69013
69014
69039
69040
69043
69058
69059
69060
69072
69073
69074
69075
69076
69084
69088
69089
69090
69091
69097
69102
69103
69104
69105
69106
69107
69112
69123
69124
69125
69126
69133
69135
69143
69144
69147
69148
69149
69150
69151
69152
69235
69236
69237
69238
69240
69241
69242
69243
69244
69246
69247
69256
69257
69261
69262
69263
69264
69268
69269
69270
69271
69272
69273
69274
69275
69276
69277
69278
69279
69296
69301
69302
69309
69310
69311
69312
69313
69314
69390
69391
69392
69393
69394
69400
69405
69659
69690
69691
69692
69693
69694
69695
69696
69722
69723
69731
69732
69735
69736
69737
69738
69760
69761
69762
69763
69764
69765
69766
69792
69793
69794
69795
69807
69808
69810
69816
69821
69861
69862
69882
69883
69884
69890
69914
69915
69924
69925
69992
70039
70067
70068
70069
70070
70089
70090
70123
70124
70125
70131
70132
70133
70134
70178
70185
70186
70266
70267
70268
70269
70314
70369
70370
70371
70372
70400
70401
70409
70410
70411
70427
70428
70429
70637
70638
70645
70646
70657
70658
70659
70660
70666
70667
70672
70687
70688
70706
70707
70767
70768
70769
70825
70844
70856
70857
70858
70901
70902
70903
70910
70911
70938
70939
71028
71029
71031
71038
71039
71040
71098
71099
71100
71107
71108
71109
71110
71116
71117
71121
71122
71139
71140
71141
71169
71170
71175
71176
71177
71178
71179
71182
71215
71217
71218
71222
71223
71224
71228
71324
71325
71335
71342
71420
71421
71566
71567
71568
71595
71596
71608
71609
71756
71758
71767
71768
71810
71811
71825
71826
71848
71857
71858
71859
71865
71866
72003
72004
72005
72052
72105
72106
72126
72127
72153
72179
72180
72181
72192
72193
72194
72195
72232
72233
72246
72247
72248
72265
72266
72295
72296
72301
72302
72303
72341
72363
72364
72371
72372
72376
72447
72494
72495
72496
72497
72498
72504
72760
72761
72893
73010
73011
73013
73069
73070
73071
73072
73084
73131
73132
73135
73136
73152
73175
73176
73202
73203
73204
73216
73217
73218
73228
73234
73235
73247
73248
73271
73272
73290
73291
73292
73293
73294
73295
73310
73311
73329
73330
73370
73371
73382
73383
73384
73393
73394
73421
73422
73430
73431
73436
73437
73469
73507
73508
73509
73522
73523
73528
73529
73530
73531
73593
73657
73658
73662
73663
73670
73675
73676
73678
73706
73707
73708
73712
73713
73714
73715
73716
73737
73738
73748
73749
73750
73751
73752
73753
73770
73919
73929
73930
73931
74004
74005
74006
74162
74163
74170
74198
74199
74200
74201
74206
74207
74272
74284
74285
74286
74287
74288
74303
74317
74318
74319
74320
74321
74322
74328
74329
74350
74351
74387
74455
74481
74506
74507
74544
74545
74546
74557
74680
74681
74712
74713
74747
74748
74749
74762
74763
74788
74792
74855
74856
74910
74911
74912
74977
74978
75552
75553
75554
75555
75557
75564
75565
75572
75573
75575
75576
75577
75578
75579
75580
75581
75582
75583
75585
75586
75587
75595
75596
75597
75598
75599
75600
75601
75602
75603
75604
75605
75606
75607
75608
75622
75623
75632
75633
75634
75635
75636
75637
75639
75644
75645
75647
75648
75649
75650
75651
75652
75655
75656
75657
75658
75660
75661
75665
75666
75668
75670
75671
75674
75675
75676
75678
75679
75680
75681
75683
75684
75685
75686
75687
75688
75689
75690
75691
75692
75693
75694
75695
75696
75700
75701
75702
75704
75705
75706
75707
75708
75713
75714
75715
75716
75717
75718
75719
75720
75721
75722
75723
75726
75727
75728
75729
75730
75731
75732
75733
75734
75758
75759
75760
75761
75762
75769
75770
75771
75772
75773
75774
75775
75780
75781
75782
75783
75784
75786
75787
75788
75789
75790
75793
75794
75795
75796
75798
75799
75800
75801
75803
75804
75805
75807
75808
75809
75810
75811
75812
75815
75817
75818
75820
75821
75824
75827
75830
75831
75832
75833
75834
75837
75838
75839
75842
75843
75844
75846
75847
75848
75850
75858
75859
75862
75863
75864
75865
75866
75868
75869
75870
75871
75872
75879
75884
75885
75886
75887
75888
75889
75890
75891
75898
75899
75900
75901
75906
75907
75908
75909
75910
75911
75912
75913
75914
75915
75924
75925
75926
75927
75928
76045
76046
76047
76048
76050
76051
76052
76053
76055
76056
76057
76058
76059
76060
76061
76064
76075
76076
76077
76079
76080
76092
76093
76218
76219
76228
76251
76252
76253
76257
76258
76259
76262
76265
76266
76269
76270
76271
76272
76273
76274
76277
76280
76287
76288
76289
76290
76298
76301
76302
76303
76306
76307
76308
76309
76312
76315
76316
76317
76318
76350
76427
76428
76429
76430
76432
76433
76436
76437
76486
76487
76488
76545
76550
76561
76562
76571
76572
76573
76576
76584
76588
76589
76590
76593
76594
76595
76596
76597
76598
76600
76603
76604
76605
76606
76609
76610
76677
76707
76714
76715
76733
76734
76805
76806
76864
76904
76906
76907
76908
76909
76910
76911
76918
76919
76961
76962
77006
77022
77028
77039
77049
77142
77143
77144
77204
77236
77237
77363
77364
77369
77370
77754
77874
77875
77901
77902
77903
78038
78056
78264
78265
78387
78390
78391
78393
78525
78526
78527
78528
78609
78610
78700
78701
78756
78757
78775
78787
78788
78791
78792
78793
78837
78838
78839
78842
78843
78844
78845
78846
78847
78848
78852
78885
78886
78891
78892
78893
78894
78895
78896
78897
78898
78996
78997
79003
79004
79017
79034
79064
79086
79087
79088
79094
79096
79099
79100
79101
79102
79103
79127
79128
79129
79130
79170
79171
79199
79200
79201
79202
79211
79212
79213
79214
79215
79242
79243
79578
79579
79580
79783
79794
79795
79796
79851
79852
79870
79871
79872
79873
79874
79875
79876
79877
79878
79879
79880
80111
80112
80201
80202
80307
80308
80309
80453
80454
80539
80540
80601
80603
80630
80631
80640
80641
80700
80701
80702
80703
80704
80705
80706
80707
80708
80709
80726
80745
80746
80749
80750
80751
80752
80753
80799
80800
80801
80812
80813
80842
80843
80844
80846
80847
80848
80849
80850
80851
80937
80943
80946
80958
80959
80970
80971
80972
80973
80974
80975
80976
80977
80978
80984
80985
80990
81024
81025
81026
81027
81030
81031
81033
81034
81036
81037
81038
81039
81040
81041
81042
81043
81044
81046
81047
81048
81049
81078
81082
81083
81084
81085
81086
81087
81088
81089
81090
81091
81092
81093
81099
81100
81102
81104
81105
81106
81109
81132
81133
81136
81137
81139
81140
81154
81155
81156
81157
81161
81382
81384
81386
81387
81396
81458
81459
81462
81464
81507
81508
81697
81698
81744
81745
81746
81747
81748
81759
81760
81761
81762
81820
81835
81836
81837
81851
81852
81853
81856
81874
81882
81897
81898
81899
81907
81908
82019
82034
82049
82050
82064
82065
82075
82112
82354
82365
82366
82393
82394
82409
82410
82411
82437
82438
82455
82631
82632
82754
82755
82756
82764
82765
82766
82774
82892
82895
82917
82918
82919
82921
82943
82944
82945
82946
82947
82951
82952
82953
82958
82959
82963
82964
82998
82999
83000
83008
83009
83013
83017
83018
83069
83070
83129
83130
83139
83140
83148
83149
83150
83151
83162
83163
83167
83170
83171
83172
83179
83194
83195
83199
83212
83213
83218
83231
83232
83233
83240
83248
83255
83256
83258
83259
83260
83261
83265
83269
83270
83271
83281
83310
83316
83317
83324
83326
83327
83350
83481
83482
83506
83507
83628
83629
83647
83652
83655
83656
83657
83669
83673
83674
83704
83705
83706
83713
83718
83719
83733
83734
83735
83894
83998
84054
84182
84204
84205
84219
84220
84229
84230
84234
84480
84489
84721
84722
84725
84727
84728
84731
84734
84735
84738
84739
85060
85061
85062
85063
85064
85071
85072
85081
85083
85085
85092
85093
85094
85096
85111
85112
85113
85114
85120
85121
85131
85132
85133
85134
85135
85136
85137
85138
85139
85140
85141
85154
85156
85157
85158
85161
85163
85164
85165
85166
85167
85168
85169
85170
85177
85178
85179
85181
85182
85183
85186
85187
85188
85189
85211
85217
85228
85231
85234
85235
85236
85241
85242
85243
85244
85245
85246
85254
85255
85258
85261
85263
85265
85266
85271
85272
85273
85274
85277
85278
85279
85284
85285
85286
85287
85288
85289
85290
85291
85292
85297
85299
85300
85308
85309
85310
85312
85313
85314
85315
85316
85319
85323
85325
85326
85391
85410
85413
85427
85428
85429
85553
85554
85566
85567
85568
85570
85571
85573
85574
85578
85580
85581
85582
85583
85584
85585
85586
85748
85749
85750
85753
85754
85755
85756
85757
85762
85769
85770
85773
85774
85775
85776
85778
85781
85792
85814
86121
86139
86280
86281
86282
86296
86338
86339
86401
86425
86427
86679
86680
86681
86684
86687
86688
86689
86726
86728
86729
86807
86808
86809
86819
86824
86825
86878
86879
86896
87019
87022
87030
87045
87046
87047
87053
87054
87055
87072
87082
87083
87088
87095
87099
87100
87107
87109
87110
87115
87116
87117
87177
87179
87195
87206
87207
87252
87253
87254
87258
87299
87303
87304
87307
87308
87309
87311
87312
87317
87349
87351
87352
87353
87354
87356
87372
87379
87380
87383
87384
87385
87386
87387
87388
87390
87391
87398
87399
87402
87403
87459
87462
87463
87465
87466
87467
87468
87480
87481
87482
87486
87523
87524
87525
87526
87528
87530
87537
87538
87539
87541
87574
87575
87576
87687
87688
87689
87692
87693
87701
88170
88173
88174
88175
88176
88178
88366
88402
88403
88404
88408
88409
88472
88473
88474
88487
88488
88489
88503
88521
88529
88530
88531
88532
88533
88536
88549
88553
88554
88555
88556
88568
88571
88587
88588
88589
88623
88624
88638
88640
88641
88642
88654
88656
88657
88683
88684
88685
88686
88696
88697
88698
88700
88724
88725
88726
88734
88735
88736
88737
88738
88739
88747
88748
88749
88768
88769
88772
88773
88776
88777
88778
88908
88909
88910
88926
88928
88930
88947
89024
89344
89455
89606
89607
89611
89612
89625
89676
89677
89787
89819
89824
89866
89867
89886
89887
89891
89893
89894
90034
90035
90107
90161
90328
90329
90330
90331
90351
90352
90489
90744
90746
90747
90748
90750
90751
90752
90753
90754
90755
90756
90757
90760
90761
90762
90763
90767
90768
90769
90770
90771
90772
90773
90775
90777
90778
90784
90786
90787
90788
90789
90790
90791
90792
90793
90794
90796
90797
90798
90799
90800
90803
90804
90805
90806
90807
90809
90813
90814
90818
90819
90820
90821
90822
90823
90826
90827
90836
90837
90839
90843
90844
90847
90850
90853
90855
90856
90857
90858
90859
90860
90863
90864
90868
90869
90870
90877
90880
90881
90882
90884
90885
90886
90887
90893
90894
90895
90899
90900
90902
90903
90904
90905
90947
90948
90949
90955
90956
90959
90961
90963
90965
90990
90991
91005
91029
91031
91032
91034
91035
91038
91039
91042
91045
91051
91052
91053
91054
91055
91056
91057
91058
91060
91100
91109
91110
91145
91165
91167
91168
91170
91171
91173
91174
91181
91239
91304
91309
91327
91362
91409
91415
91628
91633
91721
91723
91739
91740
91754
91759
91760
91761
91769
91770
91777
91779
91781
91783
91789
91792
91835
91881
91882
91891
91902
91903
91964
91965
91966
91967
91968
91969
92018
92020
92022
92029
92034
92042
92043
92065
92066
92069
92074
92076
92079
92087
92096
92102
92104
92105
92112
92113
92114
92115
92116
92119
92120
92121
92134
92135
92138
92139
92142
92143
92144
92152
92161
92165
92170
92171
92176
92180
92184
92188
92191
92194
92196
92197
92207
92211
92217
92218
92219
92248
92249
92282
92294
92299
92300
92301
92302
92303
93492
93493
93495
93621
93622
93623
93624
93626
93707
93708
93709
93747
93748
93753
93757
93784
93787
93791
93798
93839
93841
93843
93866
93891
93892
93893
93896
93915
93949
93951
95542
95543
95544
95545
95546
95547
95557
95558
95559
95560
95561
95567
95569
95571
95573
95575
95618
95619
95620
95621
95622
95623
95624
95673
95675
95676
95702
95705
95706
95713
95714
95783
95847
95868
95884
95885
96819
96820
96821
96822
96823
96824
96825
96827
96926
96927
96928
96929
96941
96942
96943
96944
96945
96946
96947
96948
96949
96950
96951
96952
96953
96955
96956
96963
96964
96965
96966
96968
96986
96987
96988
96992
97007
97008
97010
97011
97012
97013
97014
97015
97017
97109
97110
97112
97113
97132
97133
97137
97138
97139
97140
97141
97142
97144
97145
97146
97147
97151
97153
97154
97158
97160
97172
97173
97174
97177
97178
97180
97181
97184
97187
97189
97197
97198
97228
97232
97233
97237
97241
97244
97270
97271
97272
97273
97274
97275
97276
97277
97280
97281
97284
97285
97286
97287
97288
97289
1121
-1759
-2048
-3219
-3697
-4298
-4325
5414
8107
-8349
-9087
-10202
-11219
19041
-19947
20915
21230
21261
21262
21283
21416
-21964
-25705
-25710
-26053
-26099
-26105
26114
26135
-28264
29312
-29603
-32284
-32832
-32913
32928
33192
33212
33500
-33804
33974
34253
-34475
34616
34953
36808
36830
36895
36908
37390
-37510
-37578
-37827
37889
-37891
-37919
-39017
-40961
-41032
41170
-43818
-43846
43869
44642
-48919
-49833
50123
-51130
-52378
52768
52789
53152
-53154
53188
53386
53429
-54039
-54173
-54505
54650
-54668
-59470
59473
59487
60203
-62112
62173
-63251
-63803
-63865
64328
-64746
-64831
-65083
-66580
-68712
68743
69077
69724
-69729
71757
-74305
75791
-77401
78392
-78712
-79426
80845
-81423
81509
-83312
83325
83328
-83367
-83387
-83398
83676
85203
-85210
-86294
86298
-86821
86880
-86884
87298
-88514
90049
-90840
92045
92203
92236
-2938
-3456
-3459
-4089
-8863
-10082
-18939
-21742
24335
-24747
-27536
-28031
29862
29866
32043
32503
33206
34639
-34816
36916
38241
-49290
-50272
54562
54857
54891
55064
-55500
-55633
-58000
60208
61629
61794
-65159
-65162
67253
76599
77900
79095
80455
86138
-86284
-89025
-3741
4091
-4286
5812
-5917
7594
-7749
8929
-9062
-9063
-16154
-16684
16696
17422
-17449
18924
-21058
-21268
21506
-22039
-22913
23139
23170
23177
-23809
-24591
24778
25717
-25911
-26804
-27666
28144
28227
28518
32501
-32548
-32717
32998
33017
33373
-33479
-33480
-33867
34802
36230
-36346
39532
39588
40299
40351
-40405
40412
41540
41571
-41711
41822
-43380
-43381
-43412
43741
44554
-44894
45015
-45193
45417
45425
45494
-47999
52586
52819
52876
-52934
-53316
-53569
-55141
56887
56956
-57003
57117
-58204
-59529
-60309
61261
61389
61410
62126
-62297
-62437
62446
62997
-64142
-66315
66582
67130
68682
-68718
-69113
-69115
-72416
-72417
74164
-74348
75574
-76099
76549
78021
79033
80642
81130
-83630
-84327
85758
-85794
85801
87178
88653
-91162
91169
-91180
-91577
-1321
-3227
3986
7596
8635
8744
8773
9161
9591
-9758
16513
16747
-17017
-17020
17434
20804
21195
-21273
21914
-22427
-23228
24665
-25165
-26354
26561
-26719
-27403
-28010
28470
28521
-29121
-29359
-29393
-29564
-29565
-29814
-31902
-32875
32938
33102
34254
34275
-34286
-34997
-39161
-39176
-39261
-39282
-39470
39543
-40393
-40623
40638
-40818
-40917
41454
41458
43558
-43564
-43606
44119
44129
-44845
48913
-49455
49718
51135
51319
52414
-52431
-53212
53481
-54186
55470
58296
-58531
58537
58617
59537
-60172
-61412
62115
62850
63057
63295
-63680
64390
64845
-65982
68665
-68761
-68929
-68999
69134
-69298
69809
-70592
-70904
70909
71229
71334
-72273
72411
72894
-73534
-73537
-74267
75878
76078
-76088
-76260
76299
76359
76608
-77361
77752
-78204
-78220
78529
78530
-80892
81383
-83216
83217
83703
-83724
-84174
85575
87371
-89019
-89147
89343
-89862
-90104
-90317
90759
-91971
92195
)


// ************************************************************************* //
