/*--------------------------------*- C++ -*----------------------------------*\
| =========                 |                                                 |
| \\      /  F ield         | OpenFOAM: The Open Source CFD Toolbox           |
|  \\    /   O peration     | Version:  2506                                  |
|   \\  /    A nd           | Website:  www.openfoam.com                      |
|    \\/     M anipulation  |                                                 |
\*---------------------------------------------------------------------------*/
FoamFile
{
    version     2.0;
    format      ascii;
    arch        "LSB;label=32;scalar=64";
    class       volScalarField;
    location    "0.0440925";
    object      nut;
}
// * * * * * * * * * * * * * * * * * * * * * * * * * * * * * * * * * * * * * //

dimensions      [0 2 -1 0 0 0 0];

internalField   nonuniform List<scalar> 
3975
(
0.00555239
0.00604606
0.00454293
0.00726207
0.00726159
0.00302138
0.00690768
0.00673848
0.0074723
0.0074279
0.00754675
0.00298559
0.0073506
0.00237395
0.00734605
0.004941
0.00526874
0.00529104
0.00443546
0.00334381
0.00239175
0.00262426
0.0046065
0.00572241
0.00540491
0.00729148
0.00165283
0.00395976
0.006129
0.00415601
0.00687512
0.00352765
0.00307094
0.00375345
0.00317259
0.00337603
0.00416465
0.00628474
0.00401698
0.00428059
0.00410106
0.00441091
0.00437832
0.00735425
0.0056461
0.00740111
0.00743321
0.00740028
0.00228699
0.00267194
0.00381362
0.00731133
0.00282013
0.00182811
0.00195974
0.00191152
0.00300279
0.00178728
0.00229692
0.00251083
0.00238404
0.00139907
0.00212597
0.00231118
0.00630208
0.00324755
0.00374251
0.00680658
0.00276532
0.00058725
0.000799378
0.000225515
0.000656955
0.00486195
0.00556798
0.00444354
0.00558381
0.00381645
0.0041408
0.00450495
0.00747868
0.0065389
0.00535497
0.00376927
0.00736472
0.00236676
0.00394125
0.00550682
0.00563854
0.00339282
0.00712744
0.00665516
0.00278551
0.00446778
0.000811124
0.00549065
0.00438747
0.000853015
0.00426444
0.00140858
0.00746254
0.00114005
0.00237683
0.00179601
0.00728456
0.00243346
0.00458044
0.00413373
0.00505196
0.00258067
0.00381788
0.00461486
0.00441774
0.00449359
0.00380056
0.00348706
0.00352404
0.00355984
0.00189011
0.00118563
0.0065675
0.00239053
0.00386008
0.00373301
0.00175302
0.00217202
0.00349085
0.00291252
0.00282776
0.00282986
0.00292526
0.00292391
0.00418754
0.00424268
0.00429143
0.00387877
0.00280279
0.00448182
0.0027191
0.0073931
0.00511324
0.00748809
0.00676636
0.00705249
0.00196699
0.00683601
0.00711039
0.00288854
0.00500388
0.00290995
0.0020112
0.00342414
0.00366743
0.00337429
0.00100356
0.00137534
0.00427421
0.0049588
0.00714692
0.00384387
0.00750364
0.00723554
0.0034109
0.00272292
0.00656859
0.0030831
0.00393906
0.000365229
0.00281935
0.00718357
0.00567173
0.00746921
0.00352522
0.00366037
0.00056087
0.00628441
0.00383323
0.00181913
0.00163613
0.00504098
0.00580213
0.00376428
0.00203061
0.00205887
0.00276859
0.00637715
0.00319072
0.00324029
0.00387254
0.00236776
0.0028004
0.00498681
0.00272198
0.00367486
0.00298012
0.00276804
0.00176658
0.0074679
0.00670629
0.00696208
0.00295698
0.00742544
0.00612299
0.00721622
0.00690342
0.00696372
0.00345419
0.000933633
0.00667627
0.000290676
0.00727577
0.00195669
0.00392933
0.00433255
0.00251315
0.00691587
0.00556623
0.00416727
0.00649788
0.00254656
0.0046337
0.00242259
0.00722725
0.00225824
0.00459634
0.00349677
0.000290886
0.00715614
0.0020465
0.00733805
0.00283889
0.00626716
0.00706735
0.00402277
0.00712322
0.00716117
0.00189042
0.00393854
0.00181445
0.00125641
0.00746954
0.000788945
0.00669265
0.00226757
0.00437141
0.000520455
0.0024245
0.00141964
0.00108041
0.00745938
0.00714275
0.00720073
0.00152716
0.000956551
0.00462246
0.00415823
0.00249015
0.000766013
0.00139368
0.000499549
0.00147178
0.00185257
0.00711074
0.00552998
0.00233557
0.00173108
0.000705003
0.00683917
0.00437655
0.00440733
0.00463185
0.00218713
0.0022256
0.00256874
0.00296682
0.0028445
0.00239253
0.00540559
0.000958732
0.0015914
0.00142014
0.00547922
0.00437744
0.00701645
0.00379197
0.00216084
0.00190716
0.00204402
0.000783429
0.00276028
0.00360954
0.00188184
0.00428125
0.000964915
0.00670453
0.0050638
0.00510249
0.00448712
0.00368219
0.00344957
0.00309586
0.00396734
0.00394807
0.00344552
0.00421215
0.00456157
0.00257943
0.00238683
0.00324913
0.00355213
0.00667214
0.00665348
0.00496683
0.00630036
0.00533445
0.00293196
0.00411988
0.00562392
0.00728294
0.00732546
0.00732839
0.00259494
0.00399966
0.00445568
0.00204055
0.00591184
0.0050532
0.00405034
0.00179492
0.00288959
0.005129
0.00611879
0.00473599
0.00566198
0.00273243
0.00327568
0.00383122
0.00269377
0.00150632
0.00252395
0.00288666
0.00167875
0.00457963
0.00285568
0.00206135
0.00516261
0.00743722
0.00749664
0.00708388
0.00742896
0.00211805
0.00321056
0.00295263
0.00365016
0.00395749
0.00670095
0.00608632
0.00145296
0.00733167
0.00709379
0.00563335
0.000490669
0.00271978
0.0069501
0.00693043
0.00692701
0.00499229
0.00696688
0.00518155
0.00702243
0.00694482
0.00166579
0.00488255
0.00563699
0.00300079
0.00199252
0.00678322
0.000487931
0.00249764
0.00105051
0.00149461
0.00350386
0.00718158
0.00219008
0.00326184
0.00318935
0.00367444
0.00254418
0.00329844
0.00331472
0.00358143
0.00651202
0.00314708
0.00462476
0.00652484
0.00602385
0.00421813
0.00193787
0.0044225
0.00466874
0.00519078
0.00435533
0.00286168
0.00358064
0.00426531
0.00400652
0.00322716
0.00507039
0.00514878
0.00356576
0.00434748
0.00451927
0.00211433
0.00135636
0.00631684
0.000520718
0.00579687
0.00676734
0.00343174
0.0057521
0.00437703
0.00561694
0.00746239
0.00203271
0.00222471
0.00208959
0.00585762
0.00220189
0.00735977
0.00218458
0.00256307
0.00639222
0.00619194
0.00160753
0.00330065
0.00375674
0.00732596
0.00299083
0.00241852
0.00624095
0.00326176
0.0055397
0.00241926
0.000892217
0.00115678
0.00583863
0.0067873
0.00168
0.000446005
0.00588936
0.00651802
0.00710437
0.00628512
0.00576999
0.00221916
0.00751339
0.00395056
0.00751326
0.00497473
0.00618799
0.00660057
0.00249883
0.00747277
0.00748647
0.00304191
0.00691118
0.00539236
0.0073358
0.00704429
0.00731985
0.00334127
0.00730017
0.00564959
0.00467087
0.00362096
0.000388201
0.00758784
0.00589918
0.00523819
0.0073263
0.00246589
0.0075413
0.00650329
0.00718501
0.00219808
0.00329795
0.0022716
0.00112828
0.000695782
0.00191119
0.00270253
0.00552038
0.00584012
0.00163977
0.00614535
0.00729978
0.00755053
0.00729126
0.0033135
0.00190944
0.000930554
0.00736083
0.00631967
0.00596213
0.00724438
0.00758643
0.00489732
0.00083092
0.00637443
0.00367175
0.0010744
0.00606308
0.00292984
0.000601128
0.00439117
0.00465392
0.0072277
0.00253872
0.0070885
0.00225571
0.00388187
0.00259627
0.00312459
0.000904763
0.000205017
0.00336176
0.000839195
0.000835849
0.003457
0.00452798
0.00500153
0.00283613
0.00691402
0.00742523
0.00194613
0.00283852
0.00262541
0.0017848
0.000180828
0.00261952
0.00754582
0.00607183
0.00731658
0.00138897
0.00176078
0.000950371
0.00245385
0.000610354
0.00173014
0.00318133
0.00302822
0.00703054
0.00223617
0.00448732
0.00209303
0.00344897
0.0045947
0.0048579
0.00640881
0.00527835
0.00540839
0.00212012
0.00105202
0.000826432
0.00150748
0.00110568
0.000225109
0.00176934
0.000347768
0.0010708
0.00679314
0.00594374
0.00723647
0.00722006
0.0067496
0.00706012
0.00733935
0.00472148
0.00717683
0.00453071
0.00695166
0.00366358
0.00232365
0.00317902
0.00715985
0.00741099
0.0074551
0.00750709
0.00294088
0.00223457
0.00530536
0.00747761
0.00487756
0.0026453
0.00521995
0.00639776
0.00729022
0.00566406
0.00692164
0.00663825
0.00675496
0.00710033
0.000496876
0.00069618
0.0045887
0.00248349
0.00370426
0.00543239
0.00403336
0.00475308
0.00206088
0.00190133
0.00722099
0.00655573
0.00329147
0.00642048
0.0040402
0.00698364
0.00665089
0.00168632
0.00747107
0.00742588
0.00740583
0.00727579
0.00575895
0.00667351
0.0019726
0.00748936
0.0050951
0.00728683
0.0039823
0.00624778
0.00388096
0.00518385
0.00692546
0.00680358
0.00731488
0.00655986
0.00514159
0.00528455
0.00744369
0.00252381
0.00308211
0.00615922
0.00542829
0.00315281
0.00231472
0.00525793
0.00122054
0.00218164
0.0055432
0.00649422
0.00164299
0.000965319
0.00365993
0.000756049
0.00204872
0.000719455
0.000795159
0.00110578
0.000953372
0.000284407
0.0038284
0.000405089
0.000869228
0.000852997
0.000471973
0.000329985
0.00302185
0.00279163
0.0023636
0.00223405
0.00193541
0.00214658
0.00561007
0.00149815
0.00600806
0.00746744
0.0074739
0.00437048
0.0044952
0.00663815
0.00754399
0.00403331
0.00332018
0.00692959
0.0061442
0.00694787
0.00740731
0.00274783
0.00589191
0.00121778
0.0029474
0.00517477
0.00255049
0.00507542
0.00185533
0.00518427
0.00691894
0.00605553
0.000565845
0.00742286
0.00537186
0.00033307
0.00669666
0.00366527
0.0040289
0.00720602
0.00717587
0.00148954
0.0053208
0.00658331
0.00672799
0.00368838
0.00341923
0.00727255
0.00392739
0.00269171
0.00144668
0.00388392
0.00737754
0.00227449
0.00417655
0.00720837
0.0041683
0.0071655
0.00259519
0.00709603
0.0070314
0.00638488
0.00513643
0.00288215
0.00566581
0.00387027
0.00312573
0.0021435
0.00201392
0.00526277
0.000472931
0.00593225
0.000833822
0.00406165
0.00236987
0.00291536
0.00100646
0.00193494
0.00543246
0.00731357
0.00177101
0.00640833
0.00210199
0.00385691
0.00540515
0.00666207
0.00175086
0.00491004
0.00756188
0.00358661
0.00715931
0.00730821
0.00719376
0.00759241
0.00327354
0.00488459
0.0075546
0.00414748
0.00740333
0.00736672
0.00259296
0.00751694
0.00128926
0.00720922
0.00705033
0.00726995
0.00455022
0.00726736
0.00724943
0.00593104
0.00674161
0.00553826
0.00267449
0.000252405
0.00335882
0.00618
0.00699243
0.00514342
0.00284654
0.00657526
0.00515372
0.00634558
0.00374638
0.00309166
0.000762307
0.00575796
0.00262772
0.00310661
0.00209682
0.00168555
0.00665781
0.00380832
0.00439681
0.00260106
0.00560715
0.00292959
0.000308695
0.00698628
0.00424533
0.00639131
0.000722279
0.003663
0.00161169
0.00329975
0.00731401
0.00276134
0.0021542
0.00265152
0.00040032
0.00286901
0.00188827
0.0010857
0.00166828
0.00315265
0.00123847
0.0041981
0.0011547
0.00146372
0.00156902
0.00263015
0.00105515
0.00150992
0.00129803
0.00100356
0.000452983
0.00086153
0.00083335
0.00159205
0.000986697
0.00154427
0.00029165
0.00115994
0.00135744
0.00103802
0.000693517
0.000803372
0.002041
0.00508732
0.00372683
0.00180626
0.00205943
0.00328047
0.00401062
0.0022607
0.00243066
0.00181606
0.00175456
0.00242429
0.00499285
0.00128041
0.00164287
0.00228086
0.00209441
0.00387954
0.0013325
0.00151996
0.00306617
0.00237188
0.00383045
0.00344401
0.00516019
0.00749649
0.00515257
0.00517274
0.00316825
0.00659565
0.00392431
0.00422106
0.00629027
0.00690991
0.00293112
0.0020549
0.00313568
0.00445184
0.00370523
0.00367194
0.00477301
0.00751477
0.00730591
0.00367085
0.00440419
0.00359919
0.0035875
0.00312016
0.00323401
0.0035652
0.00276882
0.00233878
0.00607628
0.00584053
0.00496344
0.00330745
0.00182702
0.00103351
0.00150896
0.00179376
0.000998137
0.00166731
0.00378249
0.00329448
0.00316346
0.00286413
0.00193888
0.00422958
0.00513327
0.00438392
0.00279725
0.00317643
0.00358788
0.00350279
0.0029887
0.00218117
0.00082468
0.00367594
0.00168499
0.00416458
0.00434274
0.00729919
0.00732103
0.00310648
0.00287763
0.00133315
0.00326309
0.00377622
0.00155506
0.00240197
0.00183122
0.000759422
0.00264336
0.0033574
0.00264794
0.0015661
0.00161145
0.00128697
0.0025624
0.0026978
0.00258133
0.00282253
0.00243067
0.00265538
0.00285474
0.00209869
0.00228244
0.00517914
0.00414443
0.00483423
0.00565078
0.0060619
0.00606023
0.00603283
0.00717148
0.0063987
0.0054302
0.00685439
0.00708093
0.00692154
0.00727809
0.00691104
0.00746427
0.00753049
0.00565856
0.00743562
0.00756076
0.00752677
0.00722194
0.00705543
0.00465646
0.00614506
0.00679714
0.00695709
0.00631911
0.00547863
0.00330012
0.000845396
0.00399832
0.0032407
0.00690707
0.0025702
0.00347505
0.00145611
0.00227685
0.00469203
0.00234956
0.00730064
0.00263546
0.00529044
0.00411137
0.00597208
0.00343325
0.000822741
0.00428701
0.00361557
0.00314101
0.00470334
0.00534438
0.00324354
0.00748069
0.00669983
0.00664541
0.00275597
0.00151979
0.00289051
0.000792389
0.00729292
0.00716611
0.0047288
0.00371665
0.00734985
0.00718907
0.00593718
0.00330124
0.00551845
0.0063209
0.00546158
0.00490714
0.00272361
0.00255104
0.00296717
0.0067002
0.00716043
0.00287206
0.00725627
0.000996063
0.00379077
0.0057633
0.00418635
0.00456051
0.00278139
0.00270187
0.00345885
0.00384057
0.00613099
0.00466365
0.00680686
0.0036369
0.00679158
0.00604457
0.00497703
0.00385878
0.00413358
0.00348618
0.00355824
0.00607132
0.00705165
0.00528292
0.00256577
0.00275874
0.00676944
0.00726754
0.00275847
0.00352
0.00256476
0.00733417
0.00530017
0.00258702
0.00312373
0.00116017
0.00702509
0.00404803
0.00757345
0.00743374
0.00491415
0.00573473
0.00729929
0.00536208
0.00545913
0.00350676
0.00750471
0.00293539
0.00227242
0.00409664
0.00343361
0.00730478
0.00226977
0.00206633
0.00735291
0.00197489
0.00109389
0.00344317
0.00444029
0.00663773
0.00513009
0.00360867
0.00625695
0.00516261
0.00731268
0.00521771
0.00700408
0.00747971
0.00738947
0.0023188
0.00495065
0.0037977
0.00732467
0.000344631
0.00218998
0.00171258
0.0017883
0.00447117
0.00528247
0.00705781
0.00686796
0.00420233
0.00366213
0.00496916
0.00366096
0.00586486
0.00696837
0.00662129
0.00145213
0.00688914
0.00395577
0.00500576
0.00605991
0.00572271
0.00272363
0.000518396
0.00288414
0.00123359
0.000349843
0.000590919
0.000533874
0.000645284
0.0064321
0.00325701
0.00389139
0.00249453
0.00344236
0.000590599
0.00199275
0.00197896
0.00050363
0.00144882
0.00165068
0.000633705
0.00125143
0.00501223
0.00222315
0.00442238
0.00687191
0.00373138
0.00536297
0.00643638
0.00421862
0.00732307
0.00292747
0.000184707
0.00189048
0.00177665
0.00419883
0.00144448
0.00160505
0.00267664
0.00368556
0.00701267
0.00740659
0.00746733
0.00608507
0.0058258
0.00709574
0.00747499
0.00631169
0.00726303
0.00701214
0.0068758
0.0063735
0.00694262
0.00375265
0.00191325
0.00285908
0.00714891
0.0021011
0.00739958
0.00133489
0.00729171
0.00742507
0.00585983
0.000592953
0.000408791
0.00221436
0.00457402
0.00648288
0.00603401
0.00453989
0.00265796
0.00575994
0.00164352
0.00742962
0.00729139
0.00754948
0.00528332
0.00750657
0.00326832
0.00383553
0.00318969
0.00737658
0.00178136
0.00670819
0.00698068
0.00681103
0.0072463
0.00680737
0.00707914
0.00716599
0.00336987
0.00527663
0.00533029
0.00180267
0.00353672
0.00556884
0.00510448
0.00319018
0.00737459
0.00709468
0.0062753
0.007288
0.0029288
0.0073172
0.00435144
0.00145173
0.000245487
0.00646532
0.00699779
0.00556884
0.00421597
0.0067109
0.000559101
0.00423422
0.000264157
0.00190968
0.00101794
0.00104636
0.00308434
0.000916175
0.00264985
0.007448
0.00745994
0.00139782
0.00743583
0.00233408
0.000583379
0.000582688
0.00337571
0.000484562
0.00177936
0.00064217
0.00346388
0.00757843
0.00413543
0.0050116
0.000595679
0.000673058
0.00104672
0.000742474
0.000878779
0.000333155
0.000570781
0.00396235
0.0060854
0.00336038
0.00580788
0.00241147
0.00382503
0.0062694
0.00446412
0.00191672
0.00745028
0.00190056
0.00588665
0.00613387
0.00198235
0.00534446
0.00065522
0.00281966
0.00728369
0.00350139
0.00554863
0.00439377
0.00441565
0.00396787
0.0049308
0.00446215
0.00412432
0.00378301
0.00679104
0.00697638
0.00629777
0.00725749
0.00182494
0.00744998
0.00622071
0.0018935
0.00535282
0.00361881
0.00662022
0.00278176
0.00723518
0.00306607
0.00471162
0.0011576
0.001041
0.00341385
0.00378153
0.00229374
0.00185793
0.00225781
0.0016978
0.00254396
0.00426507
0.00335567
0.00719565
0.00732104
0.00608297
0.00436837
0.0041248
0.00531563
0.00606415
0.0052913
0.00160221
0.00461481
0.00213018
0.00247427
0.00171831
0.00230288
0.000916821
0.00258757
0.00642704
0.00674114
0.00218668
0.00660146
0.0069738
0.00618768
0.00696243
0.00632455
0.00754253
0.00421578
0.00711627
0.00717566
0.00703842
0.00295435
0.00296322
0.00716951
0.00612864
0.00707726
0.00686167
0.00307581
0.00738868
0.00673909
0.00445265
0.00201918
0.000614573
0.002692
0.00545145
0.000189515
0.000761415
0.00261992
0.00159204
0.0027654
0.00325648
0.00528996
0.00668256
0.00365287
0.00555988
0.00170192
0.00147595
0.00494115
0.00717666
0.000870826
0.00317392
0.00179625
0.00468846
0.000985982
0.0017655
0.00218805
0.00147613
0.00474571
0.0030056
0.0020481
0.00172837
0.00356954
0.00494703
0.0037827
0.00448372
0.00535301
0.00547458
0.000881591
0.000167719
0.00349849
0.00462781
0.00266552
0.00452665
0.0033415
0.0051856
0.00203539
0.00281119
0.00269251
0.0027035
0.00277248
0.00326556
0.00244518
0.00242622
0.00165811
0.00158081
0.0016114
0.000932632
0.0073672
0.00736671
0.00391889
0.00724139
0.00291068
0.00198508
0.00101922
0.000932827
0.000657825
0.00732801
0.00331946
0.00612837
0.00611058
0.00364976
0.00666031
0.00596267
0.00684393
0.00615938
0.0065497
0.00746375
0.00244309
0.00174053
0.00600354
0.000803015
0.00293238
0.00250237
0.00157285
0.00493054
0.00378737
0.00680864
0.002672
0.00357013
0.00272812
0.00617687
0.00361397
0.0030921
0.00314192
0.00409914
0.00232345
0.00707779
0.00669752
0.00393758
0.00723528
0.00469322
0.00453336
0.00345418
0.000961506
0.00468783
0.00279636
0.0019896
0.0065511
0.00185833
0.00429691
0.000896946
0.00298547
0.00499667
0.00706298
0.00575318
0.0017426
0.00367086
0.000604645
0.00729132
0.0053179
0.00599283
0.000612939
0.0073755
0.000275468
0.000742074
0.000612283
0.00284827
0.00297114
0.00312456
0.00350439
0.00312679
0.000945339
0.00588548
0.000508086
0.00318458
0.00154175
0.00483425
0.00429895
0.00578674
0.00725497
0.0071915
0.00455215
0.00285728
0.00181244
0.00391942
0.00540081
0.00269101
0.00676219
0.00238213
0.00707309
0.00337091
0.00429072
0.00419945
0.00389348
0.00574964
0.0033624
0.00580226
0.00196159
0.00202351
0.00551895
0.00629345
0.00513035
0.00721367
0.00261769
0.00743724
0.00220122
0.00577045
0.00511388
0.00510978
0.00177179
0.00181283
0.00326302
0.00202753
0.00370381
0.00687865
0.00742332
0.00722594
0.00625768
0.00613342
0.00455849
0.0034846
0.00367699
0.00186347
0.00745731
0.00343484
0.0058637
0.00283766
0.00307713
0.0029296
0.00741964
0.00732968
0.00549003
0.00252287
0.00598762
0.00437189
0.00582616
0.00169559
0.00475004
0.00285401
0.000976161
0.000802517
0.000732035
0.00279826
0.00178148
0.002978
0.00665297
0.00388015
0.00149872
0.00497182
0.00318085
0.00740134
0.00104783
0.00310546
0.00132801
0.000412141
0.00604855
0.00715573
0.00285751
0.00143652
0.00170174
0.00134354
0.00167096
0.00348379
0.00134602
0.00268788
0.00215273
0.00198123
0.000910063
0.00247359
0.00106685
0.00185417
0.000468797
0.00157443
0.00271075
0.000519167
0.00186407
0.00128151
0.00173384
0.00160628
0.00248301
0.00510566
0.00465365
0.00279789
0.00124686
0.0047071
0.00313382
0.00199524
0.000694102
0.000768398
0.000585247
0.00297121
0.00151962
0.00233253
0.000810012
0.000294695
0.00399971
0.00227291
0.00251935
0.00426414
0.00272277
0.00131737
0.000333994
0.000802228
0.00642423
0.00505548
0.00367963
0.00306244
0.00654137
0.00706486
0.00416155
0.00329951
0.00258856
0.00273003
0.00676828
0.00205051
0.00740923
0.00314464
0.00555235
0.00354285
0.00145706
0.00177928
0.00746104
0.00543232
0.00247919
0.00745818
0.00607885
0.00186202
0.00230251
0.00021313
0.00223118
0.0052428
0.00726289
0.00266845
0.00712023
0.00271385
0.00130068
0.00688002
0.00714643
0.00667258
0.00727718
0.00726641
0.00211993
0.00130268
0.00208407
0.00413704
0.00445757
0.0023043
0.00747153
0.00747238
0.00392033
0.00747767
0.00585558
0.00285292
0.00742404
0.0015781
0.000833443
0.00209909
0.00394622
0.00442565
0.00358046
0.00536629
0.00218504
0.00309137
0.00247589
0.00169725
0.00299357
0.0035337
0.00284942
0.00276334
0.00291347
0.00340938
0.00480539
0.00329872
0.00481323
0.00442266
0.00476573
0.00458631
0.000978747
0.00390028
0.00406548
0.00661198
0.00295827
0.00326462
0.00418078
0.00322257
0.00193236
0.000830097
0.00147609
0.00748489
0.00399534
0.0029011
0.00242603
0.00231931
0.00741161
0.0074125
0.00739234
0.00647053
0.00609173
0.00304489
0.00144007
0.00129829
0.00106418
0.000414204
0.000951851
0.00242668
0.0031497
0.00243408
0.00591246
0.00177651
0.00232206
0.0051636
0.00350478
0.00353134
0.00300127
0.00168381
0.00652725
0.00416616
0.0036624
0.0060324
0.00491734
0.00612934
0.00248712
0.00735787
0.00143646
0.000651263
0.00749024
0.00747979
0.00750314
0.00755835
0.00256449
0.00740363
0.00196603
0.0052148
0.00463709
0.00163565
0.000459988
0.000953298
0.00231581
0.000497239
0.000531614
0.00134029
0.00121472
0.000258538
0.00221614
0.00217734
0.00245779
0.000304082
0.00434387
0.00155836
0.00425622
0.00086706
0.00115597
0.00245366
0.00248375
0.00159771
0.00133784
0.00446358
0.00416233
0.000792294
0.00107011
0.000288308
0.000256767
0.000156178
0.00107006
0.000960775
0.00191366
0.000261678
0.00215261
0.00205933
0.00520097
0.00397078
0.0072801
0.00707562
0.00742233
0.00478238
0.00426897
0.00268935
0.00545819
0.00215992
0.00716177
0.00307895
0.00517994
0.00553476
0.00734569
0.00569415
0.00184783
0.00571512
0.00137115
0.00349985
0.00642133
0.00752597
0.00729634
0.00538979
0.00533129
0.00644766
0.00747041
0.00411466
0.00487172
0.00531254
0.00129797
0.00203038
0.0053636
0.00743514
0.00508682
0.00261465
0.00218391
0.00198617
0.00744024
0.00523959
0.00399144
0.00714699
0.00376986
0.00219632
0.00438878
0.00539189
0.00143495
0.00554335
0.00531204
0.00276864
0.00565833
0.00335088
0.00499055
0.00396189
0.00179951
0.00693892
0.00300779
0.00664427
0.00528715
0.0075752
0.00719472
0.0049571
0.00699575
0.000682179
0.00164708
0.000773476
0.00171156
0.00738345
0.00715797
0.00509968
0.00754604
0.00745503
0.00686227
0.00731261
0.000669618
0.00136257
0.00738536
0.0071787
0.00750088
0.0014991
0.00571011
0.00463046
0.00728647
0.00419624
0.00268872
0.000219631
0.00471061
0.00136038
0.00299864
0.00212999
0.00191536
0.00739132
0.00749257
0.00750273
0.0014127
0.00742805
0.00744264
0.000767108
0.00135976
0.00354804
0.00225773
0.000927867
0.00019605
0.0072733
0.00726093
0.00733878
0.00722048
0.002483
0.00103791
0.0074215
0.00741796
0.00730481
0.00714697
0.00668791
0.0011701
0.00702968
0.00751984
0.00744904
0.0075717
0.00669492
0.00289664
0.00276994
0.00351225
0.00344048
0.00326147
0.00625134
0.00202209
0.00357372
0.00692698
0.00507861
0.00336179
0.00717225
0.00690343
0.00663594
0.00450687
0.00297916
0.00500742
0.00445212
0.00403228
0.00291558
0.00366456
0.00382083
0.00547285
0.00593418
0.00563494
0.00263791
0.00730498
0.00717763
0.00124282
0.00645872
0.000407555
0.00470533
0.00430726
0.00153626
0.000437839
0.000741272
0.00074947
0.00522913
0.00216097
0.00536706
0.00180584
0.000435874
0.00266287
0.000886388
0.00120033
0.000835777
0.00160458
0.00365638
0.000612497
0.0032392
0.00284113
0.000505612
0.000824222
0.000827392
0.0040072
0.00330471
0.00396441
0.00370795
0.00144116
0.00131359
0.00120329
0.00265599
0.00137546
0.00288143
0.00547372
0.00271313
0.00168263
0.00571902
0.00572014
0.00245476
0.0034777
0.00514901
0.00302421
0.00471764
0.00232691
0.00321165
0.00333402
0.00186465
0.00264679
0.00611512
0.00313188
0.00272255
0.00265018
0.0028183
0.00530649
0.00251009
0.00458838
0.00321745
0.00334679
0.00288224
0.00437984
0.00435893
0.00450235
0.00346295
0.00424938
0.00352487
0.00181105
0.00255596
0.00213803
0.00210882
0.00357154
0.00285096
0.0014368
0.00670087
0.00131836
0.000954603
0.00270183
0.00447882
0.00314738
0.00690689
0.00706434
0.00660537
0.00356454
0.00426221
0.00456018
0.00232994
0.0027889
0.00190795
0.00182256
0.00749531
0.00557448
0.00580523
0.00531964
0.00733815
0.00672036
0.00577877
0.00470462
0.00603524
0.00378138
0.00196335
0.00367963
0.00417306
0.00603731
0.00363524
0.00475776
0.00431055
0.00316957
0.00212455
0.00712943
0.00199828
0.00731514
0.00725456
0.00478824
0.00433722
0.004611
0.00446579
0.00290537
0.00463047
0.00524391
0.00615067
0.00403383
0.00266433
0.00567183
0.00719208
0.00707585
0.00686564
0.00432004
0.00374066
0.00395036
0.0056252
0.00322947
0.00341121
0.00293036
0.00355278
0.00513678
0.00688349
0.00303931
0.00442016
0.00723702
0.00620846
0.00390145
0.00273543
0.00305942
0.00416949
0.00324569
0.00614645
0.0022816
0.00435703
0.0029252
0.00243904
0.00608012
0.00661057
0.00654421
0.00658322
0.00624117
0.00653567
0.00703813
0.0014325
0.00233344
0.00130093
0.00253346
0.00188224
0.00102593
0.00223434
0.00337739
0.00355043
0.00203026
0.00303482
0.000164417
0.00210555
0.00484223
0.00350631
0.00493914
0.00372143
0.00530875
0.00164885
0.00380318
0.00558268
0.0035864
0.0045039
0.00617815
0.00531991
0.00385776
0.00249751
0.00671099
0.00679531
0.00730617
0.00677098
0.00295433
0.00568501
0.00266158
0.00360911
0.000858032
0.00285644
0.00382251
0.00436741
0.00332546
0.00278351
0.00354025
0.00508469
0.0029987
0.00127529
0.00389992
0.00573634
0.00436625
0.00537116
0.00305228
0.00323948
0.00358876
0.00433096
0.0031648
0.00218332
0.00199697
0.00496266
0.00288422
0.00453283
0.00708756
0.00721835
0.00657612
0.00471598
0.00241284
0.00636057
0.00424665
0.00676148
0.0037674
0.00731203
0.00729731
0.00306144
0.00137683
0.0021369
0.00637566
0.00182182
0.00370286
0.00516748
0.0046867
0.00678241
0.00139994
0.00521127
0.00207041
0.00744491
0.0072902
0.00415368
0.0050089
0.00220015
0.00270831
0.0073551
0.00732832
0.00691627
0.00721321
0.00250335
0.00507587
0.0051686
0.00518435
0.00551078
0.0040065
0.00364398
0.00613368
0.00668333
0.00750043
0.00193539
0.00370426
0.0048038
0.00384384
0.00665917
0.00300929
0.00566179
0.00350991
0.00311183
0.00194485
0.00233428
0.00584412
0.00348409
0.0029213
0.00170696
0.0023335
0.00465256
0.00423335
0.00739679
0.00712
0.00671055
0.00714136
0.00713428
0.00603518
0.00633594
0.00291883
0.00351074
0.00263715
0.00374667
0.00318843
0.0073356
0.00373949
0.00694974
0.00233636
0.0032314
0.00345443
0.00367672
0.00271198
0.000387215
0.00344318
0.000773649
0.000555307
0.00252458
0.00191061
0.00728323
0.00710476
0.00374209
0.00734564
0.00412205
0.00535229
0.00413253
0.00426409
0.00628127
0.00153151
0.00198977
0.00211498
0.007207
0.00221739
0.000792023
0.00728025
0.00441046
0.00090413
0.00265115
0.00348941
0.00208694
0.00431607
0.00280778
0.00329685
0.00336374
0.0018152
0.00175518
0.000154749
0.00212944
0.00170616
0.00159491
0.00358664
0.00665075
0.00730956
0.0074499
0.00171384
0.000851692
0.0024499
0.00281402
0.00415537
0.00254427
0.00136374
0.00736165
0.00491625
0.001863
0.00336437
0.00403847
0.000159686
0.0052214
0.00621307
0.00724096
0.00729094
0.00726432
0.00709684
0.00749824
0.00739261
0.00249726
0.00744623
0.00373803
0.00725683
0.00122371
0.00163119
0.00290435
0.00345985
0.00153619
0.00559847
0.0036679
0.00743189
0.00412433
0.00342799
0.00294952
0.00152991
0.00632678
0.00362467
0.000529566
0.000949699
0.00250894
0.00357052
0.00247133
0.00330783
0.0037896
0.00752422
0.00743657
0.0025986
0.00453059
0.00376473
0.00703477
0.00619649
0.00374444
0.00675479
0.00737567
0.00562482
0.00648459
0.00657902
0.00741479
0.00683741
0.00495226
0.00573102
0.00334408
0.00356768
0.00239491
0.00570863
0.00654943
0.00644923
0.00461476
0.00341456
0.0014505
0.00202065
0.00171288
0.00752695
0.00622559
0.00199951
0.00437669
0.00520226
0.00113041
0.0016872
0.000312481
0.000739021
0.000221929
0.0074255
0.00200543
0.00038833
0.00249247
0.00515653
0.00303384
0.00083371
0.00614416
0.000321955
0.00632652
0.00532861
0.00730655
0.00696144
0.00646005
0.00679172
0.00716139
0.00245668
0.00166366
0.000993587
0.00733167
0.00257438
0.00407608
0.00637107
0.00363505
0.00259124
0.000953112
0.00214323
0.0064889
0.00289727
0.00575007
0.00711317
0.00732678
0.00374567
0.00199103
0.00739509
0.00358914
0.00231184
0.0056935
0.0036428
0.00637516
0.00347891
0.00736768
0.00477693
0.00232808
0.00712277
0.00602184
0.00242321
0.00377148
0.0073859
0.00419961
0.00443454
0.00339999
0.00146919
0.00179376
0.00317466
0.00451136
0.00377045
0.00318402
0.00154489
0.00432851
0.00163682
0.00291826
0.00487286
0.00514384
0.00718779
0.0054503
0.00366448
0.0047583
0.00534087
0.00263771
0.00521504
0.00431799
0.00190341
0.00159661
0.00535849
0.00544817
0.00604101
0.00735165
0.00418576
0.00283265
0.00177941
0.00362667
0.00723146
0.0019259
0.00516641
0.00305127
0.00407734
0.00733519
0.0052996
0.00559333
0.00587421
0.00544919
0.00249308
0.00374415
0.00351591
0.00508418
0.00464882
0.00371923
0.00187932
0.00311687
0.00367242
0.00343768
0.00296003
0.00517667
0.0043171
0.00268102
0.00388676
0.00688335
0.00637524
0.00689115
0.006527
0.00631661
0.00710809
0.00728726
0.00205714
0.0040422
0.00313144
0.00221478
0.00197749
0.00282449
0.00389634
0.00488619
0.00054203
0.00210003
0.00150054
0.00139228
0.00167194
0.00522547
0.000521773
0.000863338
0.00175402
0.000819281
0.000477495
0.00237249
0.00190028
0.00189927
0.00330085
0.00680121
0.00107004
0.00306155
0.00338605
0.00459089
0.00335498
0.000704774
0.00301752
0.00437777
0.00418934
0.00473627
0.0044784
0.00275189
0.0041894
0.00277868
0.00270056
0.00304601
0.00315816
0.005628
0.000835067
0.00137472
0.000746446
0.000677858
0.00147379
0.000249042
0.000965459
0.00124147
0.00242478
0.00409567
0.00108839
0.00145356
0.00263017
0.000969899
0.0014983
0.000980552
0.000834653
0.00139566
0.00167479
0.00106949
0.00103698
0.000561293
0.00174446
0.00147533
0.00556143
0.00658692
0.00706877
0.00642671
0.00717846
0.00723285
0.00712941
0.0072141
0.000850322
0.00155062
0.002769
0.00504795
0.00379659
0.00524082
0.00442015
0.00555275
0.00531116
0.00575975
0.00267251
0.00460329
0.00589773
0.0057743
0.00262457
0.00523099
0.00663634
0.00529275
0.00700476
0.00710905
0.00372665
0.00324757
0.00664101
0.00360247
0.00498492
0.00183061
0.0071047
0.00307392
0.00143314
0.000950336
0.00347572
0.00335414
0.00304829
0.00223151
0.00746793
0.00654158
0.00675979
0.00241496
0.00746108
0.00546437
0.00234334
0.00548152
0.00126711
0.00139629
0.00344083
0.00333018
0.00360045
0.00739903
0.00242166
0.000502139
0.000379953
0.0012609
0.00756637
0.00227203
0.00242931
0.00271641
0.00179016
0.00065131
0.00190348
0.00586749
0.00645317
0.00280358
0.000815029
0.00186736
0.000820398
0.00734279
0.000683229
0.00600931
0.00720091
0.00734648
0.00546696
0.00718219
0.00716848
0.00642389
0.00346193
0.00424476
0.00451009
0.00437061
0.00200242
0.00509661
0.0049869
0.0044963
0.00323277
0.00386537
0.00695351
0.00356584
0.00179993
0.00374964
0.00715972
0.00674407
0.00738015
0.00716946
0.00740859
0.00365769
0.00209919
0.00198556
0.00155663
0.000969182
0.00390636
0.00536703
0.00272733
0.00720828
0.00735503
0.00574704
0.00319085
0.00212107
0.00179938
0.00169853
0.00732848
0.000318522
0.00217887
0.000857228
0.00146409
0.0067874
0.00717815
0.00409831
0.00516825
0.00699847
0.00719008
0.00529502
0.00743253
0.00726853
0.00714063
0.00709239
0.00407116
0.00251357
0.00355827
0.00242506
0.00316937
0.00361349
0.00244172
0.00637253
0.00737009
0.00722403
0.00542856
0.00681788
0.00743188
0.00407296
0.0048411
0.00573011
0.00294472
0.00436246
0.00474694
0.00481996
0.00544823
0.00334085
0.00411603
0.00295657
0.00627506
0.00515611
0.00758854
0.00575208
0.00363655
0.00495399
0.00271638
0.0053548
0.00527201
0.00705805
0.0069597
0.00627899
0.00724052
0.00423061
0.00504121
0.00516342
0.00438377
0.00413707
0.00179592
0.00199737
0.00541027
0.00591675
0.00242981
0.0045307
0.000911027
0.00685653
0.00359869
0.00243502
0.0025984
0.00469328
0.00678959
0.00188628
0.00569066
0.00644786
0.00166014
0.000556308
0.00507323
0.00448889
0.00264604
0.00438543
0.00393434
0.00284191
0.00209596
0.00235915
0.00331901
0.0070308
0.00297408
0.00672231
0.00742437
0.00734425
0.00742202
0.00736911
0.00582967
0.00686412
0.00737935
0.00735153
0.0071273
0.00664133
0.00729276
0.00556001
0.00316904
0.00359319
0.00335498
0.00586248
0.00195574
0.0025611
0.00426287
0.00601993
0.00481376
0.00165175
0.00613045
0.00133
0.0072048
0.00329914
0.00364001
0.00536725
0.00464667
0.00477278
0.00368122
0.00332268
0.00142205
0.00356779
0.00496415
0.00315936
0.00602152
0.00741832
0.00309877
0.00588929
0.00643871
0.00746745
0.0074378
0.00718416
0.00740155
0.0068685
0.00152307
0.000830006
0.00199406
0.00216529
0.00454499
0.00405109
0.00183918
0.00238026
0.00160133
0.00121053
0.00065405
0.00148853
0.00225251
0.00659617
0.00533045
0.00438023
0.00735727
0.00208448
0.00360083
0.00719879
0.00503816
0.00735997
0.000183543
0.000725954
0.00619163
0.00706982
0.00198353
0.00604778
0.0068355
0.0025016
0.00495499
0.00203739
0.00692362
0.00620037
0.00588321
0.000539565
0.000905162
0.000712018
0.000813644
0.00393909
0.00743513
0.00684095
0.00681735
0.00668991
0.00164929
0.00728565
0.00690978
0.00730807
0.00503777
0.00716243
0.00716707
0.00569657
0.00605693
0.00728373
0.00642464
0.00268994
0.00539165
0.00179989
0.000377601
0.00040521
0.00629541
0.000998813
0.000241409
0.00745238
0.0018856
0.000204057
0.000801421
0.000205016
0.000918025
0.00228616
0.00296112
0.000776825
0.000139796
0.00339375
0.00703567
0.00587191
0.000161874
0.000426033
0.00487248
0.00588745
0.00389419
0.00585574
0.00742062
0.00477263
0.00681714
0.00734926
0.0074479
0.00740118
0.00745775
0.00192854
0.00448606
0.00734365
0.00728323
0.0064664
0.00730257
0.00550366
0.0032974
0.00628552
0.00647075
0.00519045
0.00630729
0.00719103
0.00704476
0.0041791
0.00718995
0.00682177
0.00708063
0.00421563
0.00344749
0.00713462
0.00735924
0.00722135
0.00552142
0.000915205
0.00748473
0.00375478
0.00597324
0.00342591
0.00301902
0.00163635
0.00121972
0.00738527
0.00641597
0.00749884
0.00407976
0.00690008
0.00757354
0.00455446
0.00645283
0.00727448
0.00742828
0.00742779
0.00701101
0.00685886
0.000209408
0.00337057
0.00291596
0.00416048
0.00371397
0.00646917
0.00197945
0.00531617
0.00400068
0.00308497
0.00613355
0.00347611
0.00616338
0.00131802
0.0035071
0.00147452
0.00580402
0.00726657
0.00263003
0.00354652
0.00428039
0.00565248
0.00296438
0.00484653
0.00746683
0.00749883
0.00371918
0.00467
0.00743728
0.0073772
0.00654581
0.00318538
0.00351643
0.0037806
0.00703131
0.00513959
0.00736929
0.00668648
0.00723354
0.00712783
0.0072691
0.00717052
0.00726846
0.00281431
0.00671633
0.00725913
0.00602401
0.00539858
0.00507249
0.00475308
0.00442301
0.00644044
0.00355232
0.00355951
0.00462895
0.00528541
0.00255064
0.00472602
0.00213695
0.00447478
0.00741443
0.00542569
0.00384475
0.00551649
0.00551311
0.00675503
0.00642651
0.000751488
0.00654368
0.0066501
0.00403134
0.00248361
0.0028457
0.0028481
0.00494706
0.00537529
0.00443146
0.00525718
0.00745681
0.00673093
0.00349561
0.0073686
0.00723481
0.00741207
0.00747946
0.0036418
0.00704682
0.00677386
0.00345482
0.00708227
0.00341507
0.00492286
0.00554634
0.00716899
0.00462316
0.00447556
0.00745341
0.0074387
0.00678012
0.00747303
0.00675562
0.00476058
0.00467565
0.00435827
0.00425441
0.00361396
0.00260977
0.00339344
0.00373512
0.00308425
0.00712266
0.00529374
0.00169227
0.00697649
0.00645526
0.00376442
0.00335539
0.00605977
0.00414982
0.000666114
0.00604915
0.000623595
0.000505971
0.00260733
0.000481836
0.00561247
0.00474295
0.00676477
0.00054774
0.00209261
0.00190831
0.00200981
0.00235874
0.00421701
0.00540882
0.00306406
0.00437848
0.00378235
0.000735659
0.00142486
0.00337064
0.00222629
0.000833647
0.00256089
0.00264982
0.00324412
0.0024643
0.00304909
0.00159132
0.00105314
0.000969179
0.00346825
0.00213076
0.00275493
0.00528218
0.00182444
0.000350572
0.00248079
0.000939559
0.00149107
0.00152261
0.00110508
0.00645627
0.000126691
0.000977312
0.00694688
0.0035166
0.00548885
0.00610179
0.00392763
0.00580365
0.00300828
0.00448769
0.00360473
0.00734653
0.00724273
0.00659247
0.00698931
0.00730822
0.00196703
0.00242385
0.00261424
0.00186396
0.00146422
0.000731689
0.00524247
0.00526093
0.00681648
0.00650909
0.00379628
0.00154209
0.00714945
0.00407812
0.00663846
0.00584058
0.00684036
0.00727011
0.00703229
0.00379677
0.00268181
0.0039736
0.00495238
0.00509732
0.00527318
0.00563379
0.00256971
0.00134915
0.00298025
0.00202334
0.00140157
0.000774653
0.00143751
0.00357405
0.00646052
0.00724606
0.00546316
0.00294963
0.00526285
0.00178159
0.00662615
0.0046564
0.00615495
0.00196418
0.00604565
0.00649364
0.00675884
0.00471175
0.0055183
0.00379819
0.00732402
0.00715385
0.00311568
0.006722
0.00491639
0.00597077
0.00343449
0.00314349
0.00620272
0.00505184
0.00533148
0.00748703
0.00447061
0.00264966
0.00721054
0.00728162
0.0073461
0.00735238
0.00731788
0.0068461
0.00726789
0.00689906
0.00633867
0.00452075
0.00533063
0.00492086
0.00351481
0.000857841
0.00747977
0.00297351
0.00740402
0.00369246
0.000210444
0.00565483
0.00416506
0.00486892
0.00629287
0.00429907
0.00494094
0.00501451
0.00514159
0.00526223
0.00540824
0.00405806
0.001873
0.00444211
0.00454672
0.00433282
0.00551277
0.00637578
0.00721922
0.00701423
0.003281
0.00357766
0.00305098
0.00401071
0.00204414
0.00260834
0.00179365
0.00201809
0.00734087
0.00272522
0.00248632
0.00311024
0.00445267
0.00563847
0.0073409
0.00331215
0.00534398
0.00273185
0.00318497
0.00562962
0.00597697
0.00205515
0.00122112
0.00319394
0.00595955
0.00717123
0.00630575
0.00741782
0.00553579
0.00440678
0.00637132
0.000199735
0.00729173
0.00745131
0.00718341
0.00749924
0.00743458
0.00746187
0.0021793
0.00246784
0.00755748
0.00552923
0.00504615
0.00266868
0.00411885
0.00029256
0.000954951
0.00579737
0.000645939
0.00583483
0.00371946
0.00729526
0.0057174
0.00669955
0.00241651
0.00729182
0.00728756
0.0072798
0.00587011
0.00728291
0.0072826
0.00696106
0.00672041
0.00596327
0.00591724
0.00552253
0.00592457
0.00745159
0.00741781
0.00165695
0.00561894
0.00438298
0.00636077
0.00722962
0.00367002
0.0062054
0.00163636
0.00466269
0.00432986
0.00270354
0.00537642
0.00475602
0.00315238
0.00276895
0.00743689
0.00189932
0.00503688
0.00266931
0.00105962
0.00172704
0.00290992
0.00158175
0.00178518
0.00143323
0.00247863
0.00510126
0.00367015
0.00514746
0.0044755
0.00355459
0.00175555
0.000739757
0.00205906
0.00193117
0.00128957
0.00463872
0.00135922
0.00148351
0.00151621
0.000956158
0.00544386
0.00210357
0.00369416
0.00736169
0.000824214
0.00100468
0.00728646
0.00731749
0.00391825
0.00258736
0.00288293
0.00106484
0.00604643
0.00249257
0.0052185
0.00056301
0.00549683
0.00133547
0.0037055
0.00385672
0.00400239
0.00288652
0.00155889
0.00194343
0.00618935
0.00537793
0.00345218
0.00173491
0.00107106
0.00127423
0.00313001
0.00455824
0.00213829
0.00191053
0.00371365
0.00238236
0.00220658
0.00254704
0.00548709
0.00166395
0.00178521
0.00585049
0.000404353
0.00731092
0.0073464
0.00452184
0.00694817
0.00498256
0.00486881
0.00623545
0.00549594
0.00527809
0.0047076
0.00423166
0.00531705
0.00262759
0.00423198
0.00218595
0.000572202
0.00638873
0.00497878
0.00598713
0.00571581
0.00382094
0.00335363
0.00532914
0.00746058
0.00170947
0.00650342
0.00308402
0.00473115
0.00193016
0.00405495
0.00738265
0.00741361
0.0043479
0.00347791
0.00586907
0.00748756
0.000669168
0.00412912
0.000829997
0.00665687
0.00362936
0.00645004
0.000303614
0.00486508
0.00681067
0.00164807
0.00374096
0.00157423
0.00389983
0.00462388
0.00442706
0.0033544
0.00504136
0.003821
0.00373086
0.00361785
0.00243668
0.00677332
0.000558842
0.00654868
0.00618514
0.00416813
0.00517934
0.00309109
0.00485323
0.0056728
0.00660656
0.00716402
0.00706864
0.00514187
0.00323419
0.00279
0.00324634
0.0037441
0.00472887
0.00503611
0.000882802
0.00159302
0.00590593
0.00131393
0.00321959
0.00121546
0.0035251
0.00256509
0.0017027
0.0028887
0.00430808
0.00259129
0.00312271
0.00755119
0.0075498
0.00520583
0.00495479
0.00320354
0.00207421
0.00563921
0.00316336
0.00682375
0.0048332
0.00509158
0.00530797
0.00396661
0.00586308
0.00682947
0.00403678
0.00262976
0.00342964
0.00470152
0.00431204
0.00199579
0.00254742
0.00346372
0.00453279
0.00709987
0.00239861
0.00380745
0.00345395
0.00236408
0.00411336
0.00302625
0.00171429
0.00453597
0.00474266
0.00441539
0.00543042
0.0022746
0.00102702
0.00290047
0.00315271
0.00494653
0.00233022
0.00192919
0.00100016
0.00185881
0.00137254
0.00648928
0.00640415
0.00319398
0.00327952
0.00301484
0.00696799
0.00347869
0.00342917
0.00738685
0.00228853
0.00152218
0.00745535
0.00305563
0.00165311
0.00497151
0.00252984
0.00423954
0.00450786
0.0029162
0.00533342
0.00478841
0.00333849
0.00562393
0.00373827
0.00649632
0.0024019
0.00627613
0.00685424
0.00557609
0.00487283
0.00677542
0.00437529
0.00385356
0.00642892
0.00717353
0.0067724
0.0022622
0.00598811
0.0030869
0.0035548
0.00470089
0.00690555
0.00655191
0.0030094
0.00749437
0.00642655
0.00329184
0.00214974
0.00391183
0.00331973
0.00275245
0.00665326
0.00325828
0.00376887
0.00121653
0.0042923
0.0022226
0.00278267
0.00556144
0.00677486
0.00750529
0.00278551
0.00231158
0.00369075
0.0044094
0.00680225
0.00667928
0.00560071
0.00215379
0.00219706
0.00249556
0.00609022
0.00485168
0.00740939
0.00287167
0.00316659
0.00280586
0.0017371
0.00309059
0.00312527
0.0046819
0.00399245
0.0062905
0.00643162
0.000640796
0.00217571
0.00712958
0.00432842
0.00694977
0.00715971
0.00455533
0.00453515
0.00467213
0.00727945
0.00364589
0.00324878
0.00714589
0.00704039
0.00711238
0.0062986
0.00745997
0.00739228
0.00494853
0.00289005
0.00172882
0.00561524
0.00732542
0.00383402
0.00388931
0.00720656
0.00742076
0.00725264
0.00738554
0.00568995
0.0040556
0.00315519
0.00288558
0.00215157
0.00282493
0.00206964
0.00105068
0.00699131
0.00396207
0.00301038
0.00194722
0.00642048
0.00747373
0.00287579
0.00742168
0.00115349
0.00177063
0.00296448
0.00285611
0.00141447
0.00167713
0.00498507
0.00187249
0.00161951
0.00245207
0.00204428
0.00124462
0.00331792
0.0034249
0.00345427
0.00153505
0.000257593
0.000626828
0.00155011
0.00168778
0.00121044
0.00111441
0.000629609
0.00261397
0.000737819
0.000486995
0.00154668
0.000659513
0.000495919
0.0036661
0.00376886
0.00378727
0.00460748
0.00188103
0.00166479
0.00378879
0.00203094
0.00592617
0.00408682
0.0058458
0.000586293
0.001543
0.00130421
0.00173181
0.0017686
0.00110156
0.00110689
0.00161722
0.00153695
0.000236882
0.00105743
0.00528049
0.00560181
0.00369964
0.0023804
0.00149191
0.0017602
0.00284193
0.00253006
0.004316
0.00616624
0.00464968
0.00662846
0.005534
0.00479266
0.00455005
0.00543056
0.00618795
0.00461387
0.000567302
0.00307834
0.00602558
0.00443359
0.00550903
0.00458362
0.00471595
0.00688175
0.00701772
0.007401
0.0023415
0.00404699
0.0029442
0.0050383
0.00517151
0.00749413
0.00442979
0.00289408
0.00748616
0.00747163
0.0067208
0.00575978
0.00151843
0.00148339
0.00182222
0.00315974
0.00373234
0.00206191
0.000767909
0.000712803
0.00389367
0.00346115
0.00512787
0.000621055
0.000367529
0.00604183
0.00560184
0.00647369
0.00341924
0.007425
0.0026707
0.00533567
0.00490633
0.00387973
0.000768763
0.0046875
0.00533603
0.00435937
0.00518551
0.00678036
0.00657892
0.00733119
0.00102911
0.00326123
0.00619227
0.00623564
0.0046214
0.00460335
0.00728042
0.00636959
0.00745351
0.00740115
0.00709332
0.00733606
0.0033214
0.00301425
0.00192377
0.00266522
0.00169391
0.0039136
0.00301163
0.00127072
0.00667527
0.00382055
0.00361965
0.0033258
0.00396431
0.00385931
0.00579563
0.002907
0.00643108
0.00515711
0.00519229
0.00654194
0.0032402
0.00287266
0.00264973
0.00313076
0.00674108
0.00538565
0.00505151
0.00346934
0.00346233
0.00253085
0.00350469
0.00235335
0.00677918
0.00359769
0.00575
0.00272173
0.0017628
0.00322443
0.00175368
0.00270782
0.00285258
0.00571596
0.00204997
0.00251789
0.000930216
0.0036826
0.000548244
0.00051019
0.000431719
0.000807012
0.000984641
0.000161071
0.000805293
0.00417696
0.0043996
0.0012235
0.00351486
0.0053242
0.00101421
0.00457348
0.0065779
0.00492074
0.0069146
0.000934901
0.000718009
0.000580076
0.000275523
0.00185232
0.0011564
0.00168946
0.00140892
0.00738515
0.00696886
0.0074825
0.00546398
0.00527196
0.00359323
0.00548454
0.00682243
0.0063122
0.007326
0.00392994
0.00735976
0.00739868
0.00713107
0.00733309
0.0063994
0.00370398
0.00631357
0.00528917
0.00669691
0.00744995
0.00717945
0.00751565
0.00407242
0.00310105
0.00383357
0.00542204
0.00530405
0.00340484
0.00659461
0.00359137
0.00406775
0.00246603
0.00482978
0.00403629
0.00706438
0.00624044
0.00519496
0.00300512
0.00605894
0.00465247
0.00247444
0.00612801
0.00727757
0.00715208
0.00724426
0.00334216
0.00254858
0.0013508
0.00326004
0.00519314
0.00682884
0.00709639
0.00723325
0.00595023
0.00724704
0.00714786
0.00715095
0.00203588
0.00495891
0.000634086
0.00152872
0.00151225
0.00559919
0.00114412
0.00537531
0.00613873
0.00493164
0.00535939
0.00532952
0.00361034
0.00202484
0.002442
0.00285117
0.000152654
0.00269713
0.00469735
0.00499063
0.00362194
0.00550312
0.00646422
0.00398491
0.00695348
0.0072646
0.0069845
0.00599957
0.00735809
0.0045062
0.00534782
0.00725203
0.00571284
0.00398809
0.00260677
0.00255633
0.00263629
0.00476976
0.00214367
0.00395531
0.00369101
0.00512273
0.00449831
0.00151045
0.00262574
0.00591355
0.00207002
0.00555368
0.00717509
0.00310042
0.00083245
0.00129182
0.00154226
0.00135811
0.000900917
0.00528672
0.00425419
0.00267262
0.00566021
0.00241636
0.00520394
0.00553097
0.00235608
0.000463206
0.00203889
0.00122828
0.00181536
0.00346739
0.00433317
0.00597933
0.00240283
0.00114255
0.00421211
0.0033679
0.00325665
0.00404514
0.00200442
0.00178628
0.000990197
0.00139456
0.00149656
0.000969445
0.00233343
0.00297276
0.00345603
0.00320699
0.0050298
0.00295389
0.00337797
0.00110046
0.00107553
0.00555256
0.00634797
0.00662622
)
;

boundaryField
{
    outlet
    {
        type            calculated;
        value           nonuniform List<scalar> 0();
    }
    walls
    {
        type            nutkWallFunction;
        blending        stepwise;
        value           nonuniform List<scalar> 
146
(
0.000308141
0.000304146
0.000297082
0.000293256
0.000287595
0.000283606
0.000296728
0.000295273
0.000354199
0.000280186
0.000300414
0.000268944
0.000502279
0.000289943
0.000283961
0.000352764
0.000307558
0.000302497
0.000403059
0.000320323
0.000451648
0.000445084
0.000372462
0.00036753
0.00033442
0.000329793
0.00044855
0.000304493
0.000388635
0.00033768
0.000331858
0.000310202
0.000304842
0.000269806
0.000283065
0.000277411
0.000314112
0.000321406
0.000330042
0.000318096
0.000322352
0.00031723
0.000331374
0.000393251
0.000327542
0.000389462
0.000396918
0.000326398
0.000316772
0.000374222
0.000311511
0.000313962
0.000390352
0.000393634
0.000312816
0.000481072
0.000385643
0.000336891
0.000375948
0.000379813
0.000401289
0.000375768
0.000275489
0.000247852
0.000279592
0.000405306
0.000407528
0.000334697
0.000330443
0.000309246
0.000279167
0.000267431
0.000328876
0.000240672
0.000201592
0.00020918
0.000304469
0.000285308
0.000213314
0.000279222
0.0003004
0.000209199
0.000188241
0.000199351
0.000207544
0.000199963
0.00021066
0.000193163
0.000212584
0.000194869
0.000209592
0.00020955
0.000213954
0.000212904
0.000208635
0.000170843
0.000200507
0.00022307
0.000233311
0.000174523
0.000178977
0.000305864
0.000314434
0.00031009
0.000386159
0.00038208
0.000391267
0.000387645
0.000374505
0.000370998
0.000387089
0.000383009
0.000391081
0.000318566
0.000257377
0.000275142
0.000271048
0.000335709
0.000253244
0.00043722
0.000363457
0.00035891
0.000365758
0.000458677
0.000374453
0.000370373
0.000370129
0.000404616
0.000381516
0.000375864
0.000429628
0.000408633
0.000425953
0.000427436
0.000404035
0.000412934
0.00042323
0.000343845
0.00033926
0.00049403
0.000369983
0.000400352
0.000542828
0.000364968
0.000374791
0.000536957
)
;
    }
    inlet
    {
        type            calculated;
        value           nonuniform List<scalar> 0();
    }
    model
    {
        type            nutkWallFunction;
        blending        stepwise;
        value           nonuniform List<scalar> 
73
(
0.000116206
9.78633e-05
0.000113631
9.61395e-05
8.22593e-05
9.68037e-05
5.83749e-05
5.86577e-05
4.80847e-05
5.80031e-05
7.12254e-05
4.77043e-05
7.10684e-05
0.000106195
0.000103712
9.73294e-05
9.62464e-05
0.000129177
0.000106026
0.000115838
8.70929e-05
8.6035e-05
0.00011561
0.000128323
0.000127677
0.000126273
0.000119552
0.000102076
8.5527e-05
5.62353e-05
0.000101599
5.67208e-05
5.51889e-05
5.69464e-05
5.80212e-05
0.00012676
0.000119014
0.000113951
0.00013098
0.000106115
0.000104375
9.52706e-05
0.00012293
0.000101056
0.000104265
0.000103511
0.000118315
9.03667e-05
0.000114412
0.000127261
0.000133126
0.000103079
0.000129567
0.000110834
0.000126728
0.000112363
0.000136855
9.21803e-05
8.66407e-05
8.62135e-05
9.51424e-05
6.8513e-05
6.9097e-05
7.78407e-05
0.000105126
9.88759e-05
0.000104958
0.000104153
7.8051e-05
7.69692e-05
6.8746e-05
9.51132e-05
8.58593e-05
)
;
    }
    procBoundary11to6
    {
        type            processor;
        value           nonuniform List<scalar> 
128
(
0.00681867
0.00687671
0.00402884
0.00325761
0.00489702
0.00347461
0.00265449
0.00645012
0.00656206
0.0017501
0.00276394
0.00493657
0.00319424
0.00236077
0.00716067
0.00745423
0.00332248
0.00152215
0.00332164
0.00136182
0.00589033
0.00741256
0.00354412
0.000344456
0.000284972
0.000680858
0.00324034
0.00737506
0.00275693
0.00611835
0.000789733
0.00680317
0.00503327
0.00481706
0.00688205
0.00193585
0.00229809
0.000941358
0.00120816
0.00146992
0.0012998
0.00163691
0.00104703
0.00398103
0.00368415
0.00316551
0.00385937
0.00420163
0.00313391
0.00715366
0.00101186
0.00675133
0.00662364
0.00387291
0.004894
0.0025642
0.00743395
0.00360227
0.0073897
0.00489521
0.00665428
0.001626
0.0030291
0.000883206
0.00393411
0.0071923
0.00745735
0.00369225
0.0025705
0.00615007
0.000848276
0.00480836
0.00369913
0.00597119
0.00159075
0.00549945
0.00302491
0.00548975
0.00382971
0.00745624
0.00724406
0.0052413
0.00463175
0.00298454
0.00740997
0.00330453
0.00355899
0.00711533
0.00530023
0.0061501
0.00425251
0.00590248
0.00660914
0.00469239
0.00733862
0.000170429
0.00127474
0.00345514
0.00248881
0.000860649
0.00721921
0.00493083
0.00534646
0.00730426
0.00664436
0.00595052
0.00515549
0.00645785
0.00694988
0.00748468
0.00721015
0.00725694
0.00698565
0.00649269
0.00701193
0.00524681
0.00514304
0.00324646
0.00629316
0.00630884
0.00651604
0.00241467
0.00164774
0.00245805
0.00530699
0.00176769
0.00121147
0.00679709
)
;
    }
    procBoundary11to8
    {
        type            processor;
        value           nonuniform List<scalar> 
46
(
0.00508437
0.00207654
0.00467921
0.00181858
0.0022084
0.00118379
0.00111442
0.00438001
0.00154861
0.00395074
0.00446721
0.00163486
0.00208202
0.00261394
0.00339414
0.00190316
0.00565549
0.00103961
0.00325187
0.00144883
0.00397983
0.0041431
0.00497574
0.00437174
0.00352866
0.00321124
0.00396944
0.00217534
0.00174725
0.00181402
0.00326497
0.00443552
0.00155172
0.00386618
0.00493109
0.00353818
0.00363693
0.00114008
0.00250829
0.00233526
0.00321124
0.00396285
0.00354716
0.00318274
0.00362892
0.00109521
)
;
    }
    procBoundary11to9
    {
        type            processor;
        value           nonuniform List<scalar> 
138
(
0.0056184
0.00377127
0.000241625
0.00609197
0.00732698
0.00464309
0.00586521
0.00537859
0.00208853
0.000827051
0.00439436
0.000270816
0.00110372
0.00115222
0.00367042
0.00581315
0.00291618
0.00700197
0.00529454
0.00680363
0.00179747
0.00701718
0.0055632
0.00731173
0.00148845
0.00416736
0.00105395
0.000572467
0.00527205
0.00190806
0.00284458
0.00115407
0.00144766
0.00181758
0.00209554
0.00619757
0.00299561
0.00293282
0.00460482
0.00408362
0.00122387
0.000455279
0.000951088
0.00335884
0.00141773
0.00368776
0.00557602
0.00552012
0.00590463
0.000645323
0.00720273
0.00442255
0.002296
0.00300597
0.00431614
0.000837721
0.00205751
0.00512667
0.00340332
0.00590817
0.0013258
0.00212569
0.00189133
0.000339797
0.00744788
0.000650879
0.00229166
0.00596119
0.00106815
0.00236938
0.000895406
0.00735044
0.000199725
0.000659977
0.001867
0.00309858
0.00288718
0.00116834
0.000745461
0.000356627
0.00324395
0.00128068
0.00246241
0.00505246
0.00423173
0.00291582
0.00126066
0.000820663
0.000283178
0.00618748
0.00690459
0.00124743
0.000562758
0.00486688
0.0072888
0.00164665
0.00667481
0.00704842
0.00704842
0.00709564
0.00480902
0.00619759
0.0056673
0.00269577
0.00639587
0.00496262
0.00138688
0.00727526
0.00121273
0.00302552
0.00286363
0.00116229
0.00199192
0.000562537
0.00516462
0.00242625
0.00639587
0.00336691
0.000637454
0.000425695
0.00172525
0.00205552
0.000580394
0.000332115
0.00697496
0.00666539
0.00580591
0.00429189
0.000262031
0.000351753
0.00128289
0.000488079
0.00317823
0.00323985
0.00302937
0.00336929
0.00146126
0.00557606
)
;
    }
    procBoundary11to10
    {
        type            processor;
        value           nonuniform List<scalar> 
265
(
0.00482813
0.00653109
0.00631206
0.00205828
0.00236654
0.000850153
0.000892835
0.000892835
0.00520431
0.00258571
0.00684538
0.00565387
0.00227881
0.00478944
0.00116384
0.00197915
0.00241289
0.00300419
0.00326555
0.00353875
0.00175455
0.00202901
0.00708827
0.00523587
0.000350469
0.00228185
0.00531215
0.00257354
0.00271216
0.00696918
0.00400351
0.00265252
0.00387494
0.000365919
0.000972653
0.0032849
0.00548848
0.00432499
0.00320187
0.00448628
0.00352269
0.00390764
0.0053405
0.00530068
0.00420481
0.00411125
0.0022116
0.00282582
0.00113394
0.0017011
0.00341731
0.00591552
0.00233663
0.00426775
0.00204165
0.00151364
0.00151364
0.00288215
0.00231493
0.00222568
0.00522116
0.00224381
0.00334742
0.00697043
0.0069957
0.00676776
0.00444684
0.0065231
0.000417332
0.00467476
0.00467476
0.00289232
0.00443213
0.00533449
0.00159212
0.000953816
0.00252798
0.00315567
0.0022431
0.00277546
0.00317129
0.00183354
0.000128842
0.00235853
0.00252798
0.00156362
0.004726
0.00081453
0.00392576
0.00686231
0.00667763
0.00650785
0.000755137
0.00436233
0.0017278
0.00478184
0.00263484
0.00397765
0.000809214
0.00453195
0.00712002
0.00298775
0.00517165
0.000460736
0.000834397
0.00269993
0.00554545
0.0042937
0.00102401
0.00111182
0.00348776
0.00116432
0.00667763
0.00115702
0.00250307
0.00333737
0.00481268
0.00657083
0.00280622
0.00414394
0.00145124
0.00684702
0.00555549
0.00426488
0.0028757
0.00195327
0.000680773
0.00366475
0.00619049
0.00136971
0.00163446
0.000474106
0.00151855
0.00481268
0.00409442
0.00358025
0.00137124
0.00413281
0.000485946
0.0053158
0.00416729
0.0036983
0.00205463
0.00403476
0.00649791
0.00509806
0.00416515
0.00311609
0.00606084
0.00575778
0.00655732
0.00525736
0.00390183
0.00664202
0.00249567
0.00164627
0.00488353
0.000737759
0.00717946
0.00458438
0.00376401
0.00212847
0.00576667
0.00170483
0.00478458
0.00124763
0.00152232
0.00102172
0.000811003
0.00207336
0.00257695
0.00212726
0.00208813
0.000996385
0.00414023
0.00414023
0.000694208
0.000647822
0.00596061
0.00288171
0.00601405
0.00440329
0.00441435
0.00446401
0.00210557
0.00350173
0.00421673
0.00703287
0.00527571
0.00126038
0.00327194
0.00663221
0.00388559
0.00703087
0.00701634
0.00363766
0.00511739
0.00412852
0.00486899
0.00302371
0.00143345
0.00283533
0.00258289
0.0069017
0.00115423
0.000807687
0.00330502
0.00361622
0.00327665
0.00663034
0.00647751
0.0038379
0.00570326
0.0034905
0.00510029
0.00318115
0.00593026
0.000797336
0.00575778
0.00212075
0.000776444
0.0069957
0.00682029
0.00478944
0.0016477
0.00274931
0.00158948
0.00137661
0.00171231
0.000518054
0.00191943
0.00694654
0.00594646
0.00292441
0.0029187
0.00215764
0.00333595
0.00556199
0.00237976
0.00507151
0.00399609
0.00244778
0.00376155
0.00498178
0.00374319
0.000433019
0.00248649
0.0016464
0.000399972
0.00465155
0.0062794
0.00215632
0.0053533
0.00682029
0.00458585
0.00439282
0.00618148
0.00169396
0.000991446
0.00108403
0.00033377
0.00157405
0.00413237
0.00580645
0.00354783
)
;
    }
}


// ************************************************************************* //
