/*--------------------------------*- C++ -*----------------------------------*\
| =========                 |                                                 |
| \\      /  F ield         | OpenFOAM: The Open Source CFD Toolbox           |
|  \\    /   O peration     | Version:  2506                                  |
|   \\  /    A nd           | Website:  www.openfoam.com                      |
|    \\/     M anipulation  |                                                 |
\*---------------------------------------------------------------------------*/
FoamFile
{
    version     2.0;
    format      ascii;
    arch        "LSB;label=32;scalar=64";
    class       volScalarField;
    location    "0.0625936";
    object      nut;
}
// * * * * * * * * * * * * * * * * * * * * * * * * * * * * * * * * * * * * * //

dimensions      [0 2 -1 0 0 0 0];

internalField   nonuniform List<scalar> 
3926
(
0.00345764
0.00723683
0.00096158
0.000744397
0.00102542
0.000545101
0.000422278
0.000304812
0.00120288
0.000444534
0.000790167
0.00333255
0.00724919
0.00228748
0.00369939
0.00705324
0.00254834
0.00598978
0.000897908
0.00432873
0.00080454
0.00103799
0.000807766
0.00248023
0.00199203
0.00108817
0.000697466
0.00066413
0.000849827
0.0012649
0.00177451
0.0012742
0.00200742
0.0030793
0.00257708
0.00274395
0.00100232
0.00146058
0.00316883
0.00386372
0.000697077
0.000344549
0.00203998
0.00457391
0.0045978
0.00100576
0.00173489
0.00225604
0.000828223
0.00112973
0.000880864
0.00093424
0.00154059
0.00040353
0.00277666
0.00121455
0.000657857
0.000878755
0.00116427
0.000727764
0.00345737
0.00214954
0.000280485
0.00123547
0.00125667
0.00124029
0.00124942
0.00119536
0.00135507
0.000586902
0.0018363
0.00697591
0.00203922
0.00600094
0.00392867
0.000492696
0.0031883
0.000662531
0.00111535
0.00390428
0.00115181
0.00104832
0.000671319
0.000719434
0.00340334
0.00315791
0.00457138
0.00279925
0.00148096
0.00310068
0.00399453
0.00109246
0.000844004
0.00137479
0.00135238
0.000519479
0.00300353
0.00329314
0.000963709
0.00228555
0.00117212
0.00142299
0.00141391
0.00153685
0.000537169
0.000671947
0.00173129
0.00254887
0.00177985
0.00214248
0.00105423
0.001178
0.00173783
0.00129413
0.00635585
0.0010613
0.0010629
0.00720146
0.000357753
0.000560727
0.00480091
0.00477338
0.00350321
0.00143664
0.00143703
0.000908743
0.00197637
0.00184
0.000824664
0.000863503
0.00105332
0.00173304
0.00169578
0.00200248
0.000713729
0.000307409
0.000533974
0.000359303
0.000336444
0.000922186
0.00373362
0.00498364
0.00131206
0.00078024
0.00211187
0.00102842
0.00130826
0.000622935
0.00166924
0.001247
0.00102501
0.000899691
0.00133195
0.00102222
0.000949846
0.000611824
0.00120327
0.000605839
0.00093678
0.000675666
0.00122878
0.00128606
0.00140941
0.00118177
0.000704952
0.00206048
0.00299353
0.00734473
0.00222043
0.000694628
0.000461645
0.00370799
0.00606675
0.00408817
0.00135414
0.00268545
0.00148716
0.000947624
0.000563471
0.00127185
0.000273947
0.0038771
0.00103637
0.00312799
0.0069488
0.00102811
0.00112266
0.0020444
0.000904982
0.000758872
0.000657532
0.0015464
0.000731303
0.00229946
0.00169299
0.00387174
0.00214163
0.00201539
0.00256219
0.000384832
0.00117454
0.000321363
0.000866986
0.00176264
0.00160075
0.000596496
0.00287537
0.000501823
0.00125843
0.00607718
0.00716423
0.00233203
0.00108452
0.00286341
0.00345682
0.000947963
0.00278775
0.000779243
0.000795899
0.00114697
0.00332751
0.00172434
0.00261094
0.00104446
0.005236
0.000801677
0.000267419
0.00096259
0.00684444
0.00312294
0.00327832
0.00112766
0.00321473
0.00197647
0.00112662
0.000984121
0.00357156
0.000914878
0.000820502
0.00153555
0.00143673
0.00210389
0.00169124
0.000818999
0.00707954
0.00112113
0.000887777
0.0010284
0.00473822
0.000240854
0.000351269
0.000244495
0.00063889
0.000811406
0.00203559
0.000640634
0.000793198
0.00103909
0.00163254
0.000397045
0.000341849
0.000559173
0.00167977
0.000769146
0.000899674
0.00444938
0.00636665
0.00105621
0.0011605
0.000819973
0.000662521
0.00056622
0.00243976
0.00183884
0.00105949
0.000691766
0.006739
0.00147796
0.00412732
0.00394066
0.000609653
0.000812214
0.00325472
0.00205485
0.0025235
0.00183151
0.00105268
0.00173606
0.000531563
0.000557108
0.000549871
0.00716372
0.00204246
0.00190053
0.00725845
0.000974936
0.00226884
0.00123821
0.00142423
0.000388398
0.000665515
0.000709887
0.00197024
0.000782786
0.00221222
0.00184034
0.000452153
0.00502673
0.0021449
0.000373138
0.00118942
0.000988076
0.000824231
0.00395865
0.00160866
0.00450119
0.00144305
0.00413056
0.000847641
0.00412743
0.00221846
0.00427442
0.000385177
0.000974785
0.000850366
0.00125066
0.00155448
0.00097955
0.00111157
0.0019581
0.00105915
0.00316522
0.00572239
0.00726208
0.00430989
0.00721897
0.00131396
0.00104067
0.0011192
0.000934479
0.00129501
0.000651495
0.00482873
0.00582493
0.00174648
0.00353498
0.00101176
0.00112812
0.000908448
0.000949587
0.000405319
0.000803634
0.000751002
0.000901794
0.000466901
0.00142066
0.000579095
0.000528896
0.00400804
0.00593904
0.00185452
0.00706741
0.00353724
0.00422975
0.00149165
0.00059789
0.00185044
0.0031497
0.000734997
0.00371702
0.00237386
0.00416459
0.00046512
0.00282243
0.00228924
0.00132656
0.00105286
0.0021336
0.000952389
0.00122436
0.00364507
0.0025572
0.00100846
0.00104566
0.00138017
0.00251529
0.00086695
0.002322
0.00208484
0.00386229
0.000418034
0.00244243
0.000602461
0.00157657
0.00167634
0.00389207
0.00121596
0.00725566
0.00104554
0.00480555
0.00377112
0.00399224
0.001916
0.00368619
0.000793853
0.00081762
0.00097868
0.00388866
0.00395125
0.00270813
0.00306609
0.000592427
0.000828732
0.000933061
0.00184399
0.0019497
0.00152374
0.0014748
0.00180763
0.00637924
0.0036222
0.00344307
0.00138313
0.000750295
0.00133216
0.00392795
0.00127719
0.00668612
0.00398217
0.00501876
0.00109519
0.00352726
0.00285858
0.00197337
0.00518369
0.00340318
0.00109222
0.00557031
0.000821492
0.00259288
0.00148684
0.000472219
0.000327062
0.00344542
0.00103541
0.000717348
0.000652765
0.00146566
0.00302955
0.00711792
0.000396839
0.0014176
0.00313928
0.00041299
0.00322876
0.00125419
0.00125839
0.00457658
0.00480624
0.00218783
0.00285343
0.00087194
0.00304954
0.00155362
0.00161959
0.00219962
0.00185514
0.00058797
0.00128249
0.00415069
0.00222773
0.00352621
0.00506496
0.005203
0.00111693
0.000905148
0.00201943
0.0012928
0.00441848
0.000617894
0.000773432
0.00354355
0.00726012
0.00160713
0.00643733
0.00303947
0.000365852
0.000819335
0.00107196
0.000457498
0.00150568
0.000572604
0.00119347
0.000879269
0.00336992
0.00269295
0.00202286
0.00245268
0.000929491
0.000853075
0.00101137
0.00149843
0.00102127
0.000913528
0.00085423
0.00146687
0.00180542
0.00138566
0.00401165
0.0016541
0.00108329
0.00105338
0.000355227
0.00103772
0.000716319
0.000772744
0.000308882
0.000779147
0.000198507
0.00120957
0.000563793
0.000440955
0.00131748
0.000498029
0.000249054
0.0012024
0.000967284
0.00126127
0.00127134
0.000677601
0.00365271
0.00314073
0.00203526
0.00702982
0.00162112
0.00151252
0.000619969
0.00048759
0.00223606
0.00347627
0.00240638
0.00168478
0.000467782
0.000985176
0.000884704
0.00113803
0.00172564
0.00392759
0.00420875
0.00343692
0.00354934
0.00384217
0.000618041
0.00528124
0.00459407
0.000601298
0.000776784
0.000616427
0.000469372
0.000884911
0.00196176
0.0011013
0.00389731
0.0023895
0.00187414
0.00186023
0.00135016
0.00148524
0.00184664
0.000856962
0.0013178
0.00196959
0.00250909
0.00324276
0.00333737
0.00208819
0.000967352
0.00184818
0.00141988
0.00308744
0.000877745
0.0018587
0.000889322
0.00131235
0.000993844
0.0010221
0.00033271
0.00258298
0.00270031
0.0035528
0.000890635
0.00405923
0.000828347
0.00144648
0.000301106
0.00444464
0.000703009
0.00033995
0.0005703
0.00095442
0.000767163
0.00156857
0.00157043
0.00258357
0.00723152
0.00697607
0.00142333
0.000560253
0.000688476
0.000490703
0.000634888
0.000897471
0.000725226
0.00187325
0.00424931
0.00273533
0.00704977
0.00333287
0.00693685
0.00526822
0.00595704
0.000597082
0.000920542
0.00158054
0.00139399
0.00154898
0.00212727
0.00139538
0.00127435
0.00315094
0.00501124
0.00135778
0.00227281
0.00233519
0.000756033
0.00308577
0.00254618
0.00250184
0.00320385
0.00152986
0.00179221
0.00347763
0.00245741
0.00126626
0.00168189
0.00140118
0.000960733
0.000875134
0.00089999
0.000735555
0.00251966
0.000961729
0.000948568
0.00117585
0.0026603
0.000970986
0.00342377
0.00420309
0.00407371
0.000898383
0.000985578
0.00404106
0.003168
0.00282389
0.00122157
0.00115608
0.00113708
0.000339702
0.0010893
0.00377827
0.00130872
0.00736655
0.00712739
0.00129212
0.00149567
0.00185498
0.00089257
0.00126233
0.00233318
0.00103794
0.00214407
0.0019765
0.000880875
0.000721396
0.00111625
0.00201967
0.00298996
0.0038664
0.0072317
0.00713466
0.000772551
0.00116773
0.000535497
0.000960405
0.000919994
0.00409324
0.00477083
0.0067121
0.00187412
0.00289055
0.00289339
0.00309873
0.00380553
0.00264766
0.0019887
0.00298118
0.00225166
0.00106425
0.000966465
0.00246475
0.00494236
0.00254184
0.00410294
0.00218626
0.00719648
0.00202006
0.00282809
0.00117279
0.000822338
0.00107787
0.00161159
0.0017003
0.00285918
0.00205157
0.0038826
0.00394047
0.00718454
0.00726005
0.00705845
0.00111564
0.00568618
0.00336452
0.00175623
0.00242493
0.00437205
0.00129754
0.00267539
0.00357338
0.0036392
0.00374047
0.0049253
0.00486544
0.00101641
0.00371686
0.00440372
0.00338764
0.0058554
0.00614877
0.00516625
0.00709902
0.00727639
0.00728035
0.00719854
0.00715122
0.00344049
0.00423316
0.000484402
0.0010664
0.000938587
0.00218037
0.00126697
0.00214512
0.00243642
0.00133933
0.000662793
0.000982495
0.000581148
0.000687496
0.00117746
0.000317197
0.00637098
0.000948901
0.00119716
0.00254823
0.00376854
0.00240761
0.00110565
0.00404036
0.00490959
0.00112843
0.0038998
0.00142119
0.00110807
0.00115111
0.00704222
0.00401581
0.00305654
0.00235234
0.00279193
0.00410644
0.00246545
0.00654234
0.00426371
0.000757675
0.00234168
0.00276128
0.00419383
0.00590952
0.00242211
0.000863557
0.00123605
0.00382231
0.00161271
0.00324745
0.00102746
0.000320068
0.000424961
0.00151417
0.00299472
0.00115556
0.00429393
0.00188111
0.00149297
0.0048525
0.000838488
0.00352041
0.00710096
0.00254966
0.00328762
0.00359281
0.000818317
0.000838589
0.000587901
0.0031339
0.00126356
0.0014227
0.00388437
0.000293771
0.00216971
0.00116666
0.00717573
0.00704462
0.000703625
0.00094948
0.000869557
0.000939082
0.00710513
0.0027053
0.00715016
0.000440596
0.00172928
0.00600092
0.00087663
0.00204952
0.00265448
0.00322769
0.00102342
0.00330038
0.00240235
0.00238564
0.00391386
0.000527476
0.00498513
0.00226347
0.000380291
0.000519067
0.00201175
0.000850586
0.00108743
0.00193825
0.00045116
0.00422241
0.00328929
0.00174053
0.000596222
0.00190472
0.00152632
0.00474875
0.000493103
0.000426161
0.00030526
0.000892164
0.000827287
0.00117835
0.00272637
0.00117854
0.00175384
0.0014991
0.00211115
0.000709297
0.000954144
0.00284575
0.00386482
0.0010591
0.00325474
0.000740865
0.00154138
0.00137546
0.0012368
0.00319582
0.00338238
0.00620478
0.0034647
0.0037248
0.00169643
0.00666328
0.00236311
0.00151021
0.00679324
0.00182458
0.000514806
0.000450981
0.000548491
0.00126993
0.00250238
0.00537082
0.00338139
0.00178854
0.000517502
0.00210938
0.00133523
0.00026526
0.0072539
0.00357122
0.00554386
0.00168549
0.000761991
0.00112319
0.0017149
0.00103337
0.00303641
0.00486209
0.00377549
0.00100499
0.00419538
0.00224295
0.000561469
0.00125425
0.000648162
0.00124098
0.000986876
0.000828793
0.000328609
0.00160921
0.00288025
0.00253365
0.00135747
0.00402448
0.000878377
0.000177435
0.00383522
0.00732894
0.00544843
0.00641459
0.00535603
0.00399885
0.0016098
0.00176587
0.00229909
0.000318494
0.000549933
0.00104728
0.00306504
0.00091832
0.000325272
0.00050076
0.000500492
0.00215771
0.00256383
0.00435712
0.00198606
0.00205615
0.00137533
0.00109551
0.00118941
0.000998582
0.00138075
0.00169
0.00256144
0.000784627
0.00125139
0.00141695
0.000870313
0.00267686
0.00381384
0.00282989
0.00145196
0.00264824
0.00443733
0.00104063
0.00222425
0.00225341
0.00212138
0.00438455
0.000927696
0.00244167
0.00606152
0.00333476
0.00329287
0.000342486
0.000934899
0.00113607
0.00104298
0.000574243
0.000762063
0.000744798
0.00282531
0.00246863
0.00378661
0.000806173
0.00285678
0.00512788
0.000477866
0.00175528
0.00151291
0.00196124
0.00348222
0.00322555
0.000645757
0.00212073
0.00239649
0.00210226
0.000801607
0.00379123
0.00209092
0.00475928
0.00201352
0.00242966
0.00492378
0.00224038
0.000462147
0.00181585
0.00138383
0.000220462
0.000524674
0.00306034
0.00217781
0.000961021
0.00421388
0.00469239
0.00462838
0.00717407
0.000800607
0.00284633
0.00172195
0.000826763
0.00166126
0.000306817
0.0007576
0.00110056
0.00228175
0.000368451
0.00269875
0.0015067
0.000971044
0.00102559
0.00518849
0.00112449
0.00289445
0.00101571
0.00132316
0.00167317
0.00192936
0.000847016
0.000869074
0.0014245
0.00408874
0.00068704
0.000659092
0.000736298
0.00329956
0.00116566
0.000470742
0.000879187
0.00363456
0.00355245
0.00367549
0.00517256
0.00557899
0.000438866
0.00460388
0.00475394
0.00156739
0.00291069
0.00101034
0.00299739
0.00332565
0.0047235
0.00106457
0.00230631
0.00128455
0.0032885
0.00422776
0.00710469
0.00367781
0.00629203
0.00726251
0.00699405
0.00345926
0.00341785
0.00358642
0.000722255
0.00390831
0.00590203
0.00309839
0.00585493
0.00732533
0.00168037
0.00663074
0.00287525
0.0073122
0.00726942
0.00511622
0.00522337
0.000177136
0.000877239
0.00386816
0.000771415
0.0031669
0.00369331
0.00615811
0.00257143
0.00206613
0.00489052
0.000566925
0.00108669
0.000594108
0.0022753
0.00206904
0.00108049
0.00183861
0.00345707
0.00131694
0.002116
0.0033082
0.00150942
0.000947202
0.00123406
0.00357723
0.00340876
0.000633391
0.000947053
0.00135117
0.00102948
0.00423784
0.00197544
0.00106529
0.00153227
0.000752834
0.000924276
0.00182373
0.000186469
0.000959782
0.00124518
0.00047984
0.0025013
0.00379201
0.000392855
0.000945469
0.00262338
0.00108234
0.00089738
0.000897198
0.0013016
0.00207867
0.00158205
0.00105612
0.00107158
0.000758511
0.00546558
0.000152756
0.00329429
0.00219807
0.000670574
0.00190069
0.0033661
0.000665554
0.0001537
0.000749399
0.000438092
0.000665852
0.00135593
0.00077044
0.000244502
0.000643477
0.00114887
0.000353423
0.000916096
0.000897977
0.00113275
0.002644
0.00152006
0.00418481
0.00562029
0.000972589
0.000362062
0.00051555
0.000364239
0.000610284
0.000393669
0.00109597
0.000298173
0.0025409
0.00344793
0.00352035
0.00248653
0.00539956
0.0019515
0.00240664
0.00127942
0.00177775
0.00122515
0.00263494
0.00528997
0.000728427
0.00114836
0.00135246
0.00143649
0.000934909
0.00192172
0.00059137
0.000826372
0.000145041
0.00528312
0.0019209
0.0070527
0.00163527
0.00214032
0.000791527
0.00179284
0.00193348
0.00218784
0.00116663
0.000410499
0.000486014
0.000357331
0.000522978
0.000389537
0.00047762
0.000555718
0.000357785
0.00190024
0.00284
0.00237949
0.0037478
0.00223542
0.00717026
0.00378813
0.00405275
0.00182986
0.00272503
0.00364015
0.00424993
0.00481448
0.000667172
0.00632033
0.00630761
0.00697061
0.00612517
0.00176236
0.00305412
0.000601248
0.00140417
0.00166704
0.00154909
0.00144762
0.00126811
0.00182176
0.00387376
0.00315083
0.00169577
0.00132565
0.000728809
0.000695562
0.00599723
0.0016838
0.00228313
0.00488122
0.00105087
0.00128944
0.00365438
0.00446233
0.00107415
0.0012984
0.00338911
0.000805101
0.00180748
0.00168325
0.000963904
0.00137248
0.000968588
0.001074
0.00125525
0.0012168
0.00169498
0.00177838
0.00361048
0.00250719
0.00128926
0.000581753
0.00268278
0.00164896
0.00092647
0.00339618
0.000365998
0.000847283
0.0020824
0.000912689
0.00162066
0.000570997
0.00129332
0.00108234
0.000923954
0.00106834
0.000786925
0.000333985
0.00172018
0.00240711
0.00125058
0.00215672
0.00067417
0.00213385
0.0010292
0.00564959
0.00710552
0.00718657
0.00596802
0.000938112
0.000998505
0.00241133
0.00349818
0.00597715
0.00099629
0.00125323
0.000949935
0.00400306
0.00226226
0.000763404
0.00280888
0.000325717
0.000844336
0.000745848
0.000328316
0.000483865
0.000632672
0.00209783
0.0033389
0.00110184
0.0040069
0.00329398
0.0035829
0.00433405
0.00144131
0.00359553
0.00211734
0.000916996
0.00211862
0.000944111
0.00111074
0.00275736
0.00340707
0.00207996
0.0056797
0.00274718
0.00125123
0.00299267
0.00188523
0.00211448
0.00181184
0.00292602
0.0011939
0.00178027
0.00059377
0.00233358
0.00439162
0.00368093
0.00730931
0.00368242
0.00287839
0.00183092
0.00142308
0.0010919
0.00247207
0.00208903
0.000813985
0.00163689
0.00656023
0.001794
0.00720856
0.000591385
0.000764904
0.00134849
0.00162051
0.00410194
0.00263463
0.000699419
0.00193451
0.00114997
0.000392425
0.00150534
0.000619649
0.000944722
0.00143026
0.00208442
0.00592633
0.00591857
0.000458468
0.00250031
0.00566924
0.00546451
0.00214784
0.00147568
0.0012602
0.00650846
0.0017919
0.00624569
0.00120779
0.000925752
0.000138552
0.00273495
0.000558109
0.00214067
0.000201937
0.00693418
0.00554813
0.00332625
0.00375796
0.00601401
0.00731362
0.00433659
0.00208746
0.0039894
0.00130092
0.00168402
0.00111538
0.00170711
0.000796021
0.00210587
0.00170984
0.00486708
0.00255115
0.00053266
0.0023574
0.00349027
0.00374779
0.000330957
0.000282576
0.00205523
0.000892935
0.000815749
0.00159787
0.00100569
0.00072385
0.000816125
0.00119626
0.00110051
0.000660754
0.0019536
0.000699906
0.00657614
0.0014473
0.000896377
0.000764888
0.000521679
0.000777937
0.00105207
0.00145813
0.00132957
0.00243532
0.00348887
0.0046651
0.00125055
0.000494629
0.000711776
0.00174765
0.00455648
0.002981
0.00173411
0.00491465
0.00151175
0.00296289
0.00238565
0.000481877
0.00101229
0.0030546
0.000821906
0.00116905
0.000974513
0.000972324
0.00254492
0.000756079
0.000439597
0.00695827
0.00180865
0.00389532
0.003542
0.000825547
0.00121923
0.000897064
0.00214525
0.0013966
0.0012579
0.00362043
0.00167753
0.00182675
0.00142093
0.00247805
0.000912939
0.000729986
0.00299191
0.00715008
0.00261851
0.00176663
0.00343397
0.000882375
0.00304765
0.00375871
0.000601743
0.00101803
0.00106653
0.000341057
0.00222722
0.00184302
0.00400179
0.00327573
0.00463963
0.00153173
0.00190373
0.00198716
0.00107693
0.00377579
0.00479286
0.00328965
0.00461721
0.00116662
0.00434174
0.00278436
0.00344546
0.00320254
0.00118425
0.0021052
0.00060034
0.0020777
0.00564547
0.00584856
0.00443977
0.00306114
0.00411261
0.00134926
0.000898997
0.00082741
0.00124331
0.00103466
0.000956039
0.00128742
0.00174623
0.00156269
0.00291091
0.000381801
0.00140126
0.00183042
0.000900294
0.00319926
0.000412888
0.0015894
0.00108318
0.0018226
0.00221328
0.000465167
0.00185951
0.00502576
0.00136999
0.00131362
0.000467254
0.00132634
0.00132728
0.00087913
0.00255919
0.000938988
0.00289325
0.000955626
0.000995761
0.000767722
0.00413508
0.000912625
0.00173607
0.00073644
0.00192343
0.000241824
0.00127723
0.000948378
0.00273559
0.00143352
0.000871385
0.00101737
0.000637867
0.000261534
0.00176914
0.00579453
0.000975865
0.000408361
0.0021615
0.00177165
0.00101825
0.000844856
0.000801023
0.00132481
0.00322463
0.00282806
0.00323922
0.000848306
0.00065135
0.000950351
0.00185242
0.000440093
0.00165341
0.000851115
0.00235587
0.0028879
0.00190118
0.00516846
0.0024903
0.00101427
0.00304385
0.00254402
0.00271297
0.00166818
0.00306378
0.00478735
0.00222214
0.00182607
0.00133624
0.00167003
0.00169761
0.00119692
0.00100563
0.00120342
0.000900014
0.000927403
0.000775098
0.000780844
0.00194223
0.00723666
0.00296493
0.0016836
0.00437179
0.00452233
0.00203231
0.000514108
0.00057081
0.000494322
0.00344154
0.00041571
0.00155299
0.00097677
0.0007792
0.00118852
0.000309893
0.000532524
0.000851307
0.000165475
0.000176513
0.000395172
0.000775384
0.000373941
0.00293443
0.00171348
0.00332032
0.0011025
0.00130322
0.000838606
0.00232693
0.0014187
0.000367465
0.000808121
0.000829468
0.00127451
0.00101704
0.00100933
0.00108621
0.000641059
0.00116198
0.000613134
0.00184448
0.000451766
0.00151572
0.0018357
0.0035889
0.000661147
0.00115845
0.000977703
0.00077447
0.00136168
0.00034638
0.000470585
0.00075333
0.00108424
0.000961968
0.000945942
0.00434448
0.000517113
0.00152033
0.000951945
0.000544651
0.000914657
0.00023489
0.000691583
0.000989045
0.00179956
0.0027889
0.00171257
0.00212835
0.00369671
0.00214398
0.00131675
0.00176982
0.00083847
0.00113608
0.00123151
0.00109537
0.000511277
0.000590991
0.000709228
0.00384813
0.000929953
0.000453168
0.000607858
0.000209164
0.00708434
0.000303826
0.00036613
0.000169217
0.00176758
0.00591445
0.000681072
0.00183798
0.00136629
0.000560153
0.00101472
0.00133323
0.00516777
0.00314115
0.00368611
0.00177309
0.00125033
0.00171692
0.00136791
0.00462555
0.00243146
0.00245054
0.000923768
0.000484102
0.000769923
0.000909058
0.000791479
0.00120075
0.00193948
0.00252205
0.001999
0.00176883
0.00115239
0.00104875
0.00116056
0.00125974
0.00100867
0.000956549
0.00361393
0.00669624
0.000606163
0.00227686
0.006323
0.00113011
0.000102305
0.00193169
0.000911362
0.00252345
0.00134888
0.00104601
0.000905024
0.00280388
0.00104546
0.00708731
0.00534572
0.00112162
0.00118895
0.000311939
0.000716999
0.000638098
0.000617971
0.000707576
0.00079577
0.000301304
0.00191302
0.00124141
0.00136585
0.00148428
0.00105903
0.000494479
0.00645897
0.00599893
0.00324974
0.00379601
0.00408552
0.00305416
0.000738981
0.00370834
0.00127872
0.0060557
0.000900569
0.000950788
0.000233728
0.00130905
0.00131745
0.000788863
0.000962312
0.00138191
0.0010054
0.00141405
0.00151616
0.000479569
0.00342063
0.00118822
0.00152782
0.00310501
0.00397078
0.00348397
0.00104614
0.00136016
0.00214933
0.00169686
0.000969798
0.00305918
0.000645065
0.00119613
0.000589441
0.00200315
0.00224767
0.00157629
0.00107697
0.0026471
0.00132022
0.000907608
0.00306411
0.00133571
0.00252158
0.00206612
0.00219513
0.00345506
0.00338468
0.0071444
0.00106111
0.00237853
0.00159455
0.00379007
0.00312558
0.0045492
0.00170363
0.00274834
0.000230875
0.00139015
0.00128557
0.000638789
0.00105392
0.00219042
0.00157402
0.00118912
0.00283536
0.00364036
0.00376253
0.00193291
0.00319067
0.00459421
0.00565892
0.0054585
0.0073079
0.00695876
0.00177935
0.00110416
0.0019576
0.00183772
0.00118355
0.00155615
0.000771979
0.00086247
0.00085018
0.00217836
0.00220636
0.00160703
0.000255164
0.00027829
0.00019549
0.00103447
0.00116964
0.000516512
0.00215654
0.00445465
0.00299182
0.00156875
0.00112559
0.00162494
0.00202202
0.00490995
0.00132908
0.000756543
0.00318533
0.00311995
0.000829778
0.00278852
0.00247311
0.000304737
0.00371675
0.00197378
0.00371268
0.0035816
0.00246729
0.00333318
0.000158619
0.00261755
0.00063905
0.000841342
0.00165276
0.00611592
0.00511051
0.00717848
0.000903458
0.00108248
0.00347928
0.00645228
0.00237775
0.00438468
0.0013802
0.0023196
0.00182736
0.00110696
0.00115449
0.00114205
0.00258754
0.00209249
0.000331999
0.000791439
0.000853539
0.00111189
0.000374918
0.00273695
0.00446885
0.00121303
0.00294501
0.000441017
0.00302372
0.00236835
0.00107098
0.00184824
0.000693374
0.000370385
0.00134539
0.0019185
0.00104451
0.00372082
0.00164771
0.000413166
0.00599656
0.00328383
0.00212153
0.0021053
0.00155458
0.0013989
0.00085455
0.00246003
0.00263119
0.00572394
0.00265583
0.00148501
0.000927122
0.001645
0.000685324
0.00137896
0.00415313
0.00377537
0.00311545
0.000358816
0.000755998
0.000946861
0.0010579
0.000857669
0.00041091
0.000323499
0.00398758
0.000429421
0.000771543
0.000413619
0.000660418
0.00520596
0.00177917
0.00173445
0.00719004
0.00353714
0.00520746
0.00101567
0.00333223
0.000749882
0.00127436
0.000360643
0.000742189
0.00537093
0.00225817
0.00212628
0.00515612
0.00194619
0.00331857
0.00181363
0.000475174
0.000570199
0.000743954
0.000422531
0.00352667
0.00237133
0.0019733
0.00221288
0.000871944
0.000228861
0.000638854
0.00428951
0.00687541
0.00602496
0.00544266
0.00294589
0.00399696
0.00725726
0.00152146
0.0045632
0.00130448
0.00145169
0.00156719
0.00223018
0.00172132
0.00129752
0.00100115
0.000510675
0.000292119
0.000243097
0.0012191
0.000718479
0.00117151
0.000722603
0.00101941
0.00140413
0.0033913
0.00312886
0.000484381
0.00129688
0.00490554
0.00452398
0.00408213
0.00227232
0.000261786
0.000347409
0.00130938
0.00151524
0.000893712
0.000345534
0.000200539
0.0010911
0.000795908
0.00109335
0.00604748
0.00134339
0.00204722
0.00376305
0.0012649
0.00453191
0.00235189
0.00242472
0.00192352
0.00246365
0.00135341
0.000233354
0.000911795
0.0014151
0.000573551
0.00108306
0.000815455
0.00260647
0.00222555
0.0019336
0.00290703
0.000326752
0.00111423
0.000846407
0.00239451
0.00151261
0.00562023
0.00218892
0.00224195
0.00101472
0.00329703
0.00388748
0.00315644
0.0026314
0.00173944
0.000930622
0.00208067
0.00250799
0.000447058
0.00193921
0.000769677
0.00163806
0.00139999
0.00123432
0.0038893
0.00315641
0.00148927
0.00460411
0.00711669
0.00552051
0.00256266
0.0032183
0.00340151
0.00392057
0.00213116
0.000291167
0.00057908
0.00213224
0.000547904
0.000465922
0.000625241
0.00104316
0.00121301
0.00122975
0.000792936
0.000421426
0.00168616
0.00099969
0.00100881
0.00073774
0.000715415
0.000235299
0.00280505
0.00045006
0.00368539
0.00508585
0.00117195
0.00349672
0.00286693
0.0028426
0.00220794
0.00298565
0.000724681
0.00345644
0.00077763
0.000915577
0.000309959
0.00160006
0.00159231
0.00253663
0.00111124
0.00280571
0.000981645
0.000801186
0.0010376
0.00556795
0.00164618
0.00163616
0.00261185
0.00150076
0.00209331
0.00403285
0.00353526
0.00504614
0.00248067
0.000773231
0.00105954
0.00362472
0.00531027
0.00497092
0.00237157
0.00332272
0.00348461
0.000572601
0.000740282
0.000934212
0.0015035
0.000376475
0.000853412
0.000950492
0.0012398
0.000962051
0.000354926
0.00109101
0.000601309
0.000492775
0.000811369
0.00655219
0.00108891
0.000702809
0.000394717
0.00509065
0.00240862
0.00323727
0.00332892
0.00393298
0.00297086
0.000744474
0.000953913
0.000887632
0.00138149
0.00146523
0.00112461
0.0010962
0.00101061
0.00117336
0.00117527
0.000690514
0.000963804
0.000857935
0.000584368
0.00100972
0.000716085
0.000878846
0.00113671
0.0030986
0.00235687
0.00298305
0.00138025
0.00161545
0.00084383
0.00124896
0.00199525
0.0032958
0.00160293
0.00505362
0.00568764
0.00696568
0.00576502
0.001567
0.00557716
0.000411107
0.00416797
0.00640086
0.00409904
0.000568508
0.00117069
0.00194626
0.00190142
0.0028874
0.00293702
0.00371706
0.0038341
0.0038762
0.00372304
0.00212973
0.000692884
0.00141044
0.000853093
0.000989387
0.00109632
0.00262208
0.000450757
0.00108564
0.000390253
0.00059827
0.000520444
0.00074336
0.000524127
0.000164391
0.00102365
0.000650818
0.00127317
0.000882448
0.000959135
0.000458049
0.00118488
0.00169885
0.00350272
0.000903111
0.00230597
0.00203735
0.00469152
0.00267955
0.00542307
0.00108264
0.000311142
0.00190665
0.00132684
0.00233445
0.0062899
0.00416923
0.00058521
0.00074247
0.000934757
0.00094204
0.00708837
0.00636929
0.00150863
0.00212367
0.00136324
0.00139718
0.000746454
0.000596641
0.00119224
0.000642963
0.000972878
0.000744117
0.000307422
0.00017296
0.000494445
0.000231014
0.000767671
0.000983686
0.0010952
0.00038273
0.00219876
0.00191231
0.0020575
0.0006254
0.00218844
0.00331141
0.00308077
0.00177387
0.00412444
0.0018053
0.00558887
0.00258282
0.00105889
0.000999358
0.00110568
0.000593536
0.000398711
0.00299114
0.000987187
0.000694694
0.00320955
0.00127699
0.00102423
0.000349163
0.000359072
0.003725
0.00310633
0.00206892
0.00253437
0.00389938
0.00284419
0.00477921
0.00113414
0.000818075
0.0013502
0.000196817
0.000592631
0.00180034
0.00336726
0.0017693
0.00270955
0.00053627
0.000959723
0.00288461
0.00398471
0.00307427
0.000159444
0.00304028
0.00181024
0.00169728
0.000998376
0.000971947
0.00195377
0.00278929
0.00288069
0.00397023
0.00266153
0.000959969
0.000388059
0.000678082
0.000875398
0.000387806
0.00126766
0.00155109
0.00092614
0.000450716
0.00106119
0.000783908
0.00728321
0.00737181
0.00268797
0.00148871
0.00171306
0.00208544
0.00165976
0.000791242
0.00100794
0.000505989
0.000812006
0.00183729
0.000843251
0.000944587
0.00102748
0.00126048
0.00139482
0.00193188
0.00131886
0.00199255
0.00149731
0.00145434
0.00141858
0.000820091
0.00153623
0.00201981
0.00402058
0.00342158
0.00572371
0.00667533
0.00224823
0.00224344
0.00233469
0.00705575
0.00558909
0.00103282
0.00115945
0.000806319
0.00160395
0.00231464
0.00332453
0.00384246
0.00413361
0.00312691
0.00226651
0.00696031
0.00216708
0.00120553
0.00159312
0.000426584
0.00156475
0.000648818
0.000976802
0.00295097
0.00236051
0.0028739
0.00149785
0.000362012
0.00714103
0.00148136
0.00292361
0.00405042
0.0044596
0.00585145
0.00353595
0.0034158
0.00731714
0.00221922
0.00156831
0.00343034
0.00289889
0.0024224
0.00265138
0.00302209
0.000740804
0.000364989
0.00108799
0.00127036
0.00154244
0.00143081
0.000903277
0.000510001
0.000871475
0.00108247
0.000548184
0.00124142
0.000655427
0.000742193
0.00270059
0.00331958
0.00191411
0.00552446
0.0039932
0.000693478
0.00719002
0.00271638
0.0018837
0.000428119
0.000353234
0.00183279
0.000347319
0.000948097
0.00071701
0.000585459
0.000746374
0.00053926
0.00230692
0.00350638
0.00289593
0.00107056
0.00135621
0.00338548
0.00282114
0.00272257
0.00262429
0.00304262
0.000957669
0.00293925
0.00218864
0.00378115
0.0014754
0.0014711
0.00144008
0.00145594
0.00125125
0.00187142
0.00305216
0.000777216
0.00170971
0.00239823
0.00471846
0.00616631
0.00724038
0.00684034
0.00711653
0.00639069
0.00188299
0.00706232
0.00496351
0.00667977
0.00625251
0.000943305
0.00193907
0.00411049
0.00480242
0.00611685
0.00250885
0.00409639
0.00142012
0.000849529
0.00148303
0.00104654
0.0069904
0.00413853
0.00164605
0.00173182
0.00177425
0.00395038
0.00290165
0.00613388
0.00069703
0.00497094
0.00292604
0.00194987
0.00485339
0.00304464
0.00382677
0.00413611
0.00419491
0.00391671
0.00377211
0.00358067
0.00400902
0.00328428
0.00347175
0.00295451
0.0071729
0.00623809
0.00544507
0.00536602
0.00241915
0.00637492
0.00502318
0.00238702
0.00244379
0.000641396
0.00487294
0.00609469
0.000793658
0.00283958
0.00105129
0.000599845
0.00378337
0.00286073
0.00242457
0.00685323
0.00608636
0.000884547
0.00295892
0.0029849
0.00260212
0.00150058
0.00104185
0.00329371
0.000882453
0.00502888
0.00265822
0.00188937
0.00076575
0.000876844
0.00075145
0.00189839
0.00188888
0.00144368
0.00118173
0.00247529
0.00342773
0.00446996
0.00458692
0.00249302
0.0020063
0.00121274
0.00195049
0.00247416
0.00512106
0.00122654
0.000829425
0.00617491
0.00234885
0.00606988
0.00178408
0.00211566
0.00128805
0.00106973
0.00107362
0.000170873
0.000951719
0.00182978
0.00109311
0.00133179
0.000306166
0.00258285
0.00527123
0.00507369
0.00197961
0.00588709
0.00187794
0.00462326
0.00358512
0.00688459
0.00206052
0.000737555
0.001093
0.00506587
0.00457204
0.00241777
0.00256424
0.0007377
0.000562075
0.00063884
0.00274907
0.000665933
0.0039535
0.00239045
0.00257873
0.00163924
0.00114314
0.00152509
0.00231321
0.00260736
0.00163202
0.000798197
0.00105037
0.00458724
0.00273462
0.000621771
0.00298982
0.0036447
0.00174703
0.00437032
0.00114424
0.00155638
0.00176053
0.00254933
0.00265734
0.00290621
0.00329596
0.00149021
0.00102643
0.00523965
0.00512011
0.00192196
0.00728866
0.00362854
0.00653642
0.00742231
0.00331445
0.000603805
0.00176768
0.00309614
0.00336687
0.00104052
0.00264643
0.0021774
0.00177456
0.000613146
0.000992582
0.00144992
0.00317803
0.000411173
0.000622139
0.00155322
0.00162721
0.00146452
0.00081102
0.00711893
0.00372951
0.00251069
0.00291365
0.00124943
0.000800239
0.00330647
0.00164668
0.000409364
0.00117303
0.00723523
0.00325334
0.00345691
0.00499906
0.00606064
0.00731349
0.000931705
0.00109916
0.00138308
0.000352631
0.00120621
0.00101492
0.00120924
0.00286308
0.00222002
0.00485829
0.00392902
0.00357329
0.00178527
0.00296181
0.00179179
0.00224681
0.00334226
0.0026258
0.00172917
0.00217412
0.00118184
0.00106764
0.00046534
0.00204945
0.00476454
0.00740684
0.00202999
0.00203229
0.000872735
0.00653211
0.00154674
0.000861412
0.000971485
0.000991609
0.00189399
0.00260167
0.00127714
0.00241228
0.00189054
0.00241489
0.00647168
0.00384842
0.00278853
0.00694757
0.00353661
0.00377563
0.000724441
0.000829596
0.0013748
0.00308265
0.00147325
0.00238515
0.00107055
0.00056407
0.00160525
0.00126856
0.00250858
0.00378178
0.00276414
0.00278687
0.00229275
0.000243901
0.00302019
0.00322148
0.00123178
0.00150225
0.00422837
0.00175757
0.00592131
0.00717241
0.001009
0.00464085
0.0073388
0.00156546
0.00140067
0.000378851
0.00132485
0.00162782
0.0013319
0.000975143
0.00113251
0.000883169
0.000370701
0.000860123
0.00154751
0.00108111
0.00140818
0.00158
0.00549863
0.0068069
0.00660604
0.00116487
0.00230639
0.00225517
0.000469726
0.00087527
0.00130561
0.00356368
0.000944219
0.00190216
0.00282727
0.00186744
0.00220015
0.00688141
0.00186064
0.00218413
0.000730588
0.00249916
0.0015971
0.00235371
0.0030217
0.0045797
0.000449355
0.00471315
0.00435138
0.00217222
0.0039426
0.00479437
0.00180957
0.000646021
0.00480692
0.00108249
0.00490471
0.00237676
0.0010505
0.00243145
0.000949985
0.00182245
0.00168014
0.00124776
0.000806605
0.00101936
0.00158166
0.000911619
0.00090382
0.000584336
0.00049361
0.000842169
0.00137726
0.00068475
0.000659306
0.00103283
0.000581167
0.000624866
0.00185928
0.00250961
0.000792274
0.00164926
0.00174146
0.000692837
0.00216356
0.00220097
0.000690063
0.00511005
0.00172318
0.00138935
0.000450551
0.00155889
0.00151278
0.00150733
0.00374476
0.00080862
0.00143144
0.00080488
0.00155372
0.00263134
0.00187314
0.000766461
0.00121723
0.000655275
0.00482385
0.0036816
0.00339965
0.000619004
0.000782809
0.00256661
0.00538543
0.000945954
0.000472539
0.0011395
0.00386794
0.00245643
0.000944977
0.000742928
0.00223098
0.00105073
0.000275897
0.00127994
0.000415293
0.00160503
0.00366658
0.00290215
0.000632693
0.000418797
0.0033646
0.000698996
0.000862499
0.000765103
0.00603302
0.00719703
0.00722214
0.00220064
0.00106061
0.00104539
0.00201803
0.00113959
0.00121403
0.00355553
0.00123444
0.000553442
0.00100789
0.000897592
0.000946789
0.000471784
0.000646877
0.00119406
0.00065931
0.000798179
0.000935086
0.00161381
0.000820003
0.00107052
0.00128658
0.00186938
0.00044129
0.00187845
0.00091841
0.00164891
0.00363164
0.0012623
0.00243395
0.00112858
0.0053938
0.00435534
0.00131297
0.000995429
0.00152312
0.000867538
0.000932422
0.00139564
0.00184204
0.00254735
0.00344613
0.000821333
0.000307337
0.000783201
0.00590601
0.00165785
0.00244125
0.00158724
0.00184187
0.00111747
0.00127852
0.000765941
0.00705802
0.00153006
0.00155178
0.00152094
0.002527
0.00413606
0.00222737
0.00236621
0.00154356
0.0031202
0.00181345
0.000977256
0.000947677
0.00220642
0.00273613
0.00263422
0.0026536
0.00264079
0.000449771
0.00112169
0.00578001
0.000486944
0.00730835
0.00113976
0.000822924
0.00102804
0.000563623
0.000852759
0.00123343
0.002372
0.00111723
0.0028151
0.00209614
0.00141817
0.00106639
0.000205107
0.00235854
0.00134697
0.000555468
0.00418806
0.00375213
0.00104362
0.00148417
0.000228681
0.00343223
0.00537386
0.00030782
0.00367301
0.000508195
0.0040636
0.00315768
0.00293332
0.00228605
0.00224999
0.00265081
0.00511172
0.00324749
0.0025807
0.00372347
0.00391492
0.00440871
0.00422067
0.0022082
0.000503397
0.00400904
0.000445673
0.0026325
0.00331276
0.00383262
0.0043768
0.000476965
0.00111275
0.00100054
0.00221428
0.00165451
0.000833486
0.00168985
0.00717558
0.00477114
0.00594064
0.00196594
0.00378367
0.00202989
0.00167624
0.0040429
0.0041486
0.0007365
0.00203672
0.00280635
0.000535949
0.000182001
0.00247829
0.00128514
0.00147087
0.00199377
0.00104722
0.00191467
0.00159519
0.000774828
0.000542078
0.00107481
0.000679985
0.000409239
0.000390169
0.00108594
0.000617459
0.000892563
0.000211052
0.000996351
0.00145789
0.00118515
0.00123249
0.000361578
0.00069664
0.000479074
0.000894929
0.00469591
0.00228851
0.000764641
0.000463414
0.0003061
0.000849867
0.00306811
0.00187238
0.00126451
0.00161133
0.00146964
0.00289179
0.00234285
0.000389467
0.000283009
0.00166074
0.00284716
0.00276016
0.000169498
0.000505023
0.000451959
0.00426802
0.00295491
0.0027488
0.00130405
0.00262198
0.000948108
0.00239768
0.00083977
0.00111452
0.000586725
0.000317647
0.00109972
0.000501226
0.000688913
0.000879235
0.000960479
0.00155896
0.00101356
0.00128356
0.00108489
0.00345621
0.00253324
0.000589438
0.00129221
0.000372415
0.00727807
0.0019132
0.00115763
0.00097436
0.00229252
0.0014485
0.00138951
0.000604214
0.00217741
0.000490646
0.000321543
0.00117536
0.00626054
0.00346778
0.000360576
0.00134826
0.000905628
0.00368316
0.00105164
0.000487981
0.00456136
0.000429696
0.000191976
0.00054862
0.00328285
0.0064492
0.00563515
0.00650076
0.00504857
0.00356308
0.0020885
0.00402207
0.00740387
0.000646382
0.000454344
0.000667872
0.00102794
0.000372253
0.00068869
0.00705405
0.0071427
0.00599345
0.00574918
0.000233361
0.00582852
0.00198755
0.00173778
0.00218668
0.00203435
0.00114969
0.00117393
0.00203058
0.0021669
0.0035267
0.000910149
0.00723232
0.00699778
0.00179097
0.00409832
0.00421276
0.00350063
0.00457862
0.0041004
0.000943089
0.000900907
0.000655385
0.00189639
0.00315655
0.00235606
0.00199671
0.00270842
0.00141577
0.00181164
0.00564647
0.00731503
0.000608354
0.00100739
0.000276967
0.000270266
0.0012639
0.000368505
0.00180624
0.00236395
0.00370877
0.00139061
0.00439967
0.00570044
0.00607124
0.00326249
0.00141518
0.000434532
0.00135833
0.000407676
0.00148536
0.00708563
0.00327812
0.00423013
0.00646811
0.00673752
0.000767583
0.00717496
0.00561963
0.00289109
0.00402242
0.00105534
0.00206911
0.00631377
0.00387337
0.0032257
0.0022234
0.00190842
0.00119216
0.00159312
0.000525041
0.00123404
0.00247719
0.00106439
0.00109637
0.000931173
0.00073932
0.000411573
0.00129398
0.00220221
0.00104581
0.00169383
0.00112089
0.00220704
0.00191099
0.000196761
0.00172469
0.00168531
0.00139612
0.00241532
0.00168777
0.0021523
0.00308545
0.000468516
0.000384856
0.000838058
0.000901867
0.000276438
0.00134707
0.00121403
0.00236422
0.00384542
0.002259
0.00458077
0.0016619
0.00343285
0.0027808
0.00287912
0.00436006
0.00269075
0.0042094
0.00255103
0.000795086
0.00195211
0.00176444
0.00211575
0.00284096
0.0036471
0.0034676
0.00551706
0.00177488
0.00506299
0.00283834
0.0027293
0.000644514
0.000877247
0.00199759
0.00180096
0.00116253
0.00398848
0.00600794
0.00288252
0.00716835
0.0046386
0.000791174
0.0019149
0.000571963
0.0008641
0.00141829
0.00140052
0.00177505
0.00137642
0.00194333
0.00534135
0.0072917
0.00035166
0.00102023
0.00154386
0.00118352
0.00134964
0.00155795
0.0028711
0.00322473
0.00331981
0.00230092
0.00330684
0.00273879
0.00209437
0.0047496
0.00596163
0.00147043
0.00328562
0.00382279
0.00380252
0.00512896
0.000182905
0.000751086
0.000744792
0.00499034
0.00258012
0.00129523
0.00199661
0.000615983
0.00117238
0.00118814
0.00398014
0.000688793
0.00240007
0.00284094
0.00403132
0.00187893
0.000208318
0.00145247
0.000312054
0.00138986
0.000759978
0.0060027
0.00147699
0.00262049
0.00501141
0.000946966
0.00086192
0.00395467
0.000808521
0.000850201
0.000930518
0.00068131
0.00455428
0.00456908
0.00307226
0.00102279
0.000722353
0.000717955
0.000570332
0.002412
0.00251834
0.0017724
0.00260534
0.00139326
0.000357063
0.000850135
0.00334469
0.0041964
0.0025239
0.0012141
0.00128706
0.00164608
0.00152352
0.001869
0.00110446
0.00222768
0.00730615
0.0073321
0.00490808
0.0064036
0.00175262
0.00560172
0.00259574
0.00143629
0.000620635
0.000474975
0.00071402
0.00069966
0.000725526
0.000443765
0.000569204
0.00434749
0.00149681
0.00401348
0.000669475
0.0017046
0.000436407
0.00286712
0.00193354
0.00323944
0.00148941
0.000493934
0.00169258
0.00211385
0.000635733
0.001616
0.00180147
0.00074198
0.000381697
0.00154709
0.000803181
0.00616653
0.00112817
0.00342261
0.00208627
0.00141571
0.00123721
0.00184845
0.00198652
0.00443705
0.00181686
0.00211725
0.00227751
0.00187416
0.00146421
0.00157998
0.00200221
0.000830152
0.00222879
0.00106652
0.00191006
0.000993249
0.00154188
0.0018972
0.00127886
0.0028103
0.00241723
0.0024355
0.00497441
0.00243084
0.00219748
0.0015989
0.00121622
0.00102379
0.000808901
0.00126786
0.00093054
0.000762916
0.00734738
0.0067862
0.00207478
0.00733204
0.000986661
0.00108065
0.000272819
0.000705946
0.00708648
0.00220069
0.00142944
0.00419485
0.0033775
0.0037227
0.00194409
0.0047914
0.00215294
0.00210484
0.00253954
0.00513522
0.000994578
0.000456955
0.00130178
0.000642632
0.00106994
0.00114343
0.000857539
0.00121109
0.00062225
0.00109595
0.000674828
0.000540165
0.000689522
0.00109196
0.000767991
0.000455048
0.000273117
0.00589744
0.00156615
0.00117134
0.000807874
0.00134033
0.000717838
0.000415795
0.000858771
0.00140431
0.000416716
0.00256201
0.00390111
0.00106974
0.00109111
0.00119874
0.00104558
0.000808241
0.00107031
0.00442302
0.00511035
0.0022375
0.000551517
0.00102409
0.00077444
0.00202891
0.000595078
0.000796365
0.00103789
0.00134607
0.000972555
0.00116727
0.000841089
0.00197651
0.0019227
0.000858757
0.00122135
0.00292578
0.000719315
0.00134776
0.000711236
0.000743054
0.00297734
0.00370382
0.00279078
0.00253096
0.00233513
0.000878861
0.00714187
0.000922125
0.00677502
0.00725316
0.0027919
0.00212919
0.0018774
0.00304526
0.00280787
0.00303962
0.0042112
0.0048304
0.0049717
0.0017387
0.00178358
0.00123848
0.00183532
0.00345905
0.00105508
0.000803479
0.00111736
0.00147662
0.00279528
0.0041816
0.00373137
0.00153125
0.0018039
0.00202287
0.00164057
0.00147278
0.00176599
0.00142257
0.000916451
0.00128555
0.00113363
0.00121531
0.00115697
0.00191061
0.00135665
0.000770457
0.00266518
0.00101995
0.00290609
0.00314938
0.00331473
0.000916058
0.00376851
0.00358388
0.00102254
0.00100746
0.000947923
0.000644749
0.00226583
0.0018429
0.00179537
0.00353714
0.00267905
0.000921738
0.000971676
0.00065065
0.000596841
0.000665194
0.000907979
0.000856352
0.000919263
0.000736822
0.000618259
0.00290369
0.00342471
0.00211214
0.0014394
0.00295114
0.00321779
0.000985694
0.00208189
0.00186297
0.000364842
0.00156851
0.00151021
0.000418264
0.00156337
0.00146113
0.00432094
0.00411386
0.00435388
0.000370443
0.00053144
0.000776205
0.000719444
0.000823769
0.000796092
0.000756053
0.00353365
0.00247088
0.00269201
0.00348492
0.00282766
0.00330155
0.00294285
0.00333119
0.00170174
0.00164991
0.0036669
0.00316095
0.000701636
0.000834706
0.00166188
0.00733768
0.00473363
0.00706833
0.00226599
0.00263525
0.0027956
0.00250809
0.00137531
0.000733662
0.00142314
0.00495708
0.00140834
0.00539892
0.00197005
0.000661889
0.00114977
0.00128386
0.000588791
0.000859388
0.000645296
0.000667586
0.00087835
0.00143618
0.000911694
0.000337944
0.00122093
0.000714614
0.000467309
0.00181297
0.000667425
0.000390752
0.000381846
0.000566132
0.00103918
0.000803884
0.00160898
0.00197972
0.00111246
0.00103498
0.00160574
0.00330905
0.00141943
0.00049786
0.00208873
0.000765217
0.000907657
0.0012504
0.000524806
0.000188701
0.0016328
0.00211378
0.0019582
0.00192425
0.00172388
0.00109608
0.0017445
0.00124069
0.00118265
0.00176775
0.000874142
0.00316344
0.000747683
0.00217638
0.000351278
0.000570923
0.00128473
0.000995193
0.000622457
0.000557662
0.000846514
0.00139664
0.00324104
0.00360465
0.00324624
0.0035651
0.00369053
0.0014313
0.00184799
0.00194021
0.00110723
0.000917634
0.00129842
0.000330626
0.00056215
0.000239292
0.0014055
0.000924226
0.0010926
0.00253225
0.00195755
0.000688789
0.00123094
0.00111221
0.000726817
0.00108731
0.00138029
0.000631155
0.00117467
0.00136278
0.000686925
0.000897283
0.000706708
0.0017681
0.00295255
0.00104236
0.00202248
0.000786373
0.00101182
0.00435414
0.00282045
0.00108002
0.000523125
0.00109489
0.000343115
0.000501595
0.00336149
0.00251895
0.00181112
0.00132047
0.000537472
0.00254576
0.0050083
0.00347357
0.00342484
0.00165633
0.0043408
0.00139257
0.00371308
0.00119231
0.000720307
0.000591973
0.00339855
0.00513734
0.00700587
0.00603573
0.00644213
0.00667257
0.0026125
0.00242699
0.00414785
0.00225679
0.00412054
0.00179511
0.00116954
0.00433816
0.00143712
0.00148881
0.000970121
0.00251876
0.00298878
0.00300179
0.00343258
0.00249452
0.00363731
0.000931457
0.00316386
0.00235432
0.00273437
0.000694507
0.00139826
0.000739257
0.00386397
0.000620166
0.00231995
0.00402401
0.00223582
0.0026604
0.000999777
0.00285039
0.00438149
0.00310002
0.00536529
0.0013524
0.00704269
0.00386826
0.00154533
0.00163373
0.00294644
0.00428035
0.0013784
0.00552883
0.00276635
0.00365335
0.00400641
0.00384897
0.00149191
0.00103532
0.00239739
0.00683733
0.005902
0.00162672
0.00177113
0.00163765
0.00139696
0.00287188
0.00402681
0.0033132
0.00386091
0.0017732
0.00189816
0.00376048
0.00142866
0.00484874
0.00376996
0.00492668
0.000636873
0.00311136
0.00125308
0.0034622
0.00409408
0.00133977
0.00168268
0.00177778
0.00554852
0.00228965
0.000889177
0.00214187
0.00197065
0.00477882
0.00203512
0.00242265
0.0021293
0.00322074
0.00532859
0.00625988
0.00212603
0.00207398
0.0019933
0.000513563
0.000867721
0.000818212
0.00272805
0.000363979
0.00473541
0.00301372
0.00163976
0.00164799
0.00122196
0.00192743
0.00117632
0.00108783
0.00105312
0.00211893
0.000527717
0.00106296
0.000134333
0.000762666
0.000827921
0.00226098
0.00344892
0.00139745
0.00077742
0.00128565
0.00115438
0.00349879
0.00421067
0.00138405
0.000763912
0.00104957
0.000894574
0.00377373
0.000858195
0.00114019
0.000944163
0.000683706
0.000991182
0.00278404
0.000608134
0.00115275
0.000274552
0.0015396
0.00109512
0.00174468
0.00128049
0.000926366
0.000900761
0.000924884
0.000616598
0.00379703
0.00246013
0.00353799
0.00296819
0.00156023
0.00358977
)
;

boundaryField
{
    outlet
    {
        type            calculated;
        value           nonuniform List<scalar> 0();
    }
    walls
    {
        type            nutkWallFunction;
        blending        stepwise;
        value           nonuniform List<scalar> 
45
(
0.000300683
0.000408498
0.000318217
0.000349577
0.00028564
0.000323571
0.000327826
0.000288658
0.000331477
0.000331448
0.000331221
0.000336151
0.00032424
0.000260741
0.000372303
0.000380162
0.000322398
0.000188008
0.000299207
0.000365072
0.000226434
0.000394426
0.00035257
0.00020708
0.000362794
0.000196897
0.000264031
0.000229346
0.00023269
0.000303307
0.000287805
0.000370962
0.000374612
0.000199945
0.000160242
0.000163893
0.000218813
0.00027675
0.000208417
0.00019463
0.000193486
0.000197583
0.000159533
0.000212497
0.000220867
)
;
    }
    inlet
    {
        type            calculated;
        value           nonuniform List<scalar> 0();
    }
    model
    {
        type            nutkWallFunction;
        blending        stepwise;
        value           nonuniform List<scalar> 
224
(
0.000238087
0.000202029
0.000204316
0.000239504
0.00019086
0.000139529
0.000129883
0.000130623
0.000117927
9.55402e-05
0.000139187
0.000127011
0.000131228
0.000296164
0.000165902
0.000221704
0.000160262
0.000224579
0.000223722
0.000238075
0.000176522
0.000233191
0.000236503
0.000256496
0.000240406
0.000147747
0.000124617
0.000127937
0.000113261
0.000124071
0.000104125
0.00010153
0.000155796
0.000145812
0.000125691
0.000128874
0.000112857
9.76485e-05
0.00013808
0.000127072
0.000130706
0.00013095
0.000129949
0.000121001
0.000114008
0.000124223
0.000105504
0.000103659
0.000122126
0.000162619
0.000168937
0.000125529
0.000149735
0.000109673
0.000120235
0.000128546
0.000134945
0.000115886
0.000149898
0.000161985
0.000166357
0.0001877
0.000185194
0.000159571
0.00016055
0.000117154
0.000107978
0.000117737
0.00011259
0.000160879
0.000117522
0.000169405
0.000118354
0.000157614
0.000145548
0.000104663
0.000115005
0.000147519
0.00016139
0.000116696
0.000141377
0.00016949
0.00013335
0.000167908
0.000110748
0.000162526
0.000148054
0.000130987
0.000225184
0.000171261
0.000162803
0.000140377
0.000213544
0.000169653
0.000179575
0.000168475
0.000145155
0.000177063
0.000159623
0.000134264
0.000151391
0.000144634
0.000171475
0.000188503
0.000150827
0.000188117
0.000179229
0.000120498
0.000117397
0.000139779
0.000131995
8.36436e-05
7.77568e-05
0.00010829
0.000104428
0.000125357
0.000124173
9.97869e-05
9.72941e-05
0.000112778
0.000109926
9.96422e-05
9.54932e-05
0.000114523
0.000111316
8.82556e-05
8.87863e-05
0.000134976
8.62502e-05
9.99313e-05
0.000132148
0.000124897
9.76947e-05
0.000103351
0.000118373
0.000106861
0.000102356
9.75907e-05
7.54412e-05
0.000109171
9.33622e-05
0.000107325
0.00024495
0.000252998
0.000187327
0.000274474
0.000219605
0.00018554
0.000179553
0.000252367
0.000111712
0.000217291
0.000179025
9.9058e-05
9.40165e-05
9.93122e-05
9.70285e-05
7.76961e-05
0.000108912
0.000104712
8.08613e-05
8.63828e-05
0.000119467
9.72864e-05
8.44618e-05
0.000110191
9.53242e-05
0.000101179
0.000104747
0.000111703
0.000101332
8.88282e-05
0.000111689
0.000106603
0.000102872
0.00011213
0.000100165
0.000113339
0.000111363
0.00010892
0.000109769
0.000102802
0.000111636
7.58307e-05
8.80299e-05
0.000100194
0.000106429
0.000103717
0.000102039
9.7107e-05
0.00012509
0.000102789
0.000118146
9.75847e-05
0.000110614
0.000109282
0.000126067
0.000110901
0.000136458
0.000108336
0.000167074
0.00012474
0.000111364
0.000110786
0.000119073
0.000101812
0.000113598
0.000116459
0.00017133
0.000113525
0.000116521
0.000106296
0.000124195
0.00011531
0.000116562
9.01339e-05
0.000123131
0.00012449
0.000106485
9.40698e-05
0.000103928
0.000101697
0.000112731
9.83229e-05
)
;
    }
    procBoundary7to1
    {
        type            processor;
        value           nonuniform List<scalar> 6(0.00225304 0.0020311 0.00262933 0.00342957 0.00199361 0.000792037);
    }
    procBoundary7to2
    {
        type            processor;
        value           nonuniform List<scalar> 6(0.00262197 0.00396803 0.00392621 0.0029467 0.00268909 0.00366474);
    }
    procBoundary7to3
    {
        type            processor;
        value           nonuniform List<scalar> 
153
(
0.00698392
0.000782816
0.00112995
0.00724982
0.00303647
0.00206436
0.000770631
0.0021113
0.000711074
0.000884401
0.000840143
0.00141399
0.00227285
0.00593167
0.000828418
0.00307103
0.00303247
0.00183447
0.00296353
0.00132078
0.000733704
0.00140446
0.00063065
0.00108335
0.0029493
0.00438977
0.00110418
0.00131362
0.00179277
0.00157919
0.00576206
0.00598715
0.000845153
0.00118339
0.00590151
0.00103738
0.00178472
0.00305123
0.000802511
0.00327245
0.00114959
0.000592259
0.00281897
0.00285377
0.000984463
0.00158858
0.00171563
0.00119996
0.00729993
0.000200981
0.00146217
0.00228295
0.00356252
0.0027718
0.00336535
0.00377898
0.00489569
0.00498573
0.00235696
0.00254304
0.00477348
0.000974066
0.0035851
0.000701507
0.00553124
0.000698602
0.000185236
0.00663746
0.00588965
0.00122457
0.00148187
0.00377384
0.00154449
0.00159702
0.00713594
0.00268702
0.00095806
0.00135834
0.0015898
0.00135771
0.00473245
0.000358048
0.00651808
0.00628481
0.00340424
0.000371503
0.00330719
0.001849
0.00136932
0.00693597
0.00238908
0.00258739
0.00498573
0.000265874
0.00293134
0.00265926
0.00286589
0.00126559
0.00189343
0.00241832
0.00142863
0.000977253
0.00109497
0.00337426
0.00646984
0.00224027
0.00413558
0.000913745
0.0054917
0.0014595
0.000841723
0.00415785
0.000954879
0.00135474
0.000600773
0.000398403
0.00351421
0.002093
0.000743898
0.00587586
0.00075162
0.0029635
0.000976014
0.00725669
0.00722584
0.00307712
0.00712501
0.00251022
0.00248937
0.00708039
0.00634501
0.00178698
0.00275928
0.00166479
0.00208023
0.00289044
0.00234655
0.00352435
0.00479485
0.00265764
0.000968267
0.00317905
0.0028999
0.000951252
0.00228026
0.00194756
0.00202388
0.0038601
0.0017872
0.000772851
0.00365378
0.00442607
0.00369224
)
;
    }
    procBoundary7to4
    {
        type            processor;
        value           nonuniform List<scalar> 6(0.00539577 0.00368318 0.00368023 0.00597782 0.00577717 0.0026275);
    }
    procBoundary7to5
    {
        type            processor;
        value           nonuniform List<scalar> 6(0.0041316 0.00423174 0.00398389 0.00468868 0.00315798 0.00353233);
    }
    procBoundary7to6
    {
        type            processor;
        value           nonuniform List<scalar> 
87
(
0.00525494
0.00697149
0.00601097
0.00568218
0.00275454
0.0036491
0.00414347
0.003442
0.00705456
0.00710256
0.00715028
0.00699815
0.00710249
0.0072137
0.00649662
0.00721802
0.00457943
0.0049283
0.00357421
0.00685004
0.00479101
0.0050236
0.0035154
0.00703398
0.00638461
0.00396862
0.00691052
0.0054522
0.00715198
0.00720877
0.00691538
0.00708785
0.00544678
0.00360503
0.0068137
0.00326922
0.00693693
0.00733674
0.00656491
0.00563279
0.00305128
0.00598646
0.00624901
0.00345749
0.0033255
0.00554306
0.00367213
0.0023772
0.00692107
0.00702864
0.00541663
0.00562082
0.00509432
0.00539325
0.00312719
0.0067346
0.0039712
0.00506562
0.00653784
0.00562566
0.00701165
0.00298895
0.00283794
0.00705492
0.00704837
0.00710741
0.00439397
0.00717537
0.00455801
0.00283943
0.00686707
0.00564262
0.00288189
0.00711753
0.00339548
0.0070107
0.00467094
0.0055596
0.0037461
0.00669589
0.0043087
0.00725654
0.00613512
0.00603167
0.00691821
0.00648223
0.00615635
)
;
    }
    procBoundary7to8
    {
        type            processor;
        value           nonuniform List<scalar> 
195
(
0.00290555
0.00120999
0.0032581
0.00196338
0.000876643
0.000616091
0.00077235
0.00127807
0.00168235
0.00109025
0.00117089
0.00184789
0.000718722
0.00125954
0.00136495
0.000651299
0.00280647
0.00184374
0.00115633
0.00201778
0.00180372
0.000848816
0.00058537
0.00281854
0.00346153
0.00253898
0.00253474
0.00127012
0.00156175
0.00195734
0.00200895
0.00226222
0.00226222
0.00113572
0.00271507
0.00126159
0.000558323
0.00100941
0.00440874
0.00416273
0.000838577
0.00153781
0.00249928
0.00195062
0.00218496
0.00356245
0.00283615
0.00418558
0.00248113
0.00167233
0.00179638
0.000925695
0.0047163
0.000625085
0.00100643
0.00251577
0.000716087
0.000506627
0.00241928
0.00462157
0.00175982
0.00171703
0.00373878
0.00422797
0.00218748
0.00314863
0.00189851
0.00261684
0.000756526
0.00201992
0.00144069
0.00289889
0.00294434
0.0040519
0.00335815
0.00311129
0.00347253
0.00154797
0.00211007
0.00157532
0.0032328
0.00151657
0.00475854
0.00157754
0.00139349
0.00197667
0.00224663
0.00139349
0.00432315
0.00239171
0.000854925
0.00203919
0.00146273
0.00062648
0.00252039
0.00431587
0.00343511
0.00214307
0.00138836
0.00151081
0.00188809
0.00130406
0.00288223
0.000560975
0.00386694
0.00509201
0.00493408
0.00372661
0.00367786
0.00254803
0.00449962
0.00178929
0.00365599
0.00326945
0.00443853
0.00169701
0.000489895
0.00219497
0.00219497
0.000639747
0.00292854
0.00228515
0.0019301
0.00134499
0.00309649
0.00178882
0.00106745
0.00105338
0.00219664
0.00183617
0.00371728
0.000900378
0.0018918
0.00258172
0.00184335
0.00245203
0.00376488
0.000878918
0.00285134
0.000913291
0.00264535
0.00219664
0.00240385
0.000464871
0.00332917
0.00104941
0.00251296
0.00247628
0.000971139
0.00372865
0.00210116
0.00296146
0.000370276
0.00218977
0.000918922
0.000815078
0.000449194
0.00153082
0.00336319
0.00349472
0.001925
0.00198196
0.00309469
0.000647767
0.0019471
0.00472534
0.00467699
0.00270345
0.000449194
0.00295703
0.00335875
0.00173215
0.00152147
0.00211224
0.00255541
0.000838196
0.00262429
0.00452275
0.00268985
0.00205542
0.0015732
0.00390317
0.0020392
0.00201799
0.0028442
0.003987
0.00345863
0.00200513
0.00409223
0.00209018
0.00225472
0.00109182
0.0029467
0.00227307
0.000815055
)
;
    }
}


// ************************************************************************* //
