/*--------------------------------*- C++ -*----------------------------------*\
| =========                 |                                                 |
| \\      /  F ield         | OpenFOAM: The Open Source CFD Toolbox           |
|  \\    /   O peration     | Version:  2506                                  |
|   \\  /    A nd           | Website:  www.openfoam.com                      |
|    \\/     M anipulation  |                                                 |
\*---------------------------------------------------------------------------*/
FoamFile
{
    version     2.0;
    format      ascii;
    arch        "LSB;label=32;scalar=64";
    class       vectorField;
    location    "constant/polyMesh";
    object      points;
}
// * * * * * * * * * * * * * * * * * * * * * * * * * * * * * * * * * * * * * //


1006
(
(-1.3716 0.539496 0.381)
(-1.3716 0.539496 -0.2286)
(-1.3716 -0.9290304 -0.2286)
(-1.3716 -0.795528 -0.2286)
(-1.3716 -0.6620256 -0.2286)
(-1.3716 -0.5285232 -0.2286)
(-1.3716 -0.3950208 -0.2286)
(-1.3716 -0.2615184 -0.2286)
(-1.3716 -0.128016 -0.2286)
(-1.3716 0.0054864 -0.2286)
(-1.3716 0.1389888 -0.2286)
(-1.3716 0.2724912 -0.2286)
(-1.3716 0.4059936 -0.2286)
(-1.3716 0.539496 -0.10668)
(-1.3716 0.539496 0.01524)
(-1.3716 0.539496 0.13716)
(-1.3716 0.539496 0.25908)
(-1.3716 -0.9290304 0.381)
(-1.3716 -0.795528 0.381)
(-1.3716 -0.6620256 0.381)
(-1.3716 -0.5285232 0.381)
(-1.3716 -0.3950208 0.381)
(-1.3716 -0.2615184 0.381)
(-1.3716 -0.128016 0.381)
(-1.3716 0.0054864 0.381)
(-1.3716 0.1389888 0.381)
(-1.3716 0.2724912 0.381)
(-1.3716 0.4059936 0.381)
(-1.239484966 0.539496 0.381)
(-1.107369931 0.539496 0.381)
(-0.9752548966 0.539496 0.381)
(-0.8431398621 0.539496 0.381)
(-0.7110248276 0.539496 0.381)
(-0.5789097931 0.539496 0.381)
(-0.4467947586 0.539496 0.381)
(-0.3146797241 0.539496 0.381)
(-0.1825646897 0.539496 0.381)
(-1.239484966 0.539496 -0.2286)
(-1.107369931 0.539496 -0.2286)
(-0.9752548966 0.539496 -0.2286)
(-0.8431398621 0.539496 -0.2286)
(-0.7110248276 0.539496 -0.2286)
(-0.5789097931 0.539496 -0.2286)
(-0.4467947586 0.539496 -0.2286)
(-0.3146797241 0.539496 -0.2286)
(-0.127 -0.06974757373 1.548707245e-17)
(-0.127 -0.08860747472 1.967481172e-17)
(-0.127 -0.1075000969 2.386981655e-17)
(-0.127 -0.127075176 2.821635725e-17)
(-1.3716 -0.9963263967 -0.1187668138)
(-1.3716 -0.8669166844 -0.118886806)
(-1.3716 -0.7390192364 -0.1113318757)
(-1.3716 -0.6075016092 -0.1082162985)
(-1.3716 -0.4745022804 -0.1070784363)
(-1.3716 -0.3410035423 -0.1064649342)
(-1.3716 -0.2072207245 -0.1056459186)
(-1.3716 -0.07308195113 -0.1039897069)
(-1.3716 0.06128597235 -0.1018563739)
(-1.3716 0.1907700096 -0.1122002812)
(-1.3716 0.3142731891 -0.1306958775)
(-1.3716 0.4346119196 -0.1288683711)
(-1.3716 0.4477650145 -0.01752619423)
(-1.3716 0.4472557952 0.09580338794)
(-1.3716 0.4381099111 0.2200780354)
(-1.3716 -0.9989994902 0.2520444284)
(-1.3716 -0.7201615551 0.2554685596)
(-1.3716 -0.4491906438 0.2588145398)
(-1.3716 -0.1835699548 0.2608561238)
(-1.3716 0.07253671719 0.2706637089)
(-1.3716 0.3193360659 0.2635271623)
(-1.3716 -0.5838220464 0.2577779934)
(-1.3716 -0.8596114364 0.2505639993)
(-1.3716 -0.3157965638 0.2595395924)
(-1.3716 -0.05352256111 0.26397906)
(-1.3716 0.1991198468 0.2686679896)
(-1.3716 -0.1043735693 0.1414593838)
(-1.3716 -1.051293983 0.005159546105)
(-1.3716 -0.9336576329 -0.02015540286)
(-1.3716 -0.8190767566 0.003153742903)
(-1.3716 -0.6885070419 0.01106727689)
(-1.3716 -0.5548997886 0.013928449)
(-1.3716 -0.4213613788 0.0150271521)
(-1.3716 -0.2876127524 0.01594798923)
(-1.3716 -0.1537893525 0.01777042536)
(-1.3716 -0.01885550097 0.02216969519)
(-1.3716 0.1258589973 0.03438979741)
(-1.3716 0.2551332542 -0.009241956972)
(-1.3716 0.3587011134 -0.04625836497)
(-1.3716 -0.5024525977 0.1363715166)
(-1.3716 0.3493400421 0.05513783601)
(-1.3716 0.3575896729 0.1577910765)
(-1.3716 -0.7774545968 0.1291010685)
(-1.3716 -0.6380957645 0.134446914)
(-1.3716 -0.932661451 0.1120161744)
(-1.3716 0.1341563385 0.1695642015)
(-1.3716 -0.2356970643 0.1385659984)
(-1.3716 0.02224341773 0.1487002336)
(-1.3716 -0.3686813096 0.1373249976)
(-1.3716 0.2460257711 0.134973496)
(-1.258362555 -0.995548072 0.381)
(-1.258027002 -0.8612346668 0.381)
(-1.256923167 -0.728411789 0.381)
(-1.256737798 -0.5961579392 0.381)
(-1.257478724 -0.4641471655 0.381)
(-1.258601626 -0.3325054603 0.381)
(-1.259532176 -0.2015664047 0.381)
(-1.259822878 -0.07181264394 0.381)
(-1.259198776 0.05616890957 0.381)
(-1.257503467 0.1817907901 0.381)
(-1.254466912 0.304522551 0.381)
(-1.249115591 0.4236574874 0.381)
(-1.121787341 0.4356849608 0.381)
(-0.9917370565 0.4441147912 0.381)
(-0.8600131608 0.449712319 0.381)
(-0.7272921083 0.4529710218 0.381)
(-0.5941160167 0.454393961 0.381)
(-0.4610126667 0.4545263691 0.381)
(-0.3285966088 0.4539029174 0.381)
(-0.1974487605 0.4528313657 0.381)
(-1.145314908 -1.065198587 0.381)
(-1.14632618 -0.9260729076 0.381)
(-1.142522864 -0.793740437 0.381)
(-1.140829977 -0.6624108443 0.381)
(-1.141673476 -0.5312940458 0.381)
(-1.143870427 -0.4007428035 0.381)
(-1.146135417 -0.2713331826 0.381)
(-1.147373476 -0.1437547415 0.381)
(-1.146827939 -0.01895696128 0.381)
(-1.144196869 0.1020674646 0.381)
(-1.139420352 0.2185332277 0.381)
(-1.132031034 0.3287485804 0.381)
(-1.005253805 0.3465726804 0.381)
(-0.8752687039 0.3587851845 0.381)
(-0.7430542101 0.3661440462 0.381)
(-0.6094317042 0.369517436 0.381)
(-0.475429481 0.3699991921 0.381)
(-0.342131671 0.3685831642 0.381)
(-0.2114965753 0.3664783316 0.381)
(-1.029095947 -0.857729983 0.381)
(-1.02353492 -0.7283070442 0.381)
(-1.023696767 -0.5975620375 0.381)
(-1.02688414 -0.4671806207 0.381)
(-1.031008144 -0.3385978228 0.381)
(-1.034225616 -0.2122799113 0.381)
(-1.034782042 -0.08926474379 0.381)
(-1.031935686 0.02911948693 0.381)
(-1.025796664 0.1418189109 0.381)
(-1.016518257 0.2461620099 0.381)
(-1.027487916 -1.118528796 0.381)
(-0.8894439468 0.2660570982 0.381)
(-0.7588633283 0.2787156494 0.381)
(-0.6255391976 0.285042155 0.381)
(-0.4902274792 0.286096566 0.381)
(-0.3562854655 0.2845609408 0.381)
(-0.2317869553 0.285966812 0.381)
(-0.108065218 0.2863403452 0.381)
(-1.039017468 -0.9855271985 0.381)
(-0.9030508238 -0.6641754809 0.381)
(-0.9066764613 -0.5321188698 0.381)
(-0.9128128234 -0.403776142 0.381)
(-0.9195195204 -0.2782345336 0.381)
(-0.9230417243 -0.1564470895 0.381)
(-0.9212756635 -0.03958772068 0.381)
(-0.9141180404 0.07050062047 0.381)
(-0.9026303484 0.1704920105 0.381)
(-0.9424435099 -1.035768436 0.381)
(-0.8303256248 -1.018566079 0.381)
(-0.7749385238 0.1900784686 0.381)
(-0.6430395058 0.2008510313 0.381)
(-0.5082325869 0.2035771863 0.381)
(-0.3731106862 0.2020612361 0.381)
(-0.2522192211 0.2054520583 0.381)
(-0.1259826634 0.2036096343 0.381)
(-0.9185073796 -0.9243291572 0.381)
(-0.9036337528 -0.7980386139 0.381)
(-0.7904525557 -0.4651966803 0.381)
(-0.8004863338 -0.3397835073 0.381)
(-0.8104945804 -0.2211822666 0.381)
(-0.8130249173 -0.1050746407 0.381)
(-0.8055672925 0.003307150599 0.381)
(-0.790941548 0.09903567152 0.381)
(-0.7786403533 -0.7356603836 0.381)
(-0.6618566663 0.1163787635 0.381)
(-0.5278151801 0.1223761895 0.381)
(-0.3944318233 0.1218124611 0.381)
(-0.2710298315 0.1241136112 0.381)
(-0.776529508 -0.8852044451 0.381)
(-0.7830904501 -0.5979787522 0.381)
(-0.6913250058 -0.2767684511 0.381)
(-0.7072172494 -0.167242653 0.381)
(-0.703736691 -0.05953434661 0.381)
(-0.6822163996 0.03051120885 0.381)
(-0.6491290967 -0.7997531164 0.381)
(-0.6560195132 -0.663965302 0.381)
(-0.5510380801 0.04076125752 0.381)
(-0.4243242244 0.04296770866 0.381)
(-0.2931443041 0.04676180008 0.381)
(-0.6635500288 -0.527771737 0.381)
(-0.6755281878 -0.3967997969 0.381)
(-0.5280581797 -0.7369649942 0.381)
(-0.5891301866 -0.2103163388 0.381)
(-0.6166720757 -0.1175527275 0.381)
(-0.5820406947 -0.03819346773 0.381)
(-0.4555511953 -0.04129631416 0.381)
(-0.3250027583 -0.0353513112 0.381)
(-0.5333526253 -0.5927766937 0.381)
(-0.5641332237 -0.3252190692 0.381)
(-0.5438250607 -0.4534033265 0.381)
(-0.5054652102 -0.1273389616 0.381)
(-0.2381034874 -0.09503628044 0.381)
(-0.3643590278 -0.1383907131 0.381)
(-0.4001704853 -0.5170670013 0.381)
(-0.4326485001 -0.367337132 0.381)
(-0.4592709445 -0.2380982762 0.381)
(-0.321458726 -0.269389697 0.381)
(-0.2623131686 -0.1815423389 0.381)
(-1.160922377 0.539496 -0.12833749)
(-1.048095792 0.539496 -0.1147001228)
(-0.9219677172 0.539496 -0.1086849722)
(-0.7907270475 0.539496 -0.1071430353)
(-0.6582625212 0.539496 -0.1068454578)
(-0.5256590669 0.539496 -0.1068523975)
(-0.3930983339 0.539496 -0.1068590368)
(-0.2605583028 0.539496 -0.1067073673)
(-1.259473321 0.539496 -0.06217310152)
(-1.253202232 0.539496 0.2064219935)
(-1.15093328 0.539496 0.2696715912)
(-0.8989563797 0.539496 0.2579532571)
(-0.6321864165 0.539496 0.2586503155)
(-0.3668420665 0.539496 0.2585767199)
(-0.1024945298 0.539496 0.2572244113)
(-1.249357654 0.539496 0.07153726242)
(-1.031200342 0.539496 0.2583361269)
(-0.7653589648 0.539496 0.258444475)
(-0.4993774944 0.539496 0.2586733518)
(-0.2343934627 0.539496 0.2581594907)
(-1.138330481 0.539496 -0.01000346252)
(-1.008010513 0.539496 0.01002817039)
(-0.8729456744 0.539496 0.0139311525)
(-0.7388072914 0.539496 0.01473210134)
(-0.6051811104 0.539496 0.01481245406)
(-0.4723108914 0.539496 0.01479243442)
(-0.3392953421 0.539496 0.01469409607)
(-0.2063754646 0.539496 0.01516686618)
(-1.112387889 0.539496 0.1334897297)
(-0.552135248 0.539496 0.1365607441)
(-0.2863584565 0.539496 0.1361806581)
(-0.6857346414 0.539496 0.1365789356)
(-0.4193018297 0.539496 0.1365232347)
(-0.1531592693 0.539496 0.1351063848)
(-0.8203774864 0.539496 0.1361924295)
(-0.9586833231 0.539496 0.1349292833)
(-1.259282116 -0.9958775972 -0.2286)
(-1.259347445 -0.7282145317 -0.2286)
(-1.259017986 -0.4620029744 -0.2286)
(-1.258216426 -0.1971023198 -0.2286)
(-1.258288516 0.06634981616 -0.2286)
(-1.251211401 0.3244413562 -0.2286)
(-1.24363144 0.4419965414 -0.2286)
(-1.024872377 0.4386933391 -0.2286)
(-0.775520548 0.4269625775 -0.2286)
(-0.5101449984 0.4270174432 -0.2286)
(-0.2449824186 0.4274250165 -0.2286)
(-1.259728262 -0.8614798806 -0.2286)
(-1.259242229 -0.5951167764 -0.2286)
(-1.258480376 -0.3291541295 -0.2286)
(-1.258664215 -0.06547647135 -0.2286)
(-1.255241868 0.1973375349 -0.2286)
(-0.3773782387 0.4275623231 -0.2286)
(-0.6427225304 0.4267274282 -0.2286)
(-0.9069213598 0.4274133645 -0.2286)
(-1.129462181 0.3842087637 -0.2286)
(-1.145903099 -0.3958707183 -0.2286)
(-1.147052775 -0.7937578065 -0.2286)
(-1.144141053 -0.1340459281 -0.2286)
(-1.144123694 0.1255722023 -0.2286)
(-1.13366054 0.2557703082 -0.2286)
(-1.146914519 -0.5285723328 -0.2286)
(-0.3067150009 0.316721375 -0.2286)
(-0.5734308815 0.3139688196 -0.2286)
(-0.8426029133 0.315397921 -0.2286)
(-0.9950571061 0.3137814247 -0.2286)
(-0.7071867469 0.3141099976 -0.2286)
(-0.4400872587 0.3152583542 -0.2286)
(-1.144213024 -0.2640384741 -0.2286)
(-1.14882007 -0.9265611528 -0.2286)
(-1.146758107 -0.6614554689 -0.2286)
(-1.146416997 -0.004846919899 -0.2286)
(-0.2318361981 0.2086852386 -0.2286)
(-0.5020141829 0.2013036184 -0.2286)
(-1.041404772 -0.9856688295 -0.2286)
(-1.033078969 -0.7274469683 -0.2286)
(-0.6373093019 0.2006734917 -0.2286)
(-0.7691811579 0.2010184227 -0.2286)
(-0.3676404982 0.2053967048 -0.2286)
(-1.031257387 -0.3301549369 -0.2286)
(-1.029581076 -0.07210028454 -0.2286)
(-1.034661502 -0.8576694313 -0.2286)
(-1.027345632 -0.1995687729 -0.2286)
(-0.8994277083 0.2058279092 -0.2286)
(-1.034920017 -0.4622586933 -0.2286)
(-1.038257644 0.05276828586 -0.2286)
(-1.035079917 -0.5951960971 -0.2286)
(-1.028008426 0.1809309133 -0.2286)
(-0.9231565692 -0.922391213 -0.2286)
(-0.926001866 -0.5289993536 -0.2286)
(-0.5681742739 0.09172577148 -0.2286)
(-0.7007207228 0.08148729369 -0.2286)
(-0.9174160003 -0.00680750766 -0.2286)
(-0.9119553347 -0.2655293205 -0.2286)
(-0.9421600168 0.1044190758 -0.2286)
(-0.9047224423 -0.1342430223 -0.2286)
(-0.9215716426 -0.6613441009 -0.2286)
(-0.8290252099 0.08746538697 -0.2286)
(-0.9223616894 -0.396730063 -0.2286)
(-0.9154620368 -0.7947178873 -0.2286)
(-0.4251273221 0.08355822472 -0.2286)
(-0.2878452012 0.1073317898 -0.2286)
(-0.784523047 -0.8758620473 -0.2286)
(-0.2238971383 0.0137869518 -0.2286)
(-0.8154815613 -0.5922227527 -0.2286)
(-0.7809170172 -0.2068243833 -0.2286)
(-0.7718379171 -0.05399413137 -0.2286)
(-0.6236596179 -0.03069029668 -0.2286)
(-0.8044549714 -0.3357123332 -0.2286)
(-0.8037526827 -0.7254197598 -0.2286)
(-0.8206114393 -0.4648941489 -0.2286)
(-0.5077216549 -0.005699348452 -0.2286)
(-0.6442811367 -0.1635580405 -0.2286)
(-0.7135658041 -0.5224719519 -0.2286)
(-0.3273403148 0.01293397301 -0.2286)
(-0.6806294854 -0.7726207258 -0.2286)
(-0.6542226877 -0.3066512136 -0.2286)
(-0.701913433 -0.6445066365 -0.2286)
(-0.2970451113 -0.07930000866 -0.2286)
(-0.4060780009 -0.05444888605 -0.2286)
(-0.1904636695 -0.07659440004 -0.2286)
(-0.7220528222 -0.4114762254 -0.2286)
(-0.5123061766 -0.1197056466 -0.2286)
(-0.4858153564 -0.7188009657 -0.2286)
(-0.6186561302 -0.4431363479 -0.2286)
(-0.244716291 -0.1682215529 -0.2286)
(-0.5868828348 -0.6821793267 -0.2286)
(-0.5112482605 -0.2493800925 -0.2286)
(-0.5127687993 -0.3785471909 -0.2286)
(-0.3726586239 -0.183510196 -0.2286)
(-0.6030195665 -0.5663234993 -0.2286)
(-0.2774405112 -0.2679706592 -0.2286)
(-0.3848115411 -0.3384518691 -0.2286)
(-0.469955618 -0.6012655717 -0.2286)
(-0.5201031192 -0.4933959283 -0.2286)
(-0.1103478922 -0.09700054772 2.15384483e-17)
(-0.1104924149 -0.07762322484 1.723581829e-17)
(-0.108617799 -0.116500348 2.586827375e-17)
(-0.09312899326 -0.1044688567 2.319674602e-17)
(-0.0916387523 -0.08635006236 1.917356548e-17)
(-0.127 -0.0983117321 0.01714304567)
(-0.127 -0.1175629316 0.01902036269)
(-0.127 -0.1354762143 0.01876298169)
(-0.127 -0.1070675975 0.03693466899)
(-0.127 -0.1255132875 0.04722054153)
(-1.011184136 -1.009539656 0.0005384855033)
(-1.157752193 -0.9836025551 0.03351261231)
(-1.175630049 -0.9928757244 0.2128111498)
(-0.958072092 -0.8633578446 -0.009348632538)
(-1.113202161 -0.6631654589 0.01404623044)
(-1.200297261 -0.8547045685 -0.06278439524)
(-1.147542852 -0.8302745461 0.1627860961)
(-0.8705414286 -1.033414318 -0.0616646263)
(-0.9431787767 -1.025581299 0.2673438605)
(-0.7293534844 -0.6475110162 -0.02461885331)
(-0.8365320696 -0.7477269605 0.1157218459)
(-0.904991017 -0.3836279198 0.04301466432)
(-0.9518828523 -0.5641490399 0.0783266232)
(-0.8972411126 -0.6112696323 0.2554672638)
(-0.9339306741 -0.6823185878 -0.003682689057)
(-0.9695464408 -0.7304874688 0.2004330313)
(-1.109194855 -0.330033426 0.04664727332)
(-1.124857454 -0.3613739487 0.2288298382)
(-1.091619957 -0.4799261217 0.04095690928)
(-1.140486791 -0.5070956926 0.2428079668)
(-1.101017881 -0.6665257251 0.1928539154)
(-1.275707988 -0.6485785199 -0.143123485)
(-0.8304453642 -0.167707012 -0.06374219508)
(-0.7828329029 -0.4013844629 0.09927920099)
(-0.9591656546 -0.2606940235 -0.0561510569)
(-0.9975521302 -0.430180855 0.1574843597)
(-1.199579945 0.1368775439 -0.06183019908)
(-1.108612183 -0.01524466295 0.01295847069)
(-1.132979102 -0.1774172282 0.001209455005)
(-1.102811053 -0.1653784225 0.2263994977)
(-1.253699313 -0.3947640122 -0.1016696213)
(-0.8657300667 -0.01947699304 -0.03477057556)
(-0.9288844564 -0.02807259286 0.2108863303)
(-1.178954916 -0.05614408273 0.1906596993)
(-0.8901188017 0.1430682253 -0.07441519386)
(-0.8808702278 0.2222604056 0.1616851511)
(-1.160241841 0.3242920557 0.003414877022)
(-1.100329958 0.1309723093 0.2477784456)
(-1.018589283 0.3374199615 -0.07970356309)
(-0.9707036294 0.2965217542 0.2501194331)
(-1.118768954 0.3225351374 0.2123558791)
(-1.21052732 0.4346225528 -0.1119803824)
(-0.8010590775 0.3392451795 0.2106927405)
(-0.6535799569 0.3492577866 0.2540708952)
(-0.9526981167 0.1155933489 0.2598331748)
(-0.8745396047 -0.8621654916 0.232830896)
(-0.7120016832 -0.4813104629 0.2235308171)
(-0.5569552282 -0.1808288066 0.1755279497)
(-0.8186844605 -0.169486263 0.2336367901)
(-0.9461928553 -0.1829135097 0.272921894)
(-0.7404207246 0.1692263665 0.2439501249)
(-1.248545186 0.2287400538 0.2669356842)
(-1.254539659 -0.2084365293 0.2682779831)
(-1.253845473 -0.0682492966 -0.02009449127)
(-1.278143224 0.3077624595 -0.1204275381)
(-1.151523993 0.2746390012 -0.140351318)
(-1.255372565 0.4303237683 0.03128112101)
(-1.2747189 0.4420787971 0.1553955545)
(-1.223965086 0.394326394 0.2623025567)
(-1.247284458 0.05855200172 0.2406610084)
(-1.272016155 -0.731422917 0.1817026487)
(-0.6874164835 -0.6630309707 0.2412054504)
(-0.6866425872 -0.8348364615 0.1948100183)
(-1.233166979 -0.444662729 0.05036290355)
(-0.8277939053 -0.5070190626 -0.05547877484)
(-0.6410089771 -0.5641012897 -0.01921765688)
(-0.4970987359 -0.5003443218 0.0118383343)
(-1.25074592 -0.2321558378 0.03285076599)
(-0.620698736 -0.1831640252 0.05975973392)
(-1.272971535 -0.3644917298 0.1559968923)
(-0.7608930832 -0.3260764885 0.2514846434)
(-0.6272555888 -0.3044593337 0.2312379642)
(-0.456175373 -0.3850788544 0.1335059077)
(-0.4561556437 -0.6583644073 0.03861405499)
(-1.256988616 -0.8245859663 0.2796568397)
(-1.260633218 -0.6062029838 0.278207755)
(-0.8331124459 0.2916465226 -0.06557422074)
(-0.3077118921 0.1264945657 0.1673815534)
(-0.2818671939 0.3237117373 0.03456086091)
(-0.8701065777 0.4317983386 0.2852711972)
(-0.5110809703 0.1447240383 0.1305516274)
(-0.4443140117 0.3952383609 0.2486833574)
(-0.319667561 0.2915794841 0.1779031893)
(-0.4953935982 0.3815316262 0.03795622622)
(-0.6619475224 0.3710172517 -0.01588095819)
(-0.6213865615 0.03010440404 0.2169274747)
(-0.6500687308 -0.8752642156 0.03298711392)
(-0.6931310634 0.1341196077 -0.03233629493)
(-0.4905258523 -0.4831006224 0.1881365868)
(-0.9296892937 -0.3244357558 0.2805589065)
(-0.4717855069 -0.03237377894 0.1808347407)
(-0.2990678544 -0.01605216963 0.1977817917)
(-0.6493118809 -0.05788473547 0.01714390883)
(-0.8843942327 -0.09882918635 0.3089946524)
(-0.3182151554 0.132243843 0.00210058205)
(-0.3209131196 -0.04470194158 -0.01683488494)
(-0.3054999809 -0.1833784817 -0.01637871349)
(-0.2837841747 0.2567358468 0.3061589415)
(-0.798053273 -0.876412963 3.531662622e-05)
(-0.4471768218 -0.6619826706 0.2102847872)
(-0.7325263517 0.03716008824 0.2833255136)
(-0.8458699822 0.04431796265 0.2861178791)
(-0.3411325637 0.1728459409 0.3019779775)
(-0.4668200496 0.2299899103 0.245451238)
(-0.4624560019 0.1751338418 0.03201358446)
(-0.4559489608 -0.06375474887 0.01461643207)
(-0.4795955196 -0.2026961517 1.898485402e-05)
(-0.3605419819 0.1773960502 0.210357378)
(-0.4589475949 -0.3890555963 -0.03990451989)
(-0.7410843826 -0.3097196092 -0.0133469294)
(-0.7809427781 -0.06148577106 0.2889055968)
(-0.3250859152 -0.1845114114 0.1545541885)
(-0.290713157 0.01095328565 0.304144899)
(-0.2692123345 0.09256788217 0.2896186984)
(-0.2941221598 0.111846738 0.2303515804)
(-0.6857510406 -0.1588508769 0.2729455016)
(-0.6606851852 -0.04694011878 0.283631135)
(-0.7475232595 -0.04939590831 0.1933206021)
(-0.6171298298 0.04889083813 0.3097591197)
(-0.4459807817 0.0150602617 0.2467887171)
(-0.3680013863 -0.01688756074 0.3021784622)
(-0.5914528971 -0.5464093096 0.2590012495)
(-0.5560993958 -0.07580384007 0.3025082674)
(-0.2889414012 -0.06366424214 0.3004234455)
(-0.4932090462 -0.6690241524 0.2965275693)
(-0.2635696156 -0.1319776835 0.2790578806)
(-0.2791971705 -0.1437435005 0.1950672278)
(-0.2908609669 -0.08034705466 0.2144385568)
(-0.5301407565 -0.3886804544 0.2585011054)
(-0.2291312496 -0.2363428063 0.2831282347)
(-0.2743380715 -0.2113121897 0.2056688922)
(-0.5763398739 -0.8017941089 0.05109794178)
(-0.914661566 0.4399291896 -0.1236477202)
(-0.4690011853 0.4184754503 -0.1085746959)
(-1.073437237 0.4406030599 0.2814191777)
(-0.7616192701 0.4353846566 -0.1109248092)
(-0.8736674281 0.4039388239 0.07594424212)
(-0.5843449514 0.4329469859 0.166958142)
(-1.26358744 -0.2084232869 -0.1096371364)
(-0.308044863 -0.2319183784 0.03035212207)
(-0.3574174746 -0.278504357 0.02379172117)
(-0.2880999175 -0.1567712035 0.0350800145)
(-0.2827006404 -0.2177063756 -0.04419700895)
(-0.1910364573 -0.1636869501 0.04288040184)
(-0.2824800287 -0.1385147509 0.1281318152)
(-0.3429594312 -0.1621215764 0.03153799677)
(-0.4328911203 -0.1511552791 0.03846091322)
(-0.4068010488 -0.1650732094 0.1429430257)
(-0.3879115065 -0.05534493112 0.05871714157)
(-0.3776582271 -0.1417285003 -0.04832730819)
(-0.2845635964 -0.1369398462 -0.008904761255)
(-0.3555343197 -0.218830862 -0.03310724503)
(-0.2669936779 -0.08831841607 0.03867386945)
(-0.2713531325 0.008901211776 0.06736739509)
(-0.3019470423 0.09096100444 0.03843931643)
(-0.2622085212 -0.09404689962 0.1588841345)
(-0.279263243 -0.06900549925 -0.03643024363)
(-0.270710221 -0.0832013331 -0.1264521236)
(-0.1982590213 -0.1365020931 -0.03469709448)
(-0.2884053421 -0.1446135867 -0.123712192)
(-0.2095161191 0.07946713575 0.02670476991)
(-0.2169497812 0.009812412838 -0.02251646875)
(-0.2163405376 0.01401292847 -0.09303359605)
(-0.1879765475 -0.08243852746 -0.02175917737)
(-0.170853213 -0.05828231391 -0.11841736)
(-0.1920238686 -0.1627706473 -0.134220075)
(-0.4273779372 -0.2295044671 0.07059315193)
(-0.4524811093 -0.3232207139 0.04489263031)
(-0.3767520831 -0.2776320961 -0.06253958221)
(-0.362951738 -0.2858620214 0.1246614304)
(-0.2748669268 -0.2526563981 0.1263833289)
(-0.3573746162 -0.1557600661 0.2045367064)
(-0.2184524266 -0.1791437155 0.06625693152)
(-0.2552495183 -0.16942451 0.057257532)
(-0.1739082084 -0.1323556884 0.06354570287)
(-0.1824705099 -0.1784386211 -0.02642164105)
(-1.177296799 -0.04603926121 -0.126644868)
(-0.2033460661 0.1863488129 0.2242643288)
(-0.3558947109 0.08369681163 0.03368674303)
(-0.4397712993 0.09049613736 0.06453433749)
(-0.3720406843 0.1563901759 0.04702141417)
(-0.2930055431 0.1874303991 0.02750360185)
(-0.2628748715 0.2571380904 0.06179927103)
(-0.2643937459 0.1055207532 0.1464053802)
(-0.2822094066 0.1058724127 -0.03873347209)
(-0.2928102133 0.08407126379 -0.1150980029)
(-0.2725219225 -0.007605272748 0.115284253)
(-0.3529715498 -0.000789507135 0.1570562496)
(-0.2750791048 0.02075325117 -0.04241478913)
(-0.342930307 -0.008314804317 -0.04305316718)
(-0.270580788 0.02270137161 -0.0952092269)
(-0.3639201761 0.02105327168 0.06108600989)
(-0.449144242 -0.01028283647 0.06615803205)
(-0.5057674381 0.01344878771 0.009685494923)
(-0.5955765468 0.008589965579 0.05020287465)
(-0.5159714438 0.03437592808 0.1335993705)
(-0.4162053792 0.003414890032 -0.01430704565)
(-0.4239232943 -0.03991485509 -0.1134332252)
(-0.3586839974 0.08797301376 0.115751024)
(-0.4379586593 0.1110564129 0.1784743689)
(-0.3659335332 0.1552601333 0.1269807506)
(-0.3590449356 0.0874498986 0.1945506457)
(-0.2956671427 0.1867307048 0.1120907585)
(-0.2677426856 0.2541240551 0.1468726421)
(-0.2677009671 0.1789781203 0.194105118)
(-0.2176423484 0.3253639894 0.1171539572)
(-0.2051976699 0.2611526531 0.2225522377)
(-0.1920893314 0.1802142279 0.3015216044)
(-0.3697952453 -0.07335681061 0.1231909198)
(-0.462579247 -0.1076274205 0.1459881441)
(-0.368451598 -0.07612599657 0.2173463552)
(-0.3647682812 0.004341477404 0.2153000114)
(-0.3588192331 -0.07363301761 -0.03721663417)
(-0.4317479486 -0.07957277898 -0.04559863223)
(-0.3499222857 -0.07242732944 -0.1223734019)
(-0.2383032387 -0.05063178844 0.03161770948)
(-0.5342652716 -0.08285293038 0.03947127393)
(-0.1689286784 -0.05182129808 -0.004120408392)
(-0.09914731428 -0.09698073392 -0.04137682623)
(-0.2605470184 -0.05573909972 0.1150115337)
(-0.2330449748 -0.1011709833 0.04144210482)
(-0.2504676851 -0.1334336146 0.02069608165)
(-0.4613499694 -0.1311773715 -0.02617973158)
(-0.5134776423 -0.1587712509 -0.07357631345)
(-0.4362381893 -0.2314556101 -0.04597451884)
(-0.4425104018 -0.1305370981 -0.1222563631)
(-0.3494997855 -0.2383955854 -0.1421145613)
(-0.3698243093 -0.1600808777 -0.1250573186)
(-0.2591695924 -0.08862606727 -0.01225728548)
(-0.2136207097 -0.1406492372 0.03932949997)
(-0.2323914891 -0.1332744781 -0.01915191029)
(-0.2196541997 -0.09215098421 0.001869391414)
(-0.1700557526 -0.1337357653 0.0322307548)
(-0.1830926476 -0.1333384522 -0.0160816418)
(-0.1743883959 -0.08503998809 -0.07415712171)
(-0.1376758868 -0.09342889299 -0.05671751404)
(-0.1339606189 -0.09735432021 -0.09548136851)
(-0.2336507886 -0.01044155817 0.05449119139)
(-0.2953916953 -0.06064033156 0.01844539351)
(-0.3540200428 -0.03544253456 0.01674192737)
(-0.5138583574 -0.0598070893 -0.08167764623)
(-0.6139971907 -0.06743401005 -0.065366131)
(-0.7201286166 -0.03479127655 -0.09695340073)
(-0.5876901652 0.02300854927 -0.05274466362)
(-0.3780081352 0.09711387104 -0.04449576158)
(-0.4915902557 0.06310867708 -0.1194146689)
(-0.3813379737 0.1950700513 -0.03480321576)
(-0.3385765413 0.2636882384 -0.009627988671)
(-0.3589887565 0.1368295729 -0.1407449063)
(-0.3611736875 0.0279519255 -0.121966056)
(-0.2818305531 -0.04384494982 -0.01208342395)
(-0.2889991321 0.1837596843 -0.06164090172)
(-0.2587820151 0.2704912755 -0.02166277632)
(-0.2546522563 0.3520515528 -0.04411994553)
(-0.2702943641 0.1709457716 -0.1405121766)
(-0.2682184123 -0.01972033919 0.02523592093)
(-0.2528568317 -0.02939267871 0.07777416568)
(-0.2296770133 -0.04399169888 -0.007040000393)
(-0.2584611175 -0.04280396803 -0.04458294625)
(-0.2210704285 0.03841269433 0.02394429591)
(-0.5666981011 0.1074384605 0.04657463971)
(-0.4402068221 0.2724903523 0.02723334085)
(-0.3538234403 0.2427710688 0.06934791074)
(-0.3706339674 0.3424104754 0.07098887184)
(-0.2138174382 0.05135351252 -0.01106089697)
(-0.2060356222 -0.01771851997 -0.01200613242)
(-0.2198985763 -0.01941515268 -0.0500652748)
(-0.2263661224 -0.06209960072 -0.04745896585)
(-0.2043019635 -0.03181856462 -0.09586774269)
(-0.2041733069 0.4132598377 0.07114172224)
(-0.1894549968 -0.05168615507 -0.05954074392)
(-0.2955353951 -0.05199285433 0.06254363066)
(-0.3431570405 -0.0453865634 0.0741251617)
(-0.7718279659 -0.08821515048 0.07461882988)
(-0.7063913609 0.03643545079 0.09867337404)
(-0.6293397806 -0.06564166667 0.1363230735)
(-0.5225454602 -0.1773745269 0.04265501607)
(-0.5232455554 -0.2677938763 0.02735278529)
(-0.5129982623 -0.05544750804 0.1260301421)
(-0.5508182509 -0.05647902881 0.2084302526)
(-0.4631167777 -0.1182088847 0.2504981897)
(-0.3553697435 -0.1560085363 0.2787682058)
(-0.3252956985 -0.009776040749 0.1022965149)
(-0.3360222975 -0.0976168449 0.06743765284)
(-0.2907862734 -0.09679737901 0.06868517764)
(-0.3006981541 -0.09044773986 0.1104096055)
(-0.3040453979 -0.04359168949 0.117549195)
(-0.2954823842 -0.06209401757 0.1564050707)
(-0.252639429 -0.07496925307 0.07173118384)
(-0.2563822751 -0.1215063092 0.07217632898)
(-0.2624414188 -0.03508137511 0.1584271607)
(-0.2233486667 0.112128025 0.0663734285)
(-0.2091851348 -0.1344775168 0.07767687015)
(-0.1475235913 -0.1175928372 0.05575321726)
(-0.3853474997 -0.0154317552 0.1109547965)
(-0.6088135321 0.03747289834 0.1231722747)
(-0.8361855786 0.07619559646 0.1306996683)
(-0.6170634071 0.1247992146 0.144507756)
(-0.5650949754 0.253594251 0.11179451)
(-0.5549260315 0.1366592809 0.2481361)
(-0.5364160636 0.0299374877 0.2225550596)
(-0.5274211616 0.03033616052 0.304412751)
(-0.4309802312 0.2025256889 0.1296391794)
(-0.4344961474 0.3045257564 0.1298992402)
(-0.4466016419 0.1307083652 0.2976387323)
(-0.3401671285 0.03496106136 0.1197197102)
(-0.3506940506 0.2518706581 0.1485088914)
(-0.3609041656 0.3508185798 0.160662296)
(-0.3977173629 0.4384163054 0.1042410007)
(-0.3832960069 0.2830820678 0.2109759292)
(-0.3781481858 0.2886232041 0.2950773036)
(-0.3633089003 0.08235185966 0.2877948658)
(-0.2934632206 0.03462451547 0.1343079716)
(-0.2865283612 0.07133721321 0.1070680539)
(-0.3060099828 -0.007262033241 0.149340605)
(-0.2579749663 0.03267029332 0.1136204181)
(-0.2546643861 0.1058700409 0.1032652845)
(-0.3005697851 0.318116785 0.114624311)
(-0.2922590165 0.4051167733 0.1392211897)
(-0.3201214024 0.4488098563 0.2115513385)
(-0.2818037373 0.3335397037 0.2188920725)
(-0.2856033366 0.3626197253 0.3042690792)
(-0.3064358156 0.2451147749 0.2280064755)
(-0.2680059746 0.1802251393 0.2700900152)
(-0.2534289299 0.06804817907 0.1372717044)
(-0.2654932246 0.01928536271 0.1699565708)
(-0.2191366903 0.07040209039 0.1040295719)
(-0.2233320142 0.1062857618 0.1260481216)
(-0.2202779693 0.1543570687 0.107563323)
(-0.2067834547 0.4360198628 0.2016468427)
(-0.2422768375 0.4550480223 0.305077203)
(-0.1705517506 0.3546297284 0.1988526508)
(-0.1606860662 0.363462699 0.2878471061)
(-0.1965274011 0.2799204088 0.311908161)
(-1.112058714 -0.3205538917 -0.1071490611)
(-1.110843987 0.04192870847 -0.1420084753)
(-0.6085041458 0.1015932089 -0.1404689626)
(-0.7980090435 -0.6777173999 -0.1342053527)
(-0.6550897514 -0.785693494 -0.1275433268)
(-0.5480254321 -0.7287463034 -0.114563187)
(-0.717086296 -0.562400496 -0.1316263189)
(-0.7516942054 -0.3770275063 -0.1256247949)
(-0.8706989551 -0.3707691226 -0.1187827833)
(-0.7829934317 -0.2785072116 -0.1366261309)
(-0.4355385681 -0.6072811451 -0.1482160495)
(-0.536282801 -0.6287540988 -0.1354607838)
(-0.6100753627 -0.4846740369 -0.1307248148)
(-0.7026765352 -0.455026036 -0.1448635761)
(-0.6972106154 -0.4792700958 -0.03631205481)
(-0.4457995374 -0.4517501396 -0.1282716101)
(-0.5391108861 -0.3911682228 -0.1109973101)
(-0.4615252552 -0.3132530223 -0.123271912)
(-0.2529864497 0.03043125815 -0.01490507013)
(-0.2493102948 0.06958754865 0.004019545292)
(-0.2075687045 0.03149839596 -0.05172545572)
(-0.2474972549 0.005590509584 -0.05486868422)
(-0.253644685 -0.03596739763 -0.08952485852)
(-0.1886026125 -0.01085513746 -0.1395990565)
(-0.2529041677 -0.009931900873 -0.01993251911)
(-0.2889689873 -0.003187200998 -0.01148288849)
(-0.2673745139 0.02225577553 0.02183180733)
(-0.3088041444 0.04333237084 0.03700658197)
(-0.2598377709 0.06301065092 0.05812024777)
(-0.3053267112 -0.08815107139 -0.02017399)
(-0.3049319571 -0.06029585834 -0.06462242304)
(-0.2652102271 -0.08740348274 -0.06585539926)
(-0.2228588123 -0.1688293535 -0.02557113942)
(-0.2121066302 -0.1999020785 -0.00457932421)
(-0.2127909009 -0.1009638226 -0.04591241556)
(-0.2170320714 -0.09123986645 -0.08952067846)
(-0.2255043602 -0.06605881353 -0.1458847881)
(-0.312946832 -0.006623399417 0.02832320188)
(-0.1668565535 -0.03224351253 -0.04296582574)
(-0.1845387918 -0.1351623995 -0.06015242592)
(-0.1720269159 -0.1290720419 -0.09567781243)
(-0.1770043969 -0.1074012863 -0.1319736808)
(-0.1793344438 -0.07336360237 -0.1651206919)
(-0.1413880884 -0.08061674909 -0.004962051974)
(-0.137480672 -0.06174514477 -0.01810275789)
(-0.12285176 -0.08553889479 -0.01708001694)
(-0.1192174497 -0.08140596491 -0.04011403898)
(-0.2264928729 -0.1776333728 0.029945737)
(-0.1081052953 -0.1195723048 -0.02211799425)
(-0.08542532479 -0.101389239 -0.01985125105)
(-0.1074279453 -0.09838921726 -0.01755045165)
(-0.1330445553 -0.1203750845 -0.0203632111)
(-0.1238145996 -0.1086302175 -0.03928883193)
(-0.1458416517 -0.09350095143 -0.02416558374)
(-0.1104933001 -0.1057802422 -0.06346549903)
(-0.1475056248 -0.1027985464 -0.005387156083)
(-0.1687621985 -0.1061463456 -0.004036471792)
(-0.1791003211 -0.09561803828 0.01218013482)
(-0.1962669286 -0.1146787032 -0.01018032743)
(-0.3343849463 -0.1228589889 -0.01153785262)
(-0.5859564709 -0.1483591419 -0.03198116901)
(-0.6953010261 -0.1523074377 -0.02857194504)
(-0.7018091743 -0.2023222927 -0.1278182731)
(-0.6197771684 -0.2341202216 -0.03801860844)
(-0.6146960845 -0.1333856544 -0.1238392695)
(-0.5307049676 -0.2351942769 -0.05929048884)
(-0.5319999943 -0.3211164867 -0.03542493586)
(-0.5725363244 -0.2167400156 -0.1392829546)
(-0.4550684999 -0.2167027156 -0.1503879906)
(-0.2987582918 -0.1098901302 0.03026914854)
(-0.3054255431 -0.1280953295 -0.05779871665)
(-0.2554452098 -0.170524177 0.001304673359)
(-0.2492220121 -0.2195806679 -0.009685437156)
(-0.2594135475 -0.1683936096 -0.05349136789)
(-0.251860073 -0.1215881169 -0.05126704068)
(-0.251383064 -0.1292949611 -0.08913216255)
(-0.2269427819 -0.213281572 0.03765617809)
(-0.2289993037 -0.2140547885 -0.05165027384)
(-0.2036323077 -0.1796901366 -0.05499566567)
(-0.2192543653 -0.1713976714 -0.09471846618)
(-0.2222834772 -0.1372492743 -0.06748956649)
(-0.2236634533 -0.1285250396 -0.12178547)
(-0.2217046579 -0.1310826242 -0.1769663224)
(-0.3378847207 -0.08231450635 0.02196545277)
(-0.3924106857 -0.099193152 0.01443045885)
(-0.161177245 -0.07992954836 -0.003288156162)
(-0.1712109519 -0.1354084644 0.0007768670849)
(-0.1645786417 -0.1197418263 -0.02266013943)
(-0.1675423647 -0.1054697504 -0.0492593125)
(-0.1498266514 -0.1210324009 -0.00154110285)
(-0.1486823972 -0.1402942436 -0.01319607419)
(-0.1458885504 -0.123330884 0.01679692731)
(-0.1495537098 -0.126257494 -0.03864353269)
(-0.148281689 -0.0990508617 0.01435454457)
(-0.1423713235 -0.101496172 0.03631923034)
(-0.1961891941 -0.1475135937 -0.008089299719)
(-0.1674877964 -0.1612640142 -0.004257190469)
(-0.1708345291 -0.146667854 -0.02825348226)
(-0.1490407114 -0.1416154432 0.01001918912)
(-0.1468745933 -0.1424007471 0.03919767634)
(-0.1365953119 -0.1212754088 -0.06680636912)
(-0.1926415308 -0.1747098647 -0.001570972076)
(-0.5352980176 -0.3903292239 0.04315494112)
(-0.4498183538 -0.4391900001 0.04584628745)
(-0.4453972511 -0.2966987265 0.1417658343)
(-0.4015113046 -0.3333096151 0.2101104613)
(-0.3493079764 -0.2393995563 0.2009038763)
(-0.4386555731 -0.2309653013 0.2129896598)
(-0.3448952981 -0.2536279869 0.2891551541)
(-0.2936545134 -0.2482647369 -0.01082459169)
(-0.3111449308 -0.2737436237 -0.06069484635)
(-0.2751261072 -0.2019622525 0.02768161563)
(-0.3080076685 -0.2034285627 -0.08577697378)
(-0.2799478989 -0.3049228392 0.2168731911)
(-0.2584448078 -0.2550390277 0.02548726748)
(-0.2592554004 -0.2185646976 0.07221202017)
(-0.2515252946 -0.2138305778 0.112404813)
(-0.2534330584 -0.207817525 -0.08784415041)
(-0.243643754 -0.2051255197 -0.1447638279)
(-0.297265147 -0.2650718395 0.07299632744)
(-0.3963375696 -0.4671177958 0.1096672934)
(-0.2370830522 -0.2515470865 0.05987509453)
(-0.4543505504 -0.542247331 -0.05411030306)
(-0.4096537575 -0.6411817624 -0.0374146311)
(-0.6703166211 -0.3970626098 0.09294627658)
(-0.5935697453 -0.4801239169 0.03362104121)
(-0.5685395936 -0.3913749378 0.1442828081)
(-0.5344838163 -0.3899620987 -0.03710889953)
(-0.4628220413 -0.5592342553 0.05757034989)
(-0.3658285699 -0.4635773532 0.2076108969)
(-0.3626478177 -0.3950561215 0.291971991)
(-0.521327603 -0.4537659733 -0.04554288129)
(-0.406231809 -0.5564212926 0.1264105478)
(-0.3573456811 -0.6213875266 0.1884949665)
(-0.5111732429 -0.48685523 0.09725436613)
(-0.5490887445 -0.5437079956 -0.05723882998)
(-0.5908569823 -0.632581303 -0.04577709163)
(-0.6142888942 -0.5626767765 -0.1069378474)
(-0.5081360644 -0.6609034677 -0.04204405009)
(-0.5376781999 -0.582951199 0.02964146078)
(-0.5123996142 -0.5438454222 -0.1551887884)
(-0.526466784 -0.4647065886 -0.1367214008)
(-0.6074547825 -0.491775106 -0.04655394702)
(-0.6206032112 -0.4006743335 -0.03614579875)
(-0.7004562288 -0.5257207905 0.0725418839)
(-0.6013813374 -0.5462867888 0.07624573337)
(-0.6002510773 -0.4957296151 0.150091432)
(-0.38494218 -0.5588505758 0.2943171847)
(-0.5584294786 -0.6584168502 0.04374552327)
(-0.6437944398 -0.6324605157 0.04171977348)
(-0.6220549786 -0.6083549764 0.1351211784)
(-0.5116515463 -0.7206657161 0.05797779767)
(-0.518597795 -0.6443922304 0.1165027832)
(-0.4308299862 -0.6491063591 0.1153450373)
(-0.5221837334 -0.5606076547 0.1388661878)
(-0.470487077 -0.576666979 0.2201762682)
(-0.6064335235 -0.7188802298 -0.01237960413)
(-0.5927739379 -0.8081327514 -0.0461856014)
(-0.6533130379 -0.6541503395 -0.1279178774)
(-0.5245376497 -0.7734921537 -0.02497133156)
(-0.6831425794 -0.7898848847 -0.02170382337)
(-0.8372260813 -0.7738680089 -0.07218120648)
(-0.7126717418 -0.8625344318 -0.08246147909)
(-0.5203448758 -0.8087165661 0.1443617221)
(-0.3012856802 0.03007387884 -0.01602387106)
(-0.3449736604 0.0349839839 -0.0003698256989)
(-0.492191098 0.09446000466 -0.01893308673)
(-0.5726519914 0.108557873 -0.05565756658)
(-0.540474261 0.2110724406 -0.06720886707)
(-0.4257783175 0.2747668686 -0.1082150957)
(-0.4456765937 0.1690971784 -0.1353594714)
(-0.3522225996 0.3466435853 -0.03360756176)
(-0.3921615256 0.4439354122 -0.01528636037)
(-0.3178260968 0.2623248596 -0.1218441861)
(-0.2966117413 0.07063058246 -0.001540587058)
(-0.3136074263 0.04449500188 -0.06064450124)
(-0.2576175654 0.151052774 -0.01888780638)
(-0.2947743043 0.4561239592 -0.03901243887)
(-0.1900471683 0.4227553737 -0.03569826552)
(-0.2984612745 0.4169444075 0.04783274202)
(-0.3036565726 0.3967859185 -0.1321412308)
(-0.2550234915 0.05837511809 -0.04956330758)
(-0.2279022946 0.1016515531 -0.01932172103)
(-0.2334606644 0.1190193647 -0.07310073096)
(-0.2161985222 0.06799004132 -0.08912716261)
(-0.2365691319 0.03725639856 -0.1543404763)
(-0.2911226004 -0.0117525661 -0.05211146929)
(-0.3094350584 -0.01932594314 -0.09707102732)
(-0.2848816224 -0.0160510136 -0.1551838014)
(-0.2355896373 -0.01189107335 -0.1295700007)
(-0.2175239937 -0.02284582112 -0.1798622197)
(-0.1902820608 -0.005314356588 -0.03881036393)
(-0.593550672 -0.7157774565 0.120542243)
(-0.7035668028 -0.7384716376 0.07956121707)
(-0.4964000908 -0.7240250062 0.1424064469)
(-0.551688367 -0.7509985179 0.237900724)
(-0.4384140276 -0.747203044 0.2003850496)
(-0.5534902511 -0.646470244 0.1984038123)
(-0.1927134758 -0.0693191315 0.01119951641)
(-0.1916393505 -0.04302133832 -0.02266772365)
(-0.1558035097 -0.04183135935 -0.02179453261)
(-0.1673698906 -0.06591280098 -0.03150314848)
(-0.1477015817 -0.06314888053 -0.04799784559)
(-0.1641939361 -0.1183281802 0.01318987608)
(-0.1864159469 -0.1238533691 0.01472428572)
(-0.2148858716 -0.1286135824 0.01178282713)
(-0.1431547671 -0.1200589212 0.03420334239)
(-0.1922194884 -0.1549989487 0.01680382531)
(-0.2197096236 -0.1605449006 0.005212211906)
(-0.3016622404 -0.1400336669 0.07685632285)
(-0.2468396563 -0.1710297459 0.1028215536)
(-0.4036586373 -0.3356461258 -0.03277681745)
(-0.6245253238 -0.3159899887 -0.02896458969)
(-0.6193353522 -0.3050134717 0.06999711835)
(-0.6202296342 -0.3324892906 -0.1276498545)
(-0.5219141748 -0.2788557687 0.1124674517)
(-0.5049866724 -0.3077639899 0.2041935978)
(-0.5249910674 -0.2605998424 0.2826409018)
(-0.4435557243 -0.3116331892 0.300295817)
(-0.8488434187 -0.9827405206 0.1039290146)
(-0.7367310512 -0.9978292047 0.2361909048)
(-0.128261188 0.4596932665 0.3043296099)
(-0.4420554399 -0.02935593957 0.129038119)
(-0.4307214513 -0.0809229897 0.08332481748)
(-0.4177997157 0.04000295731 0.1080923401)
(-0.4041792502 0.03014507202 0.1647359869)
(-0.4059237969 -0.03558020235 0.1768217431)
(-0.3270574744 0.03874153774 0.1737563047)
(-0.3614531008 -0.134188106 0.09356640501)
(-0.3393303826 -0.04792944087 0.1607459361)
(-0.3001273529 0.1192466761 0.1113220413)
(-0.3064783143 0.07795125711 0.1470302321)
(-0.3179352912 0.07407740366 0.07430640746)
(-0.3147291955 0.04422262724 0.2333592515)
(-0.3032161366 0.03106187115 0.08603818115)
(-0.3267863817 -0.1123567349 0.1601541537)
(-0.3145410388 -0.02032463262 0.2504232508)
(-0.2607773074 0.1446996722 0.1351205244)
(-0.2571208554 0.1238766499 0.1887872415)
(-0.2650860761 0.06874370616 0.1820997497)
(-0.3103217782 0.07971743099 0.1924535472)
(-0.2224948422 0.1947661433 0.1556268019)
(-0.2199726542 0.1263367612 0.2402619659)
(-0.2789209629 0.1037784163 0.07094944322)
(-0.317071574 0.1302526901 0.06329594054)
(-0.2643278463 0.1464778882 0.07544701867)
(-0.2600186436 0.1168284459 0.02320434382)
(-0.2335118885 0.1980753751 0.07619699396)
(-0.2302224569 0.003824532623 0.01047796397)
(-0.1652359762 -0.1051032694 0.03429858148)
(-0.1990139784 -0.1061441385 0.03566192325)
(-0.3126938506 -0.1996364321 0.08803063217)
(-0.2720537382 -0.1891043027 0.1449721969)
(-0.1990647062 -0.1880269934 0.01875458864)
(-1.267425071 -1.002254291 -0.1244651711)
(-1.105200246 -1.035425952 -0.1144513951)
(-1.041151317 -0.9102153683 -0.1201246507)
(-1.043060082 -0.7323836694 -0.1146647329)
(-1.023321912 -1.130551596 0.1419330338)
(-0.9724152517 -1.054599938 -0.1354511518)
(-1.21780285 -0.7115003249 -0.08057748415)
(-1.011999159 -0.5678317651 -0.1040755843)
(-1.030678455 -0.8017061069 0.08856107563)
(-1.140371198 -0.5406330132 -0.08850385742)
(-1.25990766 -0.5479629523 -0.06589464833)
(-1.251240311 -0.6998185194 0.0644467866)
(-1.017358494 -0.9502162792 0.1406217069)
(-1.028402174 -0.8599735996 0.2674638338)
(-1.268823196 -0.8546520087 0.1268036653)
(-0.9785474554 -0.4257809443 -0.07351961394)
(-1.021689709 -0.09989996551 -0.1000812427)
(-1.030231032 -0.2594793634 0.1036910363)
(-1.179834376 -0.5661472671 0.06640588822)
(-1.268311528 -0.5522820742 0.1525247346)
(-1.010886715 0.06884453996 -0.09407774643)
(-1.013668213 0.07543844992 0.09579282457)
(-1.223087662 0.0921785903 0.1083774348)
(-1.188517636 -0.2397475548 0.1500996876)
(-1.037376686 -0.2640483751 0.2287195964)
(-0.8798522663 -0.2875344663 0.1363784653)
(-1.009355871 -0.1060544632 0.1621949143)
(-0.9877311595 -0.03506814405 0.04111572803)
(-1.024517477 -0.1435508794 0.03403331617)
(-1.037200063 0.232930006 0.08267113793)
(-0.7559431658 0.2418579223 0.08289560606)
(-1.249201971 0.2646300433 0.120979693)
(-1.022816734 0.4192267719 0.1274017637)
(-0.9079652422 -0.1584446373 0.1100880925)
(-0.7299410488 -0.2230923742 0.1264863591)
(-0.871728709 -0.430594937 0.244618551)
(-0.7765258 -0.6131152154 0.1034834688)
(-0.8453087154 -0.5016798653 0.124354519)
(-1.302522369 0.1579690941 -0.1600311062)
(-0.5866767925 0.4602857304 -0.1381837184)
(-1.297608093 0.1250116917 0.3070467479)
(-1.307110014 0.3627700322 0.3204802916)
(-1.316826675 -0.5105765803 -0.1566351225)
(-1.306029975 -0.8732857978 -0.1644016939)
(-1.300429696 0.4674267035 0.2986071998)
(-1.062801637 0.4602497138 -0.1634436271)
(-1.270777381 -0.4074020561 0.2842469107)
(-1.292146239 -0.01392611738 0.3107221436)
(-0.5458940363 0.4597862758 0.3014737649)
(-1.290607878 0.02181508814 -0.1451404937)
(-1.298553712 0.4504939589 -0.1733286582)
(-1.282223382 -1.04673016 0.2913510194)
(-0.7344564458 0.4838233543 0.3150169986)
(-0.3350979293 0.4744025182 0.2979979692)
(-1.28819602 -0.7795116224 -0.1460802142)
(-1.280632266 -0.09423847439 -0.1530113328)
(-0.6398791501 0.4669054367 0.3223419966)
)


// ************************************************************************* //
