/*--------------------------------*- C++ -*----------------------------------*\
| =========                 |                                                 |
| \\      /  F ield         | OpenFOAM: The Open Source CFD Toolbox           |
|  \\    /   O peration     | Version:  2506                                  |
|   \\  /    A nd           | Website:  www.openfoam.com                      |
|    \\/     M anipulation  |                                                 |
\*---------------------------------------------------------------------------*/
FoamFile
{
    version     2.0;
    format      ascii;
    arch        "LSB;label=32;scalar=64";
    class       volScalarField;
    location    "0.0882685";
    object      nut;
}
// * * * * * * * * * * * * * * * * * * * * * * * * * * * * * * * * * * * * * //

dimensions      [0 2 -1 0 0 0 0];

internalField   nonuniform List<scalar> 
3991
(
0.00245363
0.00090385
0.0060724
0.00284841
0.000509964
0.00273195
0.000890114
0.000509426
0.00323681
0.0014485
0.00144965
0.00481915
0.00261411
0.00357522
0.000919761
0.00267771
0.00267596
0.00185443
0.00174468
0.000609576
0.00186803
0.0010339
0.00114671
0.00232129
0.0015198
0.000711826
0.000651556
0.00119001
0.0040911
0.0061726
0.00168128
0.0016393
0.0022804
0.00187548
0.00243676
0.00103779
0.00114152
0.000225754
0.00491957
0.00149589
0.00162438
0.00269197
0.00154295
0.002647
0.00281068
0.000396934
0.000215047
0.00610306
0.00174402
0.000799046
0.000836088
0.00138845
0.00110784
0.000896939
0.000899122
0.00432221
0.00646033
0.00397947
0.00222207
0.00276786
0.000703141
0.000530931
0.000824396
0.0010574
0.00409348
0.00303679
0.00271478
0.0015515
0.0011072
0.00557386
0.00101214
0.0042306
0.000922419
0.00322851
0.00111075
0.00299732
0.000891554
0.000672019
0.00562626
0.000989489
0.00603972
0.00152874
0.00113654
0.00293265
0.00103421
0.000413831
0.00313018
0.00265793
0.00085928
0.00423511
0.00266651
0.00165466
0.000857454
0.000448928
0.00191954
0.000539799
0.000484195
0.001002
0.000946478
0.00252209
0.0043596
0.00456074
0.0014204
0.00663388
0.00389715
0.000328177
0.00218636
0.000488629
0.000282764
0.0020223
0.00132706
0.00190529
0.000948653
0.00356468
0.00496335
0.000429056
0.000428621
0.00123125
0.00472833
0.000933148
0.000518304
0.00113334
0.00463161
0.00181506
0.00111311
0.00148996
0.00186091
0.00216365
0.000850444
0.00133777
0.00310307
0.00118697
0.00246132
0.00514623
0.00360894
0.0044217
0.00548455
0.00455136
0.0030087
0.001076
0.00164548
0.000564505
0.000497541
0.000660899
0.00168273
0.00139447
0.00378456
0.000786025
0.000598988
0.000610147
0.000623678
0.000266471
0.000154632
0.000478935
0.00125235
0.00073692
0.000886272
0.000493457
0.00035742
0.000985836
0.00188921
0.000575398
0.00375672
0.000767128
0.000399312
0.00118351
0.00235262
0.00140189
0.00204018
0.00208735
0.00245468
0.00197299
0.000429136
0.000729298
0.000520737
0.000422617
0.00222665
0.00493039
0.00518991
0.00179314
0.00135429
0.00107408
0.000782973
0.00102868
0.00300146
0.003562
0.0031294
0.00242219
0.00307987
0.000397815
0.0012981
0.00198877
0.000228465
0.000669256
0.00079059
0.00214879
0.00354654
0.00375327
0.000353795
0.00436152
0.00280595
0.00100016
0.000862915
0.00193561
0.00190796
0.000826399
0.0012931
0.00135902
0.00159061
0.000786734
0.000456732
0.00211291
0.00138982
0.000752095
0.00259692
0.00257716
0.00438981
0.000761764
0.000469626
0.00122447
0.00120734
0.000856895
0.00101176
0.000868978
0.000979591
0.000736796
0.00118505
0.00422353
0.00372711
0.000461965
0.00154267
0.00291738
0.000621077
0.000812255
0.0037256
0.00192311
0.004586
0.00192096
0.00281138
0.000550713
0.00106884
0.00053581
0.00174449
0.00453532
0.000506667
0.00247383
0.00494763
0.00433172
0.00207163
0.00202291
0.00282235
0.00419031
0.00284053
0.00413681
0.00419999
0.00239851
0.00202938
0.000598559
0.00115046
0.00100446
0.000351274
0.000727633
0.000676932
0.000599273
0.00336346
0.000268767
0.000793084
0.00195878
0.00235069
0.00225516
0.000303543
0.00114348
0.00310517
0.000563764
0.000195028
0.0010706
0.00431698
0.00257274
0.00519429
0.00154186
0.00108671
0.000437071
0.00330191
0.000453635
0.00365493
0.00163212
0.00411803
0.000786546
0.000761338
0.00188982
0.000316958
0.00123088
0.00400793
0.000291602
0.00251427
0.0035707
0.00117677
0.00349719
0.00195824
0.002922
0.00477847
0.00577964
0.00165038
0.00248335
0.00321891
0.000970951
0.00423566
0.000187445
0.00176406
0.000903246
0.00498648
0.00379214
0.00424055
0.00506509
0.000408975
0.00071383
0.0011049
0.00381431
0.00127019
0.00253209
0.00142837
0.00183092
0.00348143
0.00209921
0.00174819
0.00111698
0.00241926
0.0029902
0.00209622
0.00126437
0.0010743
0.00107376
0.00359977
0.0016524
0.00168159
0.00267901
0.000403976
0.00309836
0.00107446
0.0017729
0.00153414
0.00310785
0.00162573
0.0029875
0.00538413
0.00175582
0.00152903
0.000731683
0.0006538
0.00188817
0.00122848
0.0032005
0.00421177
0.000172404
0.00146479
0.000342086
0.00169559
0.004025
0.000480093
0.00116094
0.00214885
0.00149411
0.00129303
0.00062693
0.00132246
0.00102384
0.00136202
0.00118665
0.00379339
0.00254069
0.000617398
0.00173857
0.000524575
0.00075313
0.00435504
0.000534635
0.00140191
0.0022043
0.00102485
0.00174154
0.000923283
0.000448431
0.000448284
0.00310408
0.00132124
0.0017672
0.000951608
0.000335524
0.000796917
0.001019
0.0019606
0.000940885
0.0028083
0.00254219
0.00441319
0.000660156
0.00437075
0.00594111
0.00174738
0.00236168
0.00282211
0.00100753
0.00159073
0.00161574
0.00122321
0.00344767
0.000423864
0.000304729
0.000787493
0.00253862
0.00189037
0.00148973
0.00107578
0.000601983
0.0018768
0.0017474
0.00316229
0.00111719
0.00272149
0.00236223
0.00197096
0.00174807
0.00197994
0.00383204
0.00584811
0.00187027
0.00144511
0.000741327
0.00124547
0.00394985
0.000837915
0.0017708
0.00133936
0.00426172
0.00521777
0.00582607
0.00448838
0.00438073
0.00172492
0.00144553
0.0024642
0.00254321
0.00203703
0.00149676
0.0030614
0.00476389
0.00388854
0.00292439
0.00153119
0.0013029
0.000681167
0.000757357
0.000736338
0.0018591
0.00246057
0.0011747
0.00156463
0.00275005
0.00248751
0.00218301
0.00166713
0.00276389
0.00192122
0.00169896
0.001194
0.00227545
0.00166843
0.0029313
0.00269985
0.00100313
0.00154693
0.000851833
0.0010733
0.00127248
0.000894861
0.00116647
0.0025888
0.00198526
0.00168199
0.00157781
0.000902937
0.000315123
0.000267278
0.000691227
0.000802903
0.000951587
0.000396545
0.000527614
0.00029248
0.00119009
0.00113369
0.0047322
0.00162957
0.000415065
0.00071485
0.00070974
0.000465202
0.000214477
0.00263693
0.00291229
0.00474927
0.00273873
0.00242286
0.0030557
0.00574001
0.00635429
0.00207444
0.00648146
0.00452194
0.00330088
0.00422788
0.00473876
0.00419801
0.00644262
0.00450463
0.00640714
0.002662
0.00144614
0.00190267
0.00143203
0.00246835
0.00102328
0.00205802
0.00277771
0.00187247
0.000921996
0.000865771
0.00118225
0.0010609
0.00132498
0.00132487
0.000742996
0.00202332
0.00161155
0.000654617
0.00101658
0.000811402
0.00121138
0.000721927
0.000840984
0.000780801
0.000888479
0.000246274
0.000612902
0.000537562
0.000648544
0.00335495
0.000882688
0.00159837
0.000797254
0.000599431
0.00377608
0.00381527
0.00580455
0.00297058
0.00235046
0.00291258
0.00346926
0.00232827
0.00191147
0.00215724
0.000786455
0.000882018
0.000756185
0.00102328
0.000485429
0.000722045
0.000812615
0.00121622
0.00131481
0.00112424
0.00062884
0.00168489
0.000356674
0.000720795
0.000316501
0.00258853
0.00185932
0.00328535
0.000908753
0.00136322
0.0021218
0.000354307
0.00122185
0.00068512
0.00180118
0.000908887
0.000190118
0.000658588
0.000644797
0.00198048
0.00271332
0.000775972
0.000438634
0.000737579
0.000335649
0.00408329
0.00114328
0.000793227
0.00329748
0.000457583
0.00129297
0.00159751
0.000419948
0.00134232
0.00384124
0.000869449
0.000818087
0.000841231
0.000708075
0.000695921
0.00213378
0.00137715
0.00198157
0.00128846
0.000899741
0.00166295
0.000290637
0.00331154
0.00276232
0.00179012
0.00325487
0.00233546
0.0030513
0.00502548
0.000568216
0.00320976
0.000945479
0.00465953
0.00505213
0.0019396
0.00278686
0.0019833
0.00285451
0.00354841
0.00305898
0.000757398
0.000808288
0.000659848
0.00278536
0.00238995
0.00239132
0.00074497
0.000313155
0.000520469
0.00123901
0.00102311
0.00167835
0.00345785
0.000494602
0.00219676
0.00075728
0.00197139
0.00132618
0.000244514
0.000513813
0.0036618
0.000622407
0.00226599
0.00245536
0.00163636
0.00140672
0.00068887
0.000977528
0.00427882
0.000965976
0.00192031
0.00185322
0.000957919
0.000261281
0.00162952
0.000825581
0.000513669
0.00393055
0.000717006
0.00309803
0.00391814
0.00167823
0.000782717
0.00189701
0.00119022
0.000872746
0.00267278
0.0024758
0.00300467
0.000751318
0.00143705
0.000744281
0.000284019
0.000814928
0.000870213
0.00303105
0.000264547
0.00440598
0.00179763
0.000980896
0.000864706
0.000628131
0.00324766
0.0024892
0.00222786
0.00668176
0.00399676
0.00474738
0.000527223
0.00113852
0.000937096
0.000982745
0.00121606
0.00476125
0.0015269
0.00416659
0.00102946
0.00396985
0.00207572
0.00259829
0.00553042
0.00176051
0.000796226
0.00136328
0.00376424
0.0053353
0.000879164
0.000756971
0.000573504
0.00124917
0.000862009
0.00149698
0.00169963
0.00252408
0.000952937
0.00183827
0.00145913
0.00162198
0.00164627
0.000752672
0.00106718
0.000335975
0.000502265
0.000591456
0.000973723
0.00133847
0.00101021
0.00044615
0.000506377
0.000676779
0.00142706
0.000588716
0.00122237
0.000583368
0.00058644
0.00096228
0.00136112
0.000646659
0.000546411
0.00103152
0.000394278
0.000821132
0.000514547
0.000699177
0.000825459
0.000988238
0.0013871
0.00467128
0.00208845
0.00103614
0.000328647
0.00053063
0.00135398
0.00237392
0.000861169
0.00422582
0.00428959
0.00373657
0.00125341
0.00368902
0.00498672
0.00285067
0.00359722
0.00219315
0.00325683
0.00379607
0.00403285
0.00390211
0.00568461
0.00367507
0.00333843
0.00561696
0.00664262
0.00634702
0.00271051
0.00540649
0.00125964
0.00426055
0.00362326
0.00201495
0.00253055
0.00204294
0.00273696
0.001583
0.000980524
0.00156874
0.00068231
0.000897947
0.000560254
0.0011573
0.00119177
0.000997995
0.000755278
0.000798873
0.00157769
0.002356
0.00116801
0.00185777
0.00263647
0.00166864
0.00194334
0.00173126
0.00164158
0.00170005
0.000608889
0.000725131
0.000682799
0.00078482
0.000980093
0.000854034
0.00309588
0.00195436
0.00407839
0.00179373
0.00163857
0.00252503
0.00399717
0.000766229
0.00111757
0.00185094
0.00129633
0.00122881
0.00107826
0.00206621
0.00198826
0.000515812
0.000872618
0.000902421
0.000469727
0.00457717
0.00145197
0.00471758
0.00459082
0.00164864
0.000607781
0.00126639
0.00333801
0.00307283
0.000503349
0.00184917
0.000952517
0.0022091
0.00261304
0.00438386
0.00212243
0.00123822
0.00123923
0.00185693
0.00273834
0.00231544
0.00184572
0.00263828
0.00447075
0.000453965
0.000721076
0.0015823
0.00152123
0.00186795
0.0024315
0.00114357
0.00115703
0.00113046
0.000714506
0.00162139
0.00154384
0.00124326
0.00269036
0.00260157
0.0022154
0.00230816
0.000569945
0.00154474
0.00480959
0.000765746
0.000516985
0.00233525
0.000916703
0.00059142
0.000948329
0.00106598
0.00141272
0.00139819
0.000847078
0.000877145
0.00279548
0.00345842
0.00200167
0.00340038
0.000193059
0.000933688
0.000788604
0.0025466
0.00197843
0.00212232
0.00308176
0.00115854
0.00589997
0.000564864
0.00454956
0.00363156
0.00226139
0.00197313
0.00514687
0.00117344
0.00327395
0.000863716
0.00141045
0.00201579
0.000951128
0.0020895
0.00235776
0.00207136
0.000491913
0.0053202
0.00435543
0.00415163
0.0042958
0.00573858
0.00106522
0.00275523
0.0010467
0.00172297
0.00140441
0.000344204
0.000370821
0.00241415
0.000568141
0.000786655
0.000789703
0.00309321
0.00110634
0.000996157
0.000472715
0.000547883
0.00094313
0.00126612
0.00114483
0.0010933
0.00246142
0.000792314
0.00406729
0.000193597
0.000673296
0.0029577
0.000668462
0.00171392
0.000804474
0.0021345
0.00111724
0.00154823
0.00416304
0.00220368
0.00156265
0.00113093
0.000885786
0.00208679
0.00312917
0.00126547
0.00439171
0.00134294
0.000463158
0.000955896
0.00147585
0.00202312
0.00138154
0.00119805
0.00109463
0.00245702
0.00293107
0.00268838
0.00435423
0.00381157
0.00393335
0.000495322
0.0051245
0.00295308
0.00336794
0.00574789
0.000896244
0.00113627
0.00064152
0.00182459
0.00159293
0.00297386
0.00421964
0.00152457
0.000969965
0.00273882
0.00385808
0.000981913
0.000762112
0.00221451
0.00631999
0.00519856
0.00211056
0.00291583
0.00264174
0.00169689
0.00173708
0.00150834
0.000917715
0.000505102
0.00349356
0.00443447
0.00388322
0.00135842
0.0020686
0.0023806
0.00245209
0.00274641
0.00594386
0.00162606
0.000350817
0.000592315
0.00106527
0.000831109
0.00140779
0.00368997
0.00369366
0.00234603
0.00109242
0.00135082
0.00224338
0.00186514
0.00270592
0.000526371
0.00210175
7.19456e-05
0.000865253
0.000733061
0.00127042
0.000738019
0.000833698
0.000944318
0.000529054
0.000768341
0.000347853
0.000685823
0.00126291
0.0018708
0.00179289
0.00104248
0.000994348
0.000796091
0.00148259
0.000321525
0.000197534
0.00117832
0.000566492
0.00411008
0.0027327
0.00348443
0.00213957
0.00387495
0.0057992
0.00482916
0.00488255
0.00427307
0.000669627
0.000660679
0.00209856
0.00120929
0.00179558
0.00124737
0.000461751
0.000308255
0.000106765
0.000203802
0.000197838
8.69415e-05
0.000581591
0.00326386
0.000517747
0.0013076
0.000406151
0.00186692
0.000958335
0.000859115
0.00322115
0.0032867
0.00272725
0.00209224
0.00116283
0.0059603
0.0060644
0.00341437
0.00149373
0.00124328
0.0020888
0.002506
0.000955509
0.00423984
0.00245966
0.0044299
0.00171038
0.00215435
0.00180345
0.00118968
0.00139822
0.00487738
8.92604e-05
0.000838963
0.000250588
0.000753043
0.000232629
0.000582288
0.00260932
0.00150887
0.00177204
0.000845496
0.00145696
0.00331187
0.00365352
0.00355432
0.00283776
0.00280061
0.00204865
0.0029605
0.00242587
0.00231435
0.00186437
0.00270757
0.00198829
0.00205803
0.00323728
0.000769306
0.00136826
0.000708574
0.00139943
0.00129316
0.00107403
0.000909681
0.00184968
0.00138601
0.00101385
0.00111452
0.00130408
0.00127833
0.000777971
0.000831542
0.00161444
0.00283382
0.000754175
0.000425723
0.000573845
0.0017496
0.000299397
0.00169441
0.00119902
0.00479304
0.00524987
0.00486322
0.00483214
0.00457804
0.00455778
0.00334184
0.00527536
0.000478039
0.000472279
0.000239881
0.000524543
0.000416571
0.000480199
0.000999493
0.00108817
0.000865023
0.000923718
0.00190618
0.000904298
0.00129973
0.00143899
0.00128675
0.000615181
0.000488413
0.00110539
0.00086609
0.00082454
0.000989825
0.00074846
0.000667866
0.000795399
0.000572304
0.000651858
0.000713959
0.000613252
0.000730149
0.00393364
0.00551668
0.00258006
0.00220121
0.00175825
0.000917929
0.000585548
0.000269749
0.00151148
0.000484343
0.000397441
0.00134238
0.000863255
0.000592045
0.00116049
0.00119146
0.00338859
0.000723254
0.00149782
0.000645641
0.000497075
0.00080121
0.00142402
0.00167836
0.000937672
0.00188718
0.0019504
0.00223735
0.00165221
0.00195127
0.00028655
0.000199131
0.00121019
0.000823916
0.00302525
0.000494324
0.000398727
0.000417258
0.000412667
0.000314985
0.000420048
0.000747353
0.00298611
0.00119918
0.00186389
0.00173465
0.00199734
0.00145708
0.00206232
0.00146794
0.00109449
0.000717769
0.000922619
0.000941919
0.00165144
0.00131982
0.000417979
0.000829078
0.00499898
0.00483826
0.00669432
0.00101529
0.00603274
0.00604258
0.00145271
0.00291468
0.00237296
0.00470969
0.00213376
0.00263704
0.00360641
0.00198589
0.00163007
0.00231225
0.00235223
0.00183897
0.00147048
0.00500728
0.00363007
0.00505759
0.00183156
0.000630895
0.000540227
0.000525196
0.00106853
0.000577166
0.000502767
0.00442362
0.00360602
0.0053536
0.00119423
0.00289149
0.00542086
0.00223375
0.00138538
0.000984642
0.000719972
0.00474239
0.00525226
0.00106163
0.00176978
0.00302229
0.000520222
0.00191993
0.00478075
0.00146724
0.00625245
0.00138098
0.000818234
0.000863578
0.00251498
0.00202493
0.000657441
0.000552763
0.00642043
0.00315874
0.00110897
0.00427607
0.0013412
0.000762032
0.00140155
0.00681601
0.00374586
0.00324274
0.00397288
0.00518062
0.00395311
0.00184738
0.00534025
0.00478918
0.00167227
0.00131648
0.000550861
0.000444622
0.000999194
0.000227839
0.000525234
0.00410021
0.000692633
0.00118327
0.0031877
0.00156798
0.000783452
0.00278352
0.000898957
0.000779059
0.00449819
0.00450183
0.00419352
0.00231287
0.00364294
0.00105084
0.00190432
0.00614255
0.00242931
0.00202077
0.00242218
0.000703918
0.00100937
0.000698345
0.00118985
0.00129044
0.000261567
0.0024961
0.000940646
0.000374449
0.000681324
0.00116149
0.000154999
0.000905144
0.000397357
0.000376496
0.00388516
0.00208922
0.00113985
0.00408953
0.00258901
0.00189745
0.00408859
0.00215533
0.00125936
0.00252071
0.000433825
0.000288153
0.000500154
0.00157724
0.00400207
0.0037018
0.00284434
0.00483223
0.00634906
0.00412592
0.00126734
0.000576298
0.000705978
0.0057935
0.00152008
0.0050088
0.0033932
0.00160468
0.000497398
0.000317599
0.000406134
0.00119577
0.00136037
0.000797057
0.00238329
0.00085895
0.00667358
0.00624991
0.00378085
0.00225873
0.00257245
0.00254169
0.00271172
0.00448932
0.00239784
0.000931193
0.00349326
0.00205573
0.00450696
0.00191772
0.000729993
0.000783901
0.000673807
0.00074338
0.0007245
0.00119551
0.00145964
0.00115882
0.000636868
0.000679729
0.000888893
0.00120725
0.000594081
0.000555381
0.000942316
0.000480729
0.000861578
0.000594423
0.00143744
0.00271639
0.0040049
0.000684218
0.00239224
0.00348819
0.000683
0.00236814
0.00150435
0.00219555
0.0020682
0.00342127
0.00338813
0.00313336
0.00246822
0.00187115
0.00168461
0.00169323
0.00271187
0.00256399
0.00170182
0.00450355
0.00118301
0.000612927
0.000582292
0.00074425
0.000535909
0.00050742
0.000706461
0.00399882
0.00044943
0.00110791
0.00137621
0.000824717
0.000944675
0.00156519
0.00109223
0.00193531
0.00443004
0.00190557
0.004178
0.00305937
0.00217364
0.00224486
0.00162506
0.000761089
0.00123977
0.000491527
0.000505265
0.00124892
0.000219847
0.000608443
0.00219101
0.00473617
0.00475211
0.00438998
0.00463535
0.00214176
0.00133117
0.00160932
0.00149016
0.000951171
0.00366814
0.00228844
0.0033541
0.00375029
0.00275762
0.00103273
0.0032457
0.000536932
0.00172711
0.00395902
0.00381786
0.00439012
0.0039619
0.000719109
0.00139537
0.000718421
0.00068232
0.00572478
0.000706597
0.000739569
0.000629968
0.000479917
0.00177804
0.00385493
0.00185978
0.0011101
0.0012204
0.00161489
0.00146004
0.000623571
0.00220083
0.00166661
0.00427876
0.000895608
0.000672001
0.000270358
0.000183255
0.00465661
0.000587484
0.000367989
0.000304157
0.000878307
0.000670025
0.00256388
0.00107023
0.00200911
0.00185232
0.0015107
0.00289312
0.00340749
0.002791
0.00130641
0.00114435
0.000743682
0.00121349
0.00124361
0.00123917
0.00076853
0.000844502
0.000965943
0.00056184
0.00199547
0.00109425
0.00115254
0.00187566
0.000927037
0.00130399
0.000610685
0.00132055
0.00110967
0.00121768
0.00101796
0.00138647
0.000747238
0.000315347
0.00174932
0.00139437
0.000773499
0.00125257
0.00334127
0.00108447
0.00419579
0.00283166
0.00322466
0.00298873
0.00277097
0.00390884
0.00132362
0.00179457
0.00168321
0.000803603
0.00310755
0.0038713
0.00251067
0.00178653
0.00422045
0.00037335
0.000739507
0.000570199
0.00118719
0.000719091
0.00123842
0.00134951
0.00231594
0.00219404
0.000908471
0.000935022
0.00119663
0.00330611
0.00109155
0.000301303
0.00118001
0.0021016
0.000720541
0.00266411
0.00170636
0.000820905
0.00119371
0.000712449
0.00129937
0.000835721
0.00109806
0.00199036
0.000992626
0.00132121
0.000965622
0.000952759
0.00269228
0.0012489
0.00116706
0.00106133
0.0024588
0.000726941
0.000646644
0.00153785
0.000326369
0.000607602
0.000441492
0.000813187
0.000692924
0.00043558
0.00107863
0.000549102
0.000678089
0.000493517
0.000633276
0.00139026
0.00119015
0.00605025
0.00380926
0.00087377
0.00317405
0.00533881
0.00645028
0.00453671
0.00157488
0.0016809
0.00101037
0.00157288
0.00116234
0.000653147
0.00279157
0.000925513
0.00357389
0.000699919
0.00112133
0.00199866
0.00167776
0.002463
0.00222031
0.00130558
0.00079318
0.00103563
0.000678295
0.00606726
0.00387732
0.00241139
0.00153246
0.000811014
0.00279785
0.00108925
0.00422699
0.00091289
0.000356871
0.00111863
0.000893674
0.000476347
0.000382735
0.00192208
0.00102758
0.00123981
0.00103174
0.000884805
0.000904031
0.000728242
0.000125825
0.0059838
0.00438182
0.0016823
0.00480636
0.00326202
0.000250762
0.000342851
0.000504406
0.00361476
0.00228723
0.00197241
0.00348308
0.00147217
0.000782488
0.0010975
0.00117885
0.000987638
0.00184071
0.000870498
0.0019822
0.000687116
0.00126111
0.00169781
0.00392404
0.000895577
0.00141154
0.00157471
0.000806556
0.000936289
0.000736695
0.000679603
0.000860233
0.000610508
0.000921044
0.00023628
0.00103317
0.00118857
0.00122655
0.000814469
0.00087455
0.00150327
0.00144259
0.00103642
0.00186983
0.00126315
0.000956173
0.00165232
0.00114738
0.000459397
0.00108897
0.0014938
0.000662476
0.000795998
0.00282985
0.00123646
0.00069782
0.00150775
0.00136887
0.00080744
0.000867262
0.00213892
0.00379793
0.00186833
0.0014742
0.000718617
0.00118381
0.000959754
0.000332981
0.00110413
0.00028592
0.000842867
0.00151307
0.000687697
0.000672415
0.000804561
0.000951984
0.000410628
0.000279013
0.000350396
0.000241545
0.000981122
0.000787285
0.00187962
0.00314231
0.00314509
0.000809152
0.00113867
0.00399611
0.00246348
0.0018924
0.000909596
0.00114483
0.00237801
0.001861
0.00118063
0.00292679
0.00258172
0.00349867
0.00442793
0.00204121
0.00302815
0.00352069
0.00408233
0.00200472
0.00194741
0.00305723
0.00124051
0.00121174
0.000879594
0.00165337
0.00124451
0.000292626
0.00229368
0.00218236
0.00236214
0.00122815
0.00157246
0.0026273
0.00504521
0.00116009
0.00138129
0.00159087
0.00157563
0.000924972
0.00356829
0.0014346
0.000507442
0.0010951
0.00104122
0.00204603
0.0018268
0.0030513
0.00249796
0.00218723
0.000895157
0.000632614
0.000509923
0.000670328
0.00057843
0.000683207
0.00120053
0.000792729
0.000390768
0.00128388
0.00128093
0.00111247
0.000331203
0.00119166
0.0011494
0.000512381
0.00070208
0.000770027
0.00121278
0.000987325
0.000882981
0.00116185
0.000679071
0.00207441
0.00279686
0.00366534
0.00237719
0.00277448
0.000503915
0.00122363
0.00165037
0.000545314
0.00183779
0.000729932
0.00167093
0.00103747
0.000895328
0.000856302
0.000553594
0.000583761
0.000539347
0.000539938
0.000792883
0.000547399
0.000578195
0.000764447
0.00143718
0.00030055
0.000339448
0.000293643
0.000545163
0.000767923
0.000591348
0.000824291
0.000669566
0.000532343
0.00163918
0.00188499
0.0024526
0.00295869
0.00152638
0.00285785
0.00164535
0.00105638
0.00198721
0.00232651
0.00319709
0.00317535
0.000984818
0.0011093
0.00285508
0.00104308
0.000702705
0.000854116
0.00105731
0.000921859
0.00106192
0.00113533
0.00120306
0.00106498
0.00193165
0.00262004
0.00272326
0.005157
0.00611243
0.00509859
0.00130577
0.00199155
0.0019008
0.000589166
0.000686219
0.00173799
0.00197487
0.00140387
0.00273378
0.00380685
0.00223489
0.000940518
0.00357499
0.00239458
0.0034308
0.00309439
0.00103477
0.00126133
0.00285177
0.00274496
0.00202861
0.00256456
0.00234716
0.00197681
0.00129122
0.00164811
0.00216648
0.00252092
0.00255828
0.00151154
0.000945544
0.000571084
0.000872985
0.000716173
0.0036601
0.000471845
0.00182445
0.00131546
0.00152086
0.00105662
0.00163903
0.00100986
0.00198943
0.00153411
0.000916149
0.000935955
0.000965426
0.00047856
0.000695814
0.000527784
0.00334413
0.00617554
0.0062327
0.00488415
0.00501865
0.00630921
0.0012305
0.000295773
0.00071062
0.00057175
0.000941105
0.00110902
0.00243991
0.00269738
0.00178109
0.00265583
0.00304282
0.00178169
0.00112386
0.00167732
0.00434192
0.00131646
0.00112018
0.000480722
0.00115769
0.000734104
0.000939789
0.000411144
0.00127266
0.00166634
0.00117144
0.00174012
0.00272325
0.00105115
0.00137819
0.000869918
0.000268523
0.000827272
0.000895828
0.00046497
0.00148997
0.000589332
0.00129124
0.00141772
0.000383321
0.00104995
0.000390899
0.000552502
0.000490518
0.000410052
0.000351679
0.000281127
0.000512568
0.00051615
0.000871087
0.00083749
0.000871154
0.000841215
0.000306024
0.000184128
0.000316874
0.000254997
0.0013753
0.00137892
0.000688578
0.0012713
0.00144385
0.000325866
0.00110858
0.000949956
0.000279943
0.000418177
0.00226519
0.000492189
0.000333713
0.00015145
0.000270807
0.000457412
0.000404438
0.00396029
0.00297336
0.000723411
0.000525707
0.00092343
0.000858069
0.00440867
0.00317527
0.00160957
0.00104046
0.000573576
0.000867897
0.00100995
0.000640924
0.000612809
0.000383299
0.000432274
0.000630608
0.00122829
0.000372726
0.000481997
0.00114119
0.00201933
0.00129208
0.00241465
0.000396343
0.000610466
0.00191112
0.0012211
0.000621859
0.00135564
0.00188543
0.00351219
0.000937589
0.00333945
0.00267672
0.000803031
0.0013335
0.000243424
0.00463302
0.00650927
0.00123956
0.000787273
0.000312795
0.0018403
0.00523119
0.00214673
0.00229686
0.00221128
0.00427836
0.00147331
0.00369072
0.000841981
0.000856356
0.00113679
0.0020454
0.000533072
0.0012657
0.000391748
0.00100608
0.000703275
0.00095347
0.000906633
0.00027205
0.00194399
0.00153959
0.00149956
0.000788319
0.0010024
0.000794513
0.00135824
0.00176053
0.00208301
0.00108563
0.0035512
0.00115306
0.00104963
0.000908647
0.000991703
0.000582701
0.000213161
0.00149479
0.00332938
0.00130917
0.00211006
0.00267265
0.00428227
0.00192858
0.00241301
0.000262069
0.00394987
0.00204311
0.00213413
0.00164526
0.00147478
0.00243669
0.00458804
0.00499183
0.000503684
0.00510736
0.000953947
0.00356332
0.000294172
0.000327888
0.00245482
0.00199922
0.000385891
0.000361554
0.000542459
0.00204265
0.0012678
0.00327164
0.0045399
0.00311067
0.0011662
0.000695823
0.00065464
0.000281059
0.00174233
0.00249991
0.0016365
0.0011403
0.000905091
0.00118939
0.00083323
0.000531518
0.000601744
0.000190494
0.000521229
0.00163481
0.000437187
0.00292756
0.00105565
0.00024506
0.00146946
0.00155915
0.000208255
0.000427139
0.000761191
0.000244955
0.000594344
0.00114164
0.00409581
0.00477963
0.00325209
0.00212072
0.00169587
0.000556949
0.0027962
0.00493168
0.00208354
0.00297177
0.00103227
0.000962163
0.00540712
0.000825484
0.000499069
0.000602016
0.00095486
0.00210151
0.000929729
0.000525227
0.000578808
0.000532432
0.000480953
0.000218146
0.000362537
0.00596672
0.000569333
0.000349786
0.000334217
0.000414532
0.00058314
0.000404675
0.00142437
0.00171109
0.0008179
0.000598049
0.00178201
0.000351523
0.000287969
0.00187781
0.00473063
0.0043107
0.00247576
0.00290218
0.00256346
0.00702325
0.000396288
0.00423231
0.00171225
0.00358356
0.00226584
0.00298001
0.0020646
0.00602226
0.00320373
0.00259645
0.00174618
0.000495507
0.000403597
0.000498198
0.000860112
0.00121119
0.00188513
0.00304122
0.0010386
0.00178114
0.00382788
0.00288207
0.00194171
0.00521344
0.0038876
0.00274112
0.0028682
0.0018529
0.000740597
0.000780528
0.00108367
0.00463722
0.00200718
0.000566996
0.00178039
0.00108072
0.00107599
0.00234473
0.00140623
0.00104792
0.000847604
0.0006098
0.000361376
0.000764925
0.000575226
0.00130464
0.00125234
0.00259269
0.0012206
0.000698453
0.000784776
0.000249738
0.00132486
0.00195365
0.0021518
0.00131742
0.00415091
0.00138839
0.00173618
0.00177129
0.00414189
0.00173205
0.00447601
0.00173511
0.00353761
0.00225606
0.000710494
0.00337875
0.00185675
0.00110652
0.00259809
0.00276483
0.000582152
0.000752458
0.00159858
0.00379793
0.0038252
0.00105648
0.00112513
0.00143115
0.00036551
0.000969417
0.000785008
0.000840586
0.000538294
0.000789342
0.0015255
0.00153726
0.00266499
0.00440396
0.00609947
0.00219876
0.000405321
0.00599235
0.00367752
0.00187158
0.00117677
0.000541588
0.000243367
0.00228871
0.00052409
0.00141731
0.000698393
0.00145322
0.00445626
0.00250618
0.000324617
0.00159785
0.0018887
0.00330739
0.00577399
0.00106483
0.00148648
0.00114433
0.00287736
0.00025066
0.0028084
0.000560336
0.00176484
0.00266814
0.00161861
0.000362684
0.0051087
0.00113186
0.00144041
0.000797989
0.00300834
0.001737
0.00225388
0.00117005
0.00315208
0.00139962
0.00132973
0.000727811
0.00180876
0.00203092
0.00287952
0.00193569
0.00430742
0.00303991
0.00391745
0.00217934
0.00277281
0.00113239
0.00524951
0.00657481
0.00442595
0.00262298
0.00308971
0.00289185
0.00447182
0.00323161
0.000847772
0.0034566
0.0011095
0.0052316
0.00462828
0.00166408
0.000877714
0.000735035
0.00119643
0.000550036
0.00127563
0.00230931
0.000752379
0.000650807
0.00200021
0.00307438
0.00187482
0.0014695
0.00238844
0.00287904
0.00259795
0.00142774
0.00133731
0.000792233
0.00159923
0.00338609
0.00106145
0.00106012
0.000884476
0.000505116
0.000313309
0.000111639
0.00041364
0.000664828
0.00106402
0.000907594
0.000629674
0.000406278
0.000292918
0.00077781
0.000375675
0.00130283
0.00128695
0.000887375
0.0032225
0.00160832
0.00177597
0.000795711
0.00152639
0.000927086
0.000450454
0.000359423
0.000431469
0.000795554
0.000288955
0.000440924
0.00531824
0.00222041
0.00217026
0.00311856
0.00331045
0.00240524
0.00182069
0.00469541
0.00430233
0.00496272
0.00114159
0.000609601
0.00437792
0.000424833
0.00159675
0.00406721
0.00317409
0.000719748
0.000687721
0.00129363
0.00384734
0.00695774
0.00603557
0.00478013
0.00394317
0.0043486
0.0029895
0.0010184
0.00103146
0.000935465
0.00450856
0.00192045
0.00509287
0.00108995
0.000876917
0.00102453
0.00153364
0.00274613
0.00239664
0.000277712
0.00099427
0.000167495
0.00653835
0.0058837
0.00280312
0.00173744
0.00398738
0.00595901
0.00512714
0.00377361
0.000742461
0.000520985
0.000702637
0.00180445
0.000778173
0.00196609
0.00280724
0.00108296
0.000497037
0.000637173
0.000818225
0.00086663
0.000790759
0.000193335
0.000223341
0.000161499
0.00015229
0.000404061
0.000736667
0.00108498
0.00104151
0.00112153
0.000435113
0.000555848
0.000713346
0.000355804
0.000883412
0.000489707
0.000759459
0.00256596
0.00577142
0.00258418
0.00241205
0.0013961
0.00127363
0.000360528
0.00103482
0.000922209
0.000772727
0.000888806
0.00199044
0.00139131
0.000322515
0.0031419
0.000332596
0.00118425
0.00231733
0.000954105
0.000534416
0.000773941
0.000716166
0.000633268
0.00109343
0.00134236
0.00189758
0.000369436
0.00196284
0.000809168
0.000320411
0.00029002
0.000734655
0.00332924
0.00428752
0.00149179
0.00204761
0.00093945
0.00139915
0.00198658
0.00433322
0.00314473
0.00130743
0.000983454
0.00452908
0.0030106
0.00474155
0.00254031
0.00422669
0.000512807
0.000818882
0.00044051
0.00138026
0.00168537
0.00489596
0.00391086
0.00510126
0.0035129
0.00308705
0.00379059
0.00288564
0.00216472
0.00399937
0.00602219
0.000709145
0.00104956
0.00523093
0.00296001
0.00373718
0.00211835
0.00282434
0.00174094
0.00247964
0.00394171
0.00221738
0.00287026
0.00257823
0.00246061
0.00211196
0.00421353
0.00350715
0.00156051
0.000170832
0.0015619
0.000886508
0.00546451
0.000801
0.000914835
0.000269783
0.00114522
0.000600842
0.00116856
0.00226878
0.000563041
0.000380776
0.000141169
0.000318361
0.000227812
0.00266217
0.000142366
0.000366527
0.000147563
0.000478874
0.00060837
0.000510762
0.000807998
0.000368357
0.00063838
0.000345713
0.000128439
0.00064315
0.000487526
0.000282099
0.00044381
0.000138728
0.00148817
0.00105861
0.000427388
0.00154041
0.00142861
0.00125571
0.00117017
0.00369506
0.00186631
0.00353353
0.00325917
0.00106069
0.000569406
0.000906341
0.000235297
0.000284264
0.00104133
0.000352807
0.000197795
0.00065198
0.000843269
0.00121182
0.000891314
0.00311284
0.00237941
0.00279179
0.00189885
0.00396732
0.00400398
0.00164081
0.00123971
0.0005003
0.00443202
0.00309215
0.0035988
0.00227643
0.000863828
0.00163123
0.00157854
0.0011567
0.000650728
0.00363289
0.00186374
0.00346652
0.00242026
0.00153187
0.00409725
0.00258314
0.000691217
0.00202989
0.00196006
0.00228939
0.00260715
0.00201746
0.00115325
0.000807209
0.00142809
0.00144793
0.000771917
0.00121393
0.000848692
0.00103336
0.00175611
0.00439889
0.00394455
0.00117932
0.000911474
0.00082186
0.000878471
0.00074904
0.000842764
0.00233445
0.00281185
0.000954163
0.00345456
0.00404287
0.00366504
0.0021828
0.00211088
0.000651559
0.00201161
0.00158883
0.00120653
0.00244194
0.000836737
0.00129809
0.0019218
0.000484543
0.00058086
0.000742868
0.000605908
0.000898386
0.000559506
0.000640023
0.00100826
0.000171187
0.00314857
0.00337076
0.00124032
0.00122417
0.00362843
0.0031609
0.00428388
0.00404489
0.00143236
0.00154134
0.000714672
0.00187184
0.00127333
0.00103832
0.000497335
0.00286032
0.00271905
0.00201467
0.00269858
0.00271272
0.00364547
0.00403662
0.00125963
0.00102363
0.000533832
0.000137623
0.000475293
0.000308058
0.000647312
0.000468747
0.000867984
0.00256445
0.00099577
0.00132471
0.00310036
0.00018078
0.00427991
0.00220347
0.00235503
0.00484244
0.00132114
0.00293003
0.00569145
0.00168806
0.00154336
0.00143561
0.00180164
0.00119813
0.000564604
0.00132143
0.00110249
0.00141603
0.00171974
0.000309948
0.0010302
0.000217762
0.00060316
0.00066199
0.000670095
0.00139425
0.000200948
0.000294632
0.000255966
0.00192442
0.00289866
0.00315704
0.00358821
0.00083281
0.00320074
0.00295259
0.00156497
0.000553848
0.000787566
0.000746295
0.00233974
0.00107731
0.0016067
0.00148031
0.00144498
0.00264557
0.00388068
0.000745944
0.000566167
0.000688982
0.00055066
0.000488828
0.000839487
0.00371095
0.00135289
0.00391647
0.00309502
0.00422598
0.00380911
0.00277803
0.00336325
0.00152177
0.00193636
0.00218007
0.0028547
0.00300741
0.00304214
0.00179971
0.000896248
0.000789053
0.000341726
0.00126452
0.00573518
0.00589462
0.00511479
0.000781934
0.00058043
0.000571747
0.00138983
0.00259914
0.00325792
0.00206708
0.00334963
0.00310445
0.00448036
0.00530397
0.00490022
0.00618872
0.00121452
0.00233679
0.00146738
0.00381362
0.00397821
0.000802187
0.00118314
0.000990189
0.0012305
0.00053898
0.000542635
0.000764635
0.00193394
0.00281025
0.000945591
0.00125443
0.00141092
0.00349908
0.00108672
0.000446909
0.00261592
0.00415379
0.000529157
0.000313695
0.00247404
0.00390588
0.00296549
0.00350111
0.00276308
0.00102065
0.000777869
0.000691673
0.00139604
0.000889868
0.00114528
0.00124027
0.000754915
0.000851047
0.001164
0.000747637
0.00131227
0.00139652
0.000892252
0.000941243
0.0018021
0.00244435
0.00170659
0.00208282
0.000400018
0.00138186
0.000797337
0.000502608
0.00108995
0.00142837
0.00171566
0.00208629
0.00234743
0.00127119
0.00218156
0.00306793
0.0027395
0.00179602
0.00584985
0.00455582
0.00293591
0.00516094
0.00173425
0.00228452
0.00382899
0.000809128
0.000836733
0.000822559
0.00100977
0.00472976
0.00285728
0.00534651
0.00114785
0.000967978
0.00117554
0.00080798
0.000572414
0.00071075
0.000352018
0.000699819
0.000616925
0.000820194
0.00172456
0.00151842
0.00102129
0.00135545
0.00108948
0.000412717
0.00150402
0.00244084
0.00108921
0.00173457
0.0019365
0.00067203
0.00109177
0.000452877
0.00353975
0.00276957
0.00350195
0.00616911
0.00442675
0.0029155
0.00368926
0.00161835
0.00276038
0.00258878
0.0030581
0.00622276
0.0028213
0.00144156
0.00250442
0.00320038
0.0049607
0.00341677
0.00118545
0.00207721
0.00362128
0.000701681
0.000977853
0.00148139
0.00274933
0.00183231
0.000612758
0.00259673
0.00477266
0.00165266
0.00179163
0.000356279
0.000708376
0.00243179
0.00118998
0.00487185
0.00231222
0.00198322
0.000545568
0.0048883
0.00324959
0.0030951
0.00389346
0.00117448
0.00440298
0.000627411
0.000561159
0.00486134
0.0016739
0.000506176
0.00105632
0.00036779
0.000201121
0.000489439
0.000352207
0.000370646
0.000184055
0.000101224
0.000983911
0.00476379
0.00522845
0.000824469
0.00266325
0.000641723
0.00285196
0.00186448
0.000530903
0.00100928
0.000711765
0.00489425
0.00257498
0.00125705
0.00100705
0.00117769
0.00359165
0.00682876
0.00139226
0.00319003
0.00203785
0.00207438
0.00195128
0.00239345
0.0030236
0.00248717
0.00231052
0.00355596
0.00509799
0.00448139
0.000946954
0.000319268
0.000275583
0.00150635
0.00102505
0.000439835
0.00110656
0.000504869
0.000167112
0.000522439
0.000335278
0.00079207
0.000680616
0.000646609
0.000600478
0.00091395
0.000425992
0.000560961
0.000694256
0.00313239
0.00112696
0.0032236
0.00164286
0.000590315
0.0039334
0.00286651
0.0020739
0.00104199
0.000566698
0.00156989
0.00111347
0.00200287
0.00233814
0.00217559
0.00369323
0.00196743
0.00427105
0.00245378
0.00176998
0.00356951
0.00253769
0.00153505
0.00136818
0.000741493
0.00248468
0.00150665
0.000845707
0.00121152
0.00232531
0.00166732
0.000747245
0.000706106
0.00176888
0.00135142
0.00158992
0.00209299
0.00361517
0.00213156
0.000458407
0.00107199
0.000118908
0.000441035
0.000342913
0.00155553
0.00142188
0.000500161
0.0038
0.00284585
0.00240751
0.00154505
0.00111676
0.00115118
0.00122196
0.00129725
0.00178036
0.00166376
0.00209879
0.000444507
0.000479506
0.000373965
0.000160342
0.000287807
0.000449322
0.00153086
0.00031188
0.000645924
0.000887693
0.00224072
0.00101866
0.000772506
0.00473086
0.00428193
0.00325687
0.00346769
0.00278878
0.00271024
0.00302328
0.00245689
0.0026543
0.00187837
0.00202168
0.00389355
0.00295355
0.00410766
0.0028025
0.00273367
0.00244897
0.00286857
0.0037466
0.00289743
0.00192598
0.0028722
0.00156319
0.00176231
0.00310365
0.00204427
0.00242954
0.00186554
0.00217356
0.00138864
0.00165123
0.00219565
0.0039874
0.00404543
0.00340108
0.00275798
0.00102057
0.000842285
0.000960371
0.000685327
0.00090952
0.000875087
0.00100607
0.000999527
0.00211707
0.00350256
0.00273066
0.00425858
0.00374944
0.00294137
0.00219689
0.000904458
0.000525458
0.000638496
0.000852219
0.000656561
0.00192569
0.00280741
0.00237189
0.000630295
0.000502746
0.000696941
0.00333718
0.00311207
0.00091426
0.00455073
0.00607041
0.00256547
0.000745954
0.000212513
0.000159044
0.000769949
0.00376598
0.0050227
0.00166157
0.00159796
0.00193017
0.00100534
0.000434986
0.00109601
0.000528389
0.000300329
0.000185289
0.000224649
0.00211009
0.000638172
0.000395283
0.000289558
0.000663602
0.00143998
0.000621175
0.000528615
0.000385637
0.000697327
0.000399622
0.000404463
0.000653759
0.000850079
0.00477754
0.000271082
0.000161837
0.000301317
0.000641823
0.000266046
0.000132925
0.00103442
0.000350677
0.00351468
0.0018476
0.0028606
0.00192079
0.00383422
0.00483444
0.00201983
0.00272763
0.00483649
0.00306321
0.00346382
0.00315354
0.000554448
0.000290339
0.000530953
0.000338416
0.00121079
0.00101424
0.00165728
0.00376836
0.000507746
0.000563825
0.000542162
0.000788871
0.000416878
0.000818989
0.000411275
0.000416831
0.000590747
0.000360399
0.000545827
0.000639873
0.000493791
0.00224908
0.00427573
0.00194785
0.00156616
0.000187534
0.000223696
0.000198886
0.000908791
0.000223412
0.00338917
0.00181356
0.00585826
0.00375555
0.0023843
0.00290316
0.00239453
0.00102888
0.00489541
0.000779743
0.000944584
0.00083335
0.00086904
0.00171656
0.000332562
0.00109305
0.00138462
0.00169695
0.00281055
0.00311088
0.00115269
0.000631268
0.000278099
0.00093733
0.00034211
0.000607329
0.00378355
0.00385449
0.00459409
0.00449627
0.000216723
0.00265745
0.00326499
0.00423315
0.00419927
0.00401798
0.0039454
0.000929183
0.00475373
0.000667774
0.00221165
0.00201886
0.00254337
0.00184621
0.00190406
0.00410806
0.00156518
0.000802989
0.00138274
0.000721872
0.00074448
0.00182841
0.00398686
0.00264473
0.00571869
0.00462784
0.00492888
0.00356977
0.0020435
0.000182686
0.00195051
0.00157525
0.00263549
0.00103647
0.00558963
0.00149731
0.00236713
0.00392911
0.00291629
0.0015457
0.00187778
0.00327819
0.00254331
0.00317592
0.00176323
0.00268709
0.00428616
0.000263433
0.000166629
0.000118615
0.000356429
0.000777483
0.0015015
0.001734
0.00142535
0.00150438
0.00507909
0.00115561
0.00181271
0.00162714
0.00376796
0.000923218
0.00133508
0.00109402
0.00161822
0.00123622
0.000505743
0.000344548
0.000634862
0.00326527
0.0034512
0.000734349
0.000590846
0.000749535
0.00194396
0.00198204
0.00277364
0.000469422
0.000315877
0.00208313
0.00471938
0.00105086
0.000648364
0.000429072
0.000392564
0.000429264
0.000681872
0.000231849
0.000755863
0.000514133
0.000672259
0.000487141
0.000551007
0.000740984
0.000988506
0.00261388
0.00287991
0.00315373
0.00229947
0.00345988
0.00300496
0.00321792
0.00577694
0.00578454
0.00232196
0.00439975
0.00341237
0.00143368
0.000988721
0.00171177
0.00537116
0.000701427
0.000113963
0.00029991
0.000593875
0.00102067
0.00089614
0.000639036
0.000327323
0.000871813
0.00108003
0.000994994
0.00200843
0.00115566
0.000906225
0.00183748
0.00102027
0.00143832
0.00232758
0.0011212
0.00258077
0.00315913
0.00234916
0.00155885
0.00204312
0.00267165
0.00241469
0.000851816
0.00137698
0.000369844
0.00125516
0.000962668
0.00211753
0.00146912
0.00252745
0.00154045
0.00158876
0.00131723
0.0020048
0.000274395
0.000520408
0.000828195
0.000838676
0.00194386
0.000752663
0.00182197
0.000559372
0.000879452
0.00155044
0.00156131
0.0015301
0.00173191
0.00230386
0.00143793
0.00333113
0.000589315
0.00132104
0.000545202
0.00111965
0.00340585
0.000830111
0.0018399
0.000771744
0.00120959
0.000430922
0.000313792
0.000666938
0.000133102
0.000280933
0.000799043
0.00202258
0.000496605
0.00079764
0.00182446
0.000618296
0.000380308
0.00130697
0.00261433
0.00125569
0.00100707
0.000925438
0.00106715
0.000376697
0.000493739
0.000401284
0.00115709
0.0012462
0.000919883
0.000470705
0.00053605
0.000448629
0.000786009
0.00429848
0.00412588
0.00451287
0.00584981
0.00147822
0.00299954
0.00238326
0.00237883
0.00584925
0.00483988
0.00326553
0.00362062
0.00398474
0.00337167
0.00309884
0.00225345
0.00415135
0.0057411
0.00120731
0.00120336
0.00168995
0.000854098
0.00293256
0.000626231
0.00218522
0.000875821
0.00047179
0.00410366
0.0064742
0.00412281
0.00148098
0.00594748
0.00115164
0.00203298
0.0013337
0.00104054
0.000953152
0.000542403
0.00105947
0.00113644
0.00125097
0.00086377
0.00137486
0.00048011
0.00133362
0.000749849
0.000644871
0.00145547
0.000464959
0.00184441
0.00199936
0.00458467
0.00498334
0.00604919
0.00115471
0.000801659
0.000609763
0.000656118
0.00115575
0.000378272
0.000270629
0.000310055
0.000395826
0.00035829
0.000619333
0.000383622
0.00394276
0.00113038
0.00050863
0.000871035
0.000512942
0.000164367
0.000680488
0.00154824
0.00259316
0.000331307
0.000185488
0.00184082
0.000841815
0.00183501
0.00104552
0.00051385
0.000496157
0.000392667
0.000259097
0.00249615
0.000563749
0.00108187
0.000628628
0.0039354
0.00309978
0.00313897
0.00357969
0.00176543
0.00248959
0.00137871
0.00151806
0.00111163
0.00251483
0.00324936
0.000876223
0.000781636
0.00112478
0.000491513
9.42812e-05
0.000239866
0.00177617
0.000310173
0.000656329
0.000759085
0.000420417
0.00051279
0.000401492
0.000350911
0.000360333
0.000523008
0.000392183
0.0049298
0.0030745
0.00602127
0.00235658
0.00441081
0.00397063
0.00254498
0.00209852
0.00332979
0.00335743
0.00243422
0.00198024
0.0010946
0.002277
0.000797294
0.000879211
0.000808324
0.0019707
0.00113069
0.000241148
0.00589464
0.00495877
0.00575645
0.000563351
0.000997185
0.000318588
0.000716827
0.00239116
0.000260931
0.00148831
0.00162732
0.00121804
0.00244321
0.0023092
0.00334842
0.00384275
0.0047146
0.00134136
0.00165436
0.0011718
0.00167071
0.00127725
0.000520905
0.00395796
0.00420634
0.0014614
0.00174046
0.00166642
0.00239827
0.00253378
0.00281721
0.00247914
0.00273501
0.00338942
0.00268224
0.000700196
0.000786904
0.000561259
0.000714484
0.000410571
0.000761611
0.00128922
0.0012469
0.000865865
0.000676476
0.000671792
0.000894508
0.000408925
0.000233112
0.000840947
0.000691151
0.000943167
0.000898619
0.000478855
0.00123562
0.000474894
0.00111198
0.00161328
0.00239608
0.00149153
0.00225689
0.000326816
0.000416441
0.000678484
0.000627783
0.00142072
0.000387836
0.000784028
0.000448924
0.00142235
0.000484064
0.00052889
0.000281075
0.00116012
0.00107718
0.000889963
0.000328127
0.0012524
0.00112399
0.00120422
0.00170825
0.000501673
0.000122703
0.000209455
0.00090577
0.00115429
0.00247518
0.00394683
0.00243586
0.00484731
0.00129101
0.000841646
0.00135218
0.000801061
0.0005959
0.00379302
0.00244762
0.00178236
0.00183549
0.00470046
0.00419547
0.000841019
0.000858961
0.00061992
0.000689345
0.000185887
0.000444169
0.000639176
0.00082452
0.000291941
0.00273144
0.00178742
0.000733252
0.000539032
0.00072828
0.000514481
0.000613752
0.0064197
0.00475665
0.0061668
0.00175398
0.00254857
0.000766855
0.00612196
0.00154752
0.000970802
0.00105759
0.0035096
0.00443344
0.00189775
0.00623246
0.00534073
0.00641463
0.000630139
0.00355577
0.00365253
0.00354796
0.00339733
0.00195454
0.00180942
0.00436045
0.00443533
0.00153332
0.00100461
0.00101473
0.000514597
0.00115305
0.00470961
0.00581627
0.00432351
0.00660633
0.00147157
0.00125738
0.00232015
0.00404015
0.00251948
0.00172214
0.00352673
0.00213153
0.00123776
0.00088032
0.000424384
0.000363514
0.0011653
0.000562949
0.00131727
0.00212862
0.000615484
0.00128528
0.000904134
0.00162215
0.000578875
0.000194931
0.000474969
0.000261101
0.000783064
0.000729746
0.000646814
0.000439703
0.00170127
0.0012734
0.00200683
0.00178111
0.000718665
0.000661841
0.000808705
0.0007236
0.00111232
0.000945202
0.000526731
0.000911319
0.000668332
0.00139641
0.000447322
0.00324016
0.00161444
0.0018706
0.00204978
0.00195693
0.000710827
0.000787338
0.000970761
0.00133935
0.00466741
0.00212238
0.00217258
0.00317773
0.00353479
0.00356285
0.00478984
0.00430213
0.00383804
0.00130433
0.00182643
0.00218266
0.000581987
0.00191233
0.00084097
0.00139242
0.00194073
0.0032699
0.000474959
0.00304595
0.00282522
0.00235883
0.00194969
0.00123784
0.00208613
0.00231066
0.00298443
0.00170273
0.00137316
0.00556535
0.0050494
0.00281715
0.00435723
0.00350267
0.00160152
0.00145273
0.0024714
0.00151391
0.00207314
0.00194188
0.00243414
0.00137762
0.00139546
0.00173352
0.00144953
0.00110362
0.000970221
0.00100677
0.00095046
0.00102352
0.000994902
0.000953834
0.00146415
0.000926415
0.00190296
0.0023728
0.00389558
0.00242414
0.00186508
0.00148549
0.0028305
0.00549422
0.00462693
0.00164774
0.000679531
0.00133296
0.000665165
0.00112451
0.003491
0.00134086
0.00138723
0.00118809
0.00115558
0.000890413
0.00269441
0.00175171
0.00120824
0.00122266
0.00119687
0.00148849
0.00145281
0.000874474
0.00155666
0.000680768
0.000613377
0.000627069
0.000685286
0.000253694
0.000892289
0.000408547
0.00101699
0.00282453
0.00325448
0.00116299
0.00200718
0.00362893
0.00244963
0.00180839
0.00115647
0.00459712
0.000780479
0.00137939
0.00622902
0.00349636
0.00332599
0.00458482
0.00161377
0.00531924
0.00402175
0.00452637
0.00442708
0.00287961
0.000415063
0.00107176
0.000440459
0.000632342
0.000850351
0.00607053
0.00645029
0.00275779
0.000532759
0.000462726
0.000304482
0.000222405
0.000167146
0.000908791
0.00266281
0.00245709
0.00139868
0.00403087
0.000982225
0.000985579
0.00160749
0.00131156
0.00129938
0.00212228
)
;

boundaryField
{
    outlet
    {
        type            calculated;
        value           nonuniform List<scalar> 0();
    }
    walls
    {
        type            nutkWallFunction;
        blending        stepwise;
        value           nonuniform List<scalar> 
30
(
0.000294952
0.00029007
0.000198252
0.000228105
0.000199457
0.000207076
0.000173647
0.000247519
0.000200407
0.000171419
0.000197803
0.000192469
0.00020467
0.000228709
0.00027916
0.000231832
0.000290248
0.000210134
0.000222037
0.000257017
0.000205435
0.000226484
0.000197933
0.000253275
0.000214158
0.00033774
0.000306955
0.000302217
0.00027586
0.000217184
)
;
    }
    inlet
    {
        type            calculated;
        value           nonuniform List<scalar> 0();
    }
    model
    {
        type            nutkWallFunction;
        blending        stepwise;
        value           nonuniform List<scalar> 
136
(
4.79495e-05
5.71568e-05
6.42443e-05
4.4848e-05
9.06153e-05
0.000152856
4.82779e-05
5.78074e-05
6.65027e-05
4.94082e-05
0.000150778
4.84023e-05
0.000157647
0.000132656
0.000151073
0.000157091
4.2429e-05
4.15759e-05
4.35629e-05
4.24297e-05
5.37558e-05
4.45527e-05
0.000114339
3.1412e-05
4.72807e-05
3.36425e-05
4.25083e-05
8.02131e-05
7.92114e-05
4.70557e-05
4.83252e-05
7.14855e-05
5.43234e-05
0.000104055
4.88287e-05
5.03544e-05
9.41547e-05
0.000105185
9.27843e-05
0.000103505
7.7599e-05
8.70305e-05
0.000101557
8.48412e-05
6.75085e-05
6.34479e-05
7.37405e-05
0.000125407
6.72251e-05
5.89424e-05
6.50806e-05
8.66804e-05
0.000100188
8.11618e-05
7.9468e-05
7.31707e-05
7.22596e-05
8.1466e-05
7.36448e-05
7.91157e-05
7.74098e-05
8.67497e-05
8.59795e-05
6.40383e-05
6.99678e-05
0.000103503
0.000104065
0.000145577
8.45494e-05
6.3102e-05
5.85355e-05
0.000138487
6.94519e-05
0.000105387
9.90309e-05
7.55332e-05
9.18631e-05
8.90343e-05
8.47919e-05
0.000112944
7.56428e-05
7.30264e-05
8.97385e-05
6.20386e-05
7.41244e-05
0.000117393
9.00636e-05
9.41306e-05
9.26866e-05
6.87689e-05
9.97229e-05
6.87198e-05
8.54157e-05
7.94088e-05
6.89946e-05
0.000116311
6.2002e-05
0.000133808
9.20205e-05
8.55509e-05
0.000129414
9.88387e-05
8.91957e-05
0.000120135
9.87252e-05
8.64809e-05
7.28067e-05
0.000121971
7.58278e-05
8.55553e-05
8.40373e-05
7.38185e-05
0.000107163
8.14324e-05
0.000108104
6.93886e-05
8.61384e-05
0.000107539
6.91875e-05
0.000108803
5.17502e-05
5.81556e-05
6.46592e-05
0.000107744
0.00010412
0.000112124
0.000110416
9.80104e-05
5.10461e-05
5.16499e-05
5.10919e-05
0.000111528
0.000104186
0.00010761
6.32364e-05
5.91124e-05
)
;
    }
    procBoundary9to6
    {
        type            processor;
        value           nonuniform List<scalar> 
131
(
0.000213575
0.00356726
0.00569512
0.00501671
0.00674575
0.00165995
0.00144023
0.00590124
0.00268113
0.00530264
0.00249641
0.00308564
0.00177069
0.00541857
0.00420282
0.00416499
0.00457358
0.00319536
0.00474456
0.00571472
0.00283327
0.00462928
0.00471512
0.00294946
0.00509691
0.00473403
0.0054363
0.00645061
0.00333868
0.00067027
0.0067647
0.00450776
0.00545265
0.00424002
0.000286073
0.000690541
0.00531776
0.0066432
0.00118176
0.0044857
0.00160761
0.000941314
0.000932155
0.00088264
0.000401084
0.0066571
0.00628985
0.00495398
0.0042304
0.000671018
0.00518202
0.00524115
0.0025071
0.00206355
0.00222034
0.00329264
0.0055212
0.00206343
0.00160761
0.000827642
0.00623006
0.00593183
0.00497883
0.00395585
0.00202119
0.000693446
0.0033873
0.00343523
0.00232096
0.00472047
0.00685585
0.00260776
0.00347789
0.0014394
0.005899
0.00496071
0.000803966
0.000564455
0.00369883
0.000674286
0.000633245
0.00362772
0.000948145
0.00554019
0.000314826
0.00274634
0.00543526
0.00310816
0.00399231
0.00271313
0.00237611
0.000701956
0.000298676
0.00331768
0.000807141
0.0015445
0.00205717
0.00607069
0.00350441
0.00282843
0.00610486
0.00170665
0.00430667
0.00442526
0.000668732
0.00530416
0.000861283
0.0053423
0.00255275
0.00025381
0.00382338
0.00255716
0.00272447
0.0033873
0.00321196
0.00426555
0.00436925
0.00554272
0.00615727
0.00239291
0.00545082
0.00158928
0.00426991
0.0041034
0.00612215
0.00649436
0.00321536
0.00422868
0.00691112
0.00231456
0.00428153
)
;
    }
    procBoundary9to8
    {
        type            processor;
        value           nonuniform List<scalar> 
43
(
0.00287402
0.00285684
0.00285684
0.00548203
0.000806224
0.00156209
0.00179094
0.00104396
0.00330862
0.00309622
0.00103529
0.000925427
0.00334471
0.00300425
0.00301496
0.000814297
0.00373599
0.000944554
0.00407009
0.00218999
0.000973707
0.00160656
0.00306939
0.00503446
0.00221821
0.00147272
0.0015319
0.00459924
0.00248462
0.00278344
0.0027067
0.00107285
0.000686082
0.00147199
0.00119615
0.000493551
0.00439922
0.00175444
0.00192229
0.000711176
0.0028378
0.00309071
0.00137508
)
;
    }
    procBoundary9to10
    {
        type            processor;
        value           nonuniform List<scalar> 
120
(
0.00297945
0.00252414
0.00333006
0.00112579
0.000533705
0.00566692
0.00291267
0.00229628
0.0005149
0.0005149
0.00136753
0.00156539
0.00149684
0.00223014
0.000486021
0.00119387
0.00295963
0.00125081
0.00120835
0.00155086
0.00287476
0.00350977
0.00151281
0.00105397
0.00277951
0.0019435
0.00137878
0.00482799
0.00299633
0.000653873
0.00240631
0.00277887
0.0007891
0.00151675
0.00277802
0.00157002
0.00144339
0.00134477
0.00341581
0.00336402
0.00197094
0.00197094
0.000889171
0.00480011
0.00250501
0.0034188
0.00188384
0.00116112
0.00359792
0.00246392
0.00156417
0.00131116
0.00332651
0.00341429
0.00258792
0.00441646
0.00137404
0.00137404
0.00233457
0.00214066
0.00431887
0.00160567
0.00297267
0.00430432
0.00265956
0.00425626
0.00299075
0.000925849
0.00130624
0.00375392
0.00146064
0.00296451
0.00173376
0.00203704
0.00229628
0.00136645
0.000798381
0.00138493
0.004077
0.00293617
0.004888
0.00202187
0.00206167
0.00161886
0.00295005
0.00143151
0.00183735
0.0007891
0.00128873
0.00233165
0.00116112
0.00117525
0.00145719
0.00269317
0.000630841
0.000931009
0.00313929
0.00313929
0.00320124
0.00320124
0.000630841
0.00119918
0.00250501
0.00267767
0.00445227
0.000294838
0.00140452
0.00289574
0.00221458
0.000620782
0.00480011
0.00235603
0.00057854
0.00120835
0.00204164
0.00193084
0.00193084
0.00227876
0.000881458
0.00187538
)
;
    }
    procBoundary9to11
    {
        type            processor;
        value           nonuniform List<scalar> 
138
(
0.00517393
0.00450437
0.000324082
0.00425835
0.0065706
0.00435825
0.0049477
0.00406871
0.00240986
0.000677835
0.0046467
0.000195547
0.000400363
0.000400363
0.00268786
0.00474372
0.00266303
0.00608417
0.0048397
0.00604335
0.00175955
0.00616295
0.0054624
0.005965
0.00120034
0.00482213
0.00113131
0.000626975
0.00620659
0.0017839
0.00245481
0.00182204
0.00157012
0.0017101
0.0017101
0.0060687
0.00231177
0.00292971
0.00406871
0.00260912
0.000775785
0.000325939
0.000663998
0.00169041
0.00255249
0.00212995
0.00513981
0.00512263
0.00521064
0.000693561
0.00683739
0.00381825
0.00197647
0.00324762
0.00367871
0.000744952
0.00131846
0.00536777
0.00555859
0.00542429
0.00162827
0.00226556
0.00135355
0.000460057
0.00633681
0.000552917
0.00218334
0.00512104
0.00109885
0.0019415
0.000842534
0.00682576
0.000145149
0.000823957
0.0013783
0.00353067
0.00334404
0.00100569
0.000789745
0.000260838
0.00293476
0.00136209
0.0023379
0.00368365
0.00263352
0.00211674
0.00127372
0.000345995
0.00027891
0.00686356
0.00596949
0.00122792
0.00114388
0.00460446
0.00558073
0.00123002
0.00603562
0.00592605
0.00401318
0.00370711
0.00346166
0.00595574
0.00489175
0.00324511
0.00564332
0.00399033
0.00165123
0.00628795
0.000774664
0.00235993
0.00263352
0.000832034
0.0017839
0.000524049
0.00306097
0.00326686
0.0055029
0.00295598
0.000928463
0.000180032
0.00139113
0.0020319
0.000464369
0.000351923
0.00602831
0.00592025
0.00538724
0.00346166
0.000365173
0.000492664
0.000945978
0.000503491
0.0046459
0.00265766
0.00229627
0.00257407
0.00146494
0.0053663
)
;
    }
}


// ************************************************************************* //
