/*--------------------------------*- C++ -*----------------------------------*\
| =========                 |                                                 |
| \\      /  F ield         | OpenFOAM: The Open Source CFD Toolbox           |
|  \\    /   O peration     | Version:  2506                                  |
|   \\  /    A nd           | Website:  www.openfoam.com                      |
|    \\/     M anipulation  |                                                 |
\*---------------------------------------------------------------------------*/
FoamFile
{
    version     2.0;
    format      ascii;
    arch        "LSB;label=32;scalar=64";
    class       volScalarField;
    location    "0.0689058";
    object      nut;
}
// * * * * * * * * * * * * * * * * * * * * * * * * * * * * * * * * * * * * * //

dimensions      [0 2 -1 0 0 0 0];

internalField   nonuniform List<scalar> 
3991
(
0.00386838
0.00502909
0.00322461
0.00113077
0.0039154
0.00170361
0.00349572
0.00352168
0.00137218
0.00392263
0.000546292
0.00113829
0.00478025
0.00143763
0.00294073
0.00021948
0.00325713
0.00101898
0.000840881
0.00279709
0.000496486
0.00443283
0.00134272
0.00140267
0.00099301
0.00115708
0.00141686
0.000388742
0.00527606
0.00142392
0.000607188
0.00228012
0.00118327
0.000885545
0.00137922
0.00136591
0.00115783
0.00083982
0.00196414
0.000946743
0.000425597
0.000385259
0.000781086
0.000567675
0.00167772
0.0021173
0.000992087
0.00243933
0.00147957
0.00306128
0.0016482
0.00291451
0.00413877
0.00282637
0.00407194
0.000935643
0.00153389
0.000625096
0.000608639
0.0011657
0.00543007
0.000882018
0.000288992
0.000713196
0.000422929
0.00113964
0.000450047
0.000445313
0.00129483
0.00275431
0.00125919
0.00116017
0.00248675
0.00137844
0.00622394
0.00143936
0.00207756
0.00164027
0.00379045
0.00328548
0.000946975
0.00181635
0.00107138
0.000357364
0.000763055
0.000514525
0.00100585
0.00354575
0.00257682
0.00518026
0.000849968
0.000824188
0.00065265
0.000316015
0.000596097
0.00275808
0.000410428
0.000536288
0.00396928
0.00267991
0.000318013
0.000930069
0.000834193
0.000708708
0.00312443
0.0029928
0.00207607
0.0033545
0.00201942
0.00388787
0.00322751
0.00425832
0.00553056
0.00204115
0.00204869
0.00249634
0.0029621
0.00297305
0.00297604
0.00235926
0.00411025
0.000386211
0.00359753
0.000444561
0.000409148
0.000425011
0.00202945
0.0039254
0.00540966
0.00277077
0.00388694
0.00332126
0.00255559
0.000503636
0.000895635
0.00137338
0.00579599
0.00574422
0.00495816
0.00477051
0.00373347
0.000626986
0.000624738
0.00080385
0.00134303
0.00129041
0.00266138
0.002284
0.00101958
0.00529928
0.0051341
0.00512944
0.00574208
0.00206365
0.00127889
0.00169229
0.00295178
0.00147307
0.00123349
0.00114283
0.00420159
0.00527035
0.00498369
0.000628698
0.00272353
0.000132356
0.000877573
0.000980838
0.0011041
0.00135122
0.00363171
0.00115602
0.00126159
0.00142195
0.00416591
0.00222025
0.000479379
0.00265441
0.00302299
0.00413678
0.00122114
0.00112765
0.000536144
0.0051955
0.00197869
0.00389548
0.00258508
0.000521402
0.000962138
0.00368702
0.00168343
0.00119354
0.000485316
0.000877961
0.00164344
0.00173259
0.00182494
0.000373487
0.00591916
0.00171717
0.00150166
0.000826207
0.000595178
0.00101278
0.000944404
0.00131366
0.00145995
0.000949224
0.000350804
0.00335973
0.000383661
0.000473182
0.000770231
0.000729137
0.000853646
0.000992124
0.00144379
0.00111829
0.000719902
0.00415154
0.000373326
0.000652701
0.00526843
0.000850831
0.00134641
0.000409586
0.000872995
0.00312044
0.000756347
0.00342626
0.000677356
0.00347175
0.00113539
0.00291966
0.00119941
0.000846443
0.00155223
0.00115888
0.00076135
0.00360281
0.00299767
0.00371234
0.000996742
0.00462477
0.0015528
0.00177016
0.00633779
0.000798064
0.00367438
0.00207457
0.000518498
0.000608683
0.00122882
0.00159862
0.0016323
0.000416124
0.00222841
0.000645254
0.000638888
0.0015246
0.000501871
0.00121439
0.00168533
0.00265395
0.0018934
0.000672997
0.00260267
0.00114773
0.000210795
0.000991718
0.00165967
0.00147336
0.00139706
0.00151206
0.00103505
0.0011556
0.00271822
0.00250239
0.00272187
0.00246829
0.00317762
0.00142503
0.0021399
0.00196913
0.00155254
0.00188898
0.00196208
0.00308944
0.00274615
0.00237233
0.00262622
0.00350016
0.00171585
0.00123987
0.00238223
0.00130939
0.00115116
0.00361261
0.000967485
0.00630612
0.00251063
0.00191881
0.00331137
0.000180645
0.000345484
0.000694922
0.000168152
0.00376197
0.00550759
0.0012559
0.00440041
0.00503369
0.000583461
0.0034031
0.00217215
0.00504216
0.00234933
0.0014774
0.00442182
0.00133265
0.00134461
0.00395085
0.000773569
0.000341803
0.00312363
0.00172376
0.00106961
0.00266783
0.00160834
0.00274329
0.00217656
0.00163405
0.00193789
0.00300531
0.00242195
0.000958647
0.00243123
0.00212581
0.00333735
0.00140091
0.00276667
0.00289445
0.00555292
0.00334434
0.00207656
0.0022274
0.00495526
0.00193396
0.00235815
0.0012738
0.0011056
0.00239521
0.000406892
0.0009621
0.00519902
0.00128336
0.00110636
0.00148759
0.00340696
0.00355257
0.00485872
0.000845802
0.00143354
0.00208929
0.00113405
0.00182807
0.000546188
0.00145043
0.00129767
0.00205451
0.00110517
0.000945085
0.000945811
0.000352547
0.000557634
0.0043211
0.00144988
0.000684951
0.00193203
0.00158084
0.00449193
0.0034459
0.00166388
0.00329332
0.00223416
0.00335633
0.00093987
0.00509063
0.00410307
0.000835073
0.00174815
0.000263771
0.00355577
0.00207226
0.00202512
0.00228096
0.000259319
0.000259273
0.00129832
0.00129977
0.00181875
0.00235693
0.000478572
0.0017322
0.000937288
0.00187387
0.00474499
0.000322695
0.00151486
0.00139522
0.00348678
0.000980123
0.00253211
0.00222889
0.00222123
0.00111587
0.00138727
0.00277399
0.000540506
0.00243663
0.00499296
0.00271105
0.0017696
0.00186433
0.00157876
0.000457572
0.00294684
0.00131427
0.000968588
0.00550432
0.00221876
0.0011171
0.00152492
0.00217568
0.000758793
0.001337
0.00119924
0.000477388
0.000924149
0.00364771
0.00118733
0.00573319
0.00421046
0.00100411
0.000503873
0.000534769
0.000898435
0.00114626
0.000413491
0.000437846
0.000676736
0.000442844
0.00390433
0.00113007
0.000584906
0.0016536
0.00136246
0.000631974
0.00065838
0.00240708
0.00134823
0.00225703
0.00483623
0.00097189
0.000886042
0.000597986
0.000640341
0.00388971
0.00326012
0.00345076
0.000841497
0.00308641
0.0019123
0.00279439
0.00451758
0.00167169
0.00158979
0.00119899
0.00394575
0.00321841
0.00449397
0.00195784
0.00303459
0.000264336
0.00117644
0.00291711
0.00248034
0.00592064
0.00416374
0.00324433
0.00387656
0.00356327
0.00203614
0.00246062
0.00139201
0.00216511
0.0011324
0.00281507
0.00360223
0.00179861
0.00329441
0.000715405
0.00202107
0.000327252
0.00423472
0.0014954
0.00435895
0.0036729
0.00463706
0.00474853
0.00473426
0.000496212
0.000810526
0.00223883
0.00057728
0.00140378
0.00118597
0.00364715
0.00146238
0.000563694
0.0021643
0.000147048
0.000817787
0.000440903
0.00194592
0.000607979
0.00144025
0.00498018
0.00373268
0.00324138
0.00308131
0.00269458
0.000580641
6.44089e-05
0.000433161
0.00174814
0.000543077
0.00527737
0.00296938
0.0014688
0.00406149
0.000689116
0.00120225
0.00144234
0.0036748
0.00395613
0.000755764
0.000991835
0.00170304
0.00068482
0.00124515
0.000686226
0.000697033
0.000487508
0.000426108
0.00220261
0.00222189
0.000605883
0.000490123
0.000713012
0.0006035
0.00268641
0.00259628
0.00096196
0.000379795
0.000974929
0.00050394
0.00088129
0.00243984
0.000624284
0.000761609
0.00281968
0.00362341
0.00291135
0.00300125
0.00168807
0.000219997
0.00052797
0.000746858
0.00077088
0.000496216
0.000861035
0.000478493
0.00306059
0.00123631
0.00314571
0.00403736
0.00208126
0.00272196
0.00441708
0.00347217
0.00159355
0.00416874
0.00414764
0.0029018
0.00654413
0.00304517
0.00490971
0.00394194
0.00425817
0.00366069
0.00462301
0.000751176
0.000549808
0.00147696
0.00234626
0.00280859
0.00514803
0.000605726
0.00242768
0.00329249
0.00113979
0.00157876
0.000794495
0.000760839
0.000904108
0.00243004
0.00349321
0.00370606
0.00367822
0.003384
0.00182458
0.00276593
0.00182755
0.00176708
0.000880788
0.000839795
0.00154052
0.000382892
0.000657725
0.00172397
0.0021542
0.000777756
0.000781876
0.00106448
0.00327742
0.00227648
0.00250164
0.00304669
0.00253891
0.00206135
0.00388533
0.00415175
0.00386183
0.00440447
0.00303226
0.00105059
0.00385489
0.00170617
0.00111147
0.0029029
0.00374433
0.00142326
0.00446911
0.00438838
0.00397261
0.00218045
0.00150438
0.000313847
0.000184491
0.000267662
0.000185467
0.000310847
0.000390215
0.000631347
0.00134267
0.00182669
0.0022541
0.00308656
0.00464023
0.00167886
0.00331617
0.00253033
0.000592651
0.00197464
0.00122229
0.00113303
0.000628031
0.000816794
0.000689232
0.00123799
0.00318287
0.00261652
0.00215904
0.00115561
0.00349789
0.00321356
0.00192071
0.0023983
0.000845417
0.0031091
0.00529947
0.00176425
0.00470814
0.00302682
0.0042447
0.000645643
0.00347054
0.00180952
0.00111505
0.00327652
0.00519465
0.00116508
0.00455742
0.00345374
0.00108213
0.0011125
0.000497339
0.000504864
0.00135648
0.00390076
0.00201885
0.000766427
0.0033592
0.00499487
0.00260806
0.00266422
0.00275389
0.000767472
0.000386523
0.00148368
0.000823322
0.00243629
0.00301966
0.00219903
0.000314809
0.00246274
0.00159253
0.00105775
0.000970664
0.00295137
0.00189533
0.00388358
0.0016291
0.00108164
0.00047062
0.00261773
0.00249495
0.0022694
0.000494683
0.00381355
0.00175568
0.00226654
0.00203549
0.0010434
0.000430862
0.00162108
0.00145524
0.000982831
0.00120684
0.00364474
0.00319779
0.00228161
0.00380772
0.0020674
0.00243535
0.0020454
0.000662
0.00136916
0.00133814
0.00062248
0.00468885
0.00123125
0.00366289
0.000798787
0.000422255
0.000400462
0.000249182
0.000853201
0.000869594
0.000571472
0.000451866
0.000461273
0.000828152
0.00420367
0.0020621
0.000879539
0.00251156
0.00204741
0.002163
0.00341167
0.00339125
0.000973997
0.00134334
0.0015807
0.00359766
0.00241819
0.00342603
0.0016984
0.00158427
0.00174123
0.00204563
0.0016099
0.00382893
0.00464061
0.00312676
0.000769934
0.00269175
0.00280307
0.00220444
0.0035515
0.00147231
0.00246989
0.00188003
0.00473097
0.0021501
0.00171806
0.00162886
0.000972831
0.00108479
0.00264604
0.000560973
0.00365486
0.000767429
0.000550347
0.00205253
0.00524674
0.00145422
0.00514985
0.00110214
0.0023643
0.00114262
0.00100722
0.0011973
0.00292255
0.00621673
0.000629742
0.00180336
0.00370285
0.00336923
0.00283283
0.00175475
0.00224039
0.000632051
0.0068139
0.003923
0.00122455
0.0018693
0.00146039
0.00202311
0.00599313
0.00482198
0.00164673
0.00268897
0.00586367
0.00528015
0.00130868
0.00562211
0.00411062
0.00380507
0.00264327
0.00466653
0.0045306
0.00533703
0.00217073
0.00192223
0.00120604
0.00151995
0.0017042
0.00128603
0.00240812
0.00130661
0.00114592
0.000893928
0.00182556
0.00230285
0.00330624
0.00194614
0.00206586
0.00787847
0.00518792
0.00292996
0.00297869
0.00114186
0.00187278
0.00198932
0.00298337
0.00242908
0.00157371
0.00053827
0.000914565
0.000191586
0.00130783
0.000816213
0.000289066
0.0011054
0.0040124
0.00518106
0.000500553
0.00140508
0.00568868
0.00432709
0.00136842
0.00123492
0.00399481
0.00233556
0.0010209
0.00197339
0.00246362
0.000424421
0.00259472
0.00484289
0.0030567
0.00144369
0.000817969
0.00210426
0.00316572
0.000556283
0.000522108
0.00161252
0.0022861
0.000459655
0.00204949
0.00183812
0.000783397
0.00145375
0.00118214
0.00409695
0.00249892
0.00429944
0.00258166
0.0054513
0.00495942
0.00625094
0.00241421
0.00132005
0.00307969
0.0010094
0.0024852
0.00184569
0.0015874
0.00143387
0.00125602
0.00188739
0.000755621
0.000705033
0.00134412
0.00104355
0.00124517
0.005765
0.00140015
0.00105426
0.000897072
0.00188148
0.000668007
0.000935693
0.000757962
0.000246159
0.0028064
0.001514
0.00109561
0.00127671
0.00101279
0.00454282
0.00516981
0.0010962
0.00333707
0.00182696
0.0023651
0.00159517
0.00244869
0.00178585
0.00068385
0.00120721
0.000226469
0.00104271
0.000907393
0.000516744
0.000906476
0.00152018
0.000767461
0.000528145
0.00215639
0.00445704
0.00130158
0.0036479
0.00287051
0.00250912
0.00340694
0.0035096
0.0026607
0.000585418
0.00182535
0.00531641
0.00311055
0.00048603
0.00369833
0.00126431
0.00259155
0.0005143
0.00280301
0.00193162
0.00430818
0.00130425
0.00409455
0.00180487
0.00217824
0.00130244
0.00225282
0.000536405
0.0016083
0.00132252
0.00105871
0.0013716
0.00106328
0.000483682
0.00123844
0.0020145
0.00189449
0.000583807
0.00206287
0.00104414
0.000723464
0.00216398
0.00214255
0.00190705
0.00300226
0.00205961
0.00192837
0.00203382
0.00186097
0.000613916
0.00378326
0.000598903
0.00043354
0.00104191
0.000358134
0.00297108
0.00404242
0.00107343
0.00143149
0.00605208
0.000245471
0.000408825
0.000445725
0.00242832
0.000508045
0.000722163
0.00127194
0.000483358
0.0013694
0.000659106
0.00101973
0.00105943
0.000855012
0.00052799
0.00106231
0.000697612
0.0013678
0.00147948
0.00115868
0.000879258
0.00103044
0.00104556
0.000635248
0.000603737
0.000950484
0.00118019
0.00104143
0.00119306
0.00147194
0.0019036
0.00188043
0.00193893
0.00140523
0.00121774
0.0025711
0.00151147
0.0014552
0.00263881
0.000703887
0.00296682
0.00510055
0.00511625
0.00232139
0.00486483
0.000597882
0.00121366
0.00592917
0.00527423
0.000910076
0.00252996
0.00126729
0.00273753
0.00128654
0.00506568
0.00171542
0.00118444
0.00134156
0.0015223
0.000435191
0.00415785
0.00417717
0.000680721
0.00327544
0.00269037
0.00288649
0.0021228
0.00222912
0.00107745
0.00185619
0.00318136
0.00443173
0.000834214
0.00196668
0.000695829
0.00139343
0.00267222
0.0025667
0.0030545
0.00164344
0.00453589
0.00232817
0.000888985
0.000719819
0.00247165
0.00309706
0.00154721
0.00238038
0.00238827
0.00107271
0.00137082
0.000410839
0.000652195
0.000381111
0.0011089
0.000417341
0.000831301
0.00315433
0.00353728
0.00139675
0.00273331
0.00375629
0.0028311
0.00497094
0.00175203
0.002708
0.00292409
0.00318772
0.00273584
0.00187887
0.00570527
0.00544263
0.00127197
0.00277194
0.00278027
0.00277855
0.0010967
0.00191874
0.00184805
0.00212301
0.000658613
0.00141797
0.00200009
0.0012591
0.00258115
0.00175025
0.00260564
0.00193452
0.00175336
0.00172148
0.00238045
0.0021663
0.000333237
0.0011181
0.00123359
0.000816823
0.00230223
0.000766946
0.00414265
0.00368203
0.00370184
0.000751774
0.00430077
0.00421546
0.00246141
0.00098541
0.00078728
0.000827145
0.00695172
0.000692847
0.00104492
0.00401424
0.00447774
0.00370437
0.00205942
0.00509666
0.00154401
0.002435
0.00453546
0.000684198
0.00102453
0.00113303
0.00064738
0.000746256
0.000949232
0.000715941
0.00042831
0.00164973
0.000775038
0.00109928
0.000923124
0.000852499
0.00156394
0.000505149
0.000732227
0.00385583
0.00175564
0.00314023
0.00351289
0.0032371
0.00254838
0.00369657
0.00278294
0.00246569
0.00320382
0.00125795
0.00364324
0.00193381
0.000528033
0.000646361
0.000865001
0.00060642
0.000606168
0.000378006
0.000397357
0.00403701
0.00180071
0.00167993
0.00180009
0.00303878
0.00358556
0.00153988
0.00251915
0.000779592
0.00193555
8.48639e-05
0.000673711
0.000485265
0.000289223
0.00200746
0.000509855
0.000486825
0.000459087
0.00105626
0.000862443
0.000301308
0.0014243
0.000310972
0.000922919
0.000126196
0.000523479
0.00129419
0.00069233
0.0013487
0.000311129
0.000546185
0.00068831
0.000657561
0.00274824
0.000880239
0.00107173
0.00111216
0.000761626
0.000453957
0.000390121
0.00151821
0.000770416
0.000795303
0.00110835
0.000449525
0.00084126
0.00434959
0.000809924
0.000501577
0.00142518
0.00111539
0.000631286
0.00224909
0.000285419
0.000264027
0.000638146
0.000944872
0.00146873
0.00105417
0.00113095
0.00117905
0.000810099
0.00111899
0.0010689
0.00437745
0.00475561
0.00380868
0.000741355
0.00449455
0.00353052
0.00131532
0.00198916
0.000638147
0.00494228
0.00519196
0.0031942
0.00115732
0.00124187
0.00229503
0.00528591
0.000614867
0.00315815
0.000458343
0.000460356
0.00222829
0.000290662
0.000465668
0.00206748
0.00170086
0.0055043
0.000713044
0.000203894
0.000684324
0.000178344
0.000502878
0.000711873
0.00565622
0.00281269
0.00536751
0.00348969
0.00579503
0.00321456
0.00369318
0.00199012
0.00289677
0.00175469
0.000336625
0.000784383
0.00113141
0.00231191
0.00565061
0.00151821
0.00229842
0.00363727
0.00466829
0.00170226
0.00400238
0.00118522
0.00125726
0.00126561
0.00060337
0.00162789
0.00132424
0.000758896
0.000943318
0.00311153
0.00157527
0.000814289
0.00239664
0.00184974
0.00171306
0.00184607
0.00206712
0.000429831
0.0011669
0.0017065
0.00340521
0.00161691
0.00375201
0.00172511
0.00586719
0.00356289
0.00148355
0.00220045
0.000613347
0.000722726
0.00186068
0.00162821
0.00381242
0.00312306
0.00167715
0.00216348
0.00170428
0.000744621
0.000656018
0.000715707
0.000775354
0.00127714
0.000924577
0.00109558
0.000392021
0.00177479
0.00502894
0.000735333
0.0013975
0.00174487
0.000798302
0.000288309
0.00145288
0.00213911
0.00219232
0.000895304
0.00429665
0.00495662
0.0045117
0.00609962
0.00385064
0.00313977
0.0022214
0.000499665
0.00131241
0.00190004
0.00152095
0.0013818
0.00183996
0.00121782
0.00127072
0.00239557
0.00114998
0.00286143
0.00229944
0.00203394
0.00312767
0.000665433
0.000834028
0.00225246
0.00236951
0.0041983
0.000695051
0.00165646
0.000592037
0.000752622
0.00128244
0.000587652
0.00060759
0.000506441
0.00040844
0.00110633
0.00140154
0.00160233
0.00153604
0.00131597
0.00203183
0.00205318
0.00188344
0.00166275
0.00212259
0.00134729
0.00122415
0.000752786
0.000664022
0.00193814
0.00249022
0.000614953
0.0011101
0.00201692
0.00173009
0.000961406
0.00134954
0.00134717
0.0013956
0.00364765
0.00261244
0.00345528
0.00162569
0.00320061
0.00341274
0.0029128
0.000434403
0.000841249
0.00517872
0.0044771
0.00446548
0.00494445
0.00134858
0.00122754
0.00127153
0.00404626
0.00311229
0.00283252
0.00245262
0.00272537
0.00217929
0.00303241
0.00396341
0.0030344
0.00266154
0.00319744
0.000832447
0.00422683
0.00125334
0.0035272
0.00173037
0.00544865
0.00244781
0.00223939
0.000896979
0.00266775
0.00201719
0.00155602
0.00405696
0.00192967
0.000271694
0.00139673
0.000951461
0.00369139
0.0014122
0.00360595
0.00181564
0.000877253
0.000732629
0.00144672
0.000986843
0.000979767
0.00250966
0.00111011
0.00123273
0.00187536
0.00426911
0.00276311
0.00248049
0.00331714
0.0016371
0.00109192
0.00534507
0.00091934
0.000343892
0.00199856
0.00244208
0.00389856
0.00334726
0.00322031
0.00495293
0.0030566
0.0019443
0.00353519
0.00306401
0.00539534
0.00142088
0.00210214
0.00186689
0.00169487
0.00296484
0.00153
0.00105709
0.000674128
0.000642551
0.00356243
0.000454702
0.00203668
0.00293618
0.00152587
0.00145806
0.000847984
0.00103753
0.00210724
0.00280581
0.00144482
0.00172877
0.00140806
0.0011929
0.00336329
0.00288066
0.00265131
0.0030402
0.00106258
0.000811159
0.00437885
0.00292356
0.00118977
0.00565522
0.00206524
0.0043351
0.00357625
0.00291283
0.0057858
0.00231955
0.00412743
0.00111877
0.000773622
0.000870926
0.00100159
0.003505
0.00203366
0.00484142
0.00315453
0.00413882
0.00146118
0.00600156
0.00270526
0.00223126
0.0029102
0.00424012
0.000939791
0.00163329
0.000937012
0.00270069
0.00346205
0.00347698
0.00367125
0.00222498
0.000787177
0.00383226
0.00238295
0.00358185
0.00289601
0.00449774
0.00129112
0.000670137
0.00233197
0.00134643
0.00429641
0.000150695
0.000888116
0.000785757
0.00129987
0.000907479
0.000275546
0.00248815
0.00156695
0.000842737
0.000910947
0.00468203
0.000774195
0.000226357
0.00107548
0.000440257
0.00295963
0.00177022
0.00423757
0.00175346
0.000806608
0.00146071
0.00110374
0.00485095
0.00312229
0.00267919
0.00333053
0.0014595
0.000689874
0.000940914
0.00599936
0.00120605
0.00181931
0.00251463
0.00480117
0.00206146
0.0035506
0.00480171
0.000931155
0.0041937
0.00428578
0.00128699
0.00200998
0.00491608
0.0030962
0.00574854
0.00215233
0.00178667
0.00586362
0.00390409
0.0024769
0.00143616
0.00201046
0.00450035
0.00153842
0.000822257
0.0010935
0.000466062
0.00248133
0.000457929
0.00635229
0.00111142
0.00222965
0.00438987
0.00140543
0.00353678
0.00121599
0.00427512
0.00138222
0.00170368
0.000872788
0.000396893
0.000101942
0.00021164
0.00108831
0.00052264
0.000170769
0.00113667
0.00315239
0.000449983
0.0031755
0.00427467
0.000371719
0.000435143
0.000340195
0.000948376
0.00337108
0.00155393
0.00207743
0.00153495
0.000808893
0.00072462
0.000865549
0.000474595
0.000996866
0.000752854
0.000710606
0.000158963
0.00123425
0.00107187
0.00521631
0.000246702
0.00197697
0.00600275
0.00408394
0.00343871
0.0026231
0.00594836
0.00601955
0.00168777
0.00105786
0.00032743
0.0013339
0.000793487
0.00162839
0.000990088
0.00134294
0.00129911
0.00113909
0.00153216
0.00041233
0.000779084
0.00262937
0.00168141
0.000542909
0.000252852
0.000787883
0.000455363
0.000418954
0.000717867
0.00113669
0.00159668
0.000786593
0.00113335
0.00131808
0.0010826
0.000620518
0.000836252
0.000861829
0.00238539
0.00114335
0.00255179
0.0027407
0.00151323
0.00142879
0.00160374
0.00169143
0.00161469
0.00137893
0.00298855
0.00309873
0.000461047
0.000117582
0.000202251
0.00155626
0.00154533
0.000600716
0.00227107
0.00454302
0.000346088
0.000627949
0.000837698
0.000388811
0.000940501
0.00269087
0.00210907
0.00138566
0.00127427
0.000834148
0.00603002
0.00251741
0.00126759
0.00249558
0.00194509
0.00429674
0.0047575
0.00256435
0.00115091
0.0023876
0.00177105
0.0024322
0.00121914
0.00154842
0.0013337
0.00355578
0.000317745
0.000851758
0.000591723
0.000712351
0.00114299
0.00102659
0.000685816
0.000635732
0.000919807
0.000715919
0.000628409
0.00049259
0.00060386
0.000782225
0.00554251
0.0027689
0.00308534
0.00401133
0.00489476
0.00229317
0.00239787
0.00518462
0.00404843
0.00415338
0.00201523
0.00439147
0.000713959
0.000796973
0.000804201
0.000973196
0.00291127
0.00264861
0.00265008
0.00196172
0.00379163
0.00363289
0.0018433
0.00343832
0.00303027
0.00557813
0.000613689
0.00522033
0.00436839
0.00563493
0.00566515
0.0023926
0.00264599
0.00421028
0.00116864
0.00159972
0.000921955
0.00122191
0.00124658
0.00126853
0.00185083
0.0010172
0.00102772
0.000921646
0.00242798
0.000811925
0.00063117
0.00210476
0.00084945
0.00211838
0.000891963
0.000381223
0.000807028
0.000252121
0.0021353
0.000466026
0.000811153
0.00182248
0.000812654
0.00102382
0.000416661
0.00245701
0.000169337
0.00175484
0.00227738
0.00115675
0.0041623
0.00637915
0.00150732
0.00382308
0.00153622
0.00158965
0.00116676
0.00157912
0.00244805
0.00233133
0.00172829
0.00133857
0.00120172
0.00501522
0.00134466
0.00486466
0.00359827
0.00325658
0.00258885
0.000902953
0.000174489
0.00219725
0.000556341
0.00193937
0.00136237
0.00180627
0.00280015
0.00655822
0.000954462
0.00152085
0.00197697
0.00066974
0.00123617
0.000908581
0.00642131
0.00704963
0.001614
0.00142406
0.000337911
0.000889618
0.00176872
0.000594177
0.00146765
0.000947066
0.00297653
0.00434362
0.00226261
0.00461731
0.00240124
0.00245373
0.000377491
0.000271713
0.000785077
0.000981784
0.00502081
0.0040185
0.000620098
0.0004167
0.000303549
0.000555455
0.000831386
0.00031958
0.000518726
0.000702349
0.00055612
0.000528862
0.00047062
0.000556497
0.000404034
0.000797119
0.000687592
0.000413091
0.000551897
0.00196533
0.000373133
0.00173991
0.000912971
0.00209198
0.00250291
0.00439457
0.00369163
0.000524602
0.000851989
0.00409461
0.00117166
0.00114032
0.00239167
0.00158076
0.00216435
0.0010827
0.00163499
0.00119422
0.00154693
0.00114656
0.000695489
0.000643355
0.00522412
0.00179955
0.00304038
0.00065766
0.00450339
0.000884972
0.0016766
0.00262297
0.00236973
0.000227613
0.000947252
0.000525882
0.000476978
0.00118876
0.000609003
0.00090633
0.000513867
0.00129005
0.000894182
0.00235089
0.000473968
0.00273419
0.000727685
0.000753359
0.000903234
0.000333553
0.000731079
0.000608262
0.000688521
0.00076405
0.00102434
0.000756776
0.00531274
0.000364847
0.000430387
0.00170792
0.00227393
0.00264333
0.00145893
0.000422368
0.000323891
0.000544906
0.00121723
0.00160837
0.00158766
0.0015848
0.00168747
0.00154151
0.000979194
0.00138592
0.00130691
0.00125642
0.000933241
0.00123629
0.000779429
0.00321589
0.000230559
0.000400492
0.000421124
0.000511007
0.00040834
0.000278563
0.000419969
0.00040842
0.00418398
0.00398783
0.000476634
0.00145558
0.00253108
0.0015367
0.00175841
0.000982087
0.00107088
0.000495328
0.000697527
0.0010554
0.00155957
0.000368236
0.00162134
0.00541024
0.0060061
0.00618796
0.0029168
0.00315167
0.00190024
0.002377
0.00494085
0.00179262
0.0017287
0.00162109
0.00112674
0.00278542
0.00314043
0.00191064
0.00132208
0.00399316
0.00124903
0.00449816
0.00123378
0.00195354
0.00451454
0.00293247
0.00183184
0.000789767
0.00213338
0.00154227
0.00303597
0.00101277
0.0014332
0.00121353
0.00167652
0.00152102
0.00129314
0.000708786
0.000940814
0.0023947
0.00154051
0.000577567
0.000442278
0.00100569
0.000883342
0.000345765
0.000456342
0.00086517
0.00164992
0.00193213
0.00136766
0.00214702
0.00172762
0.00149922
0.000660136
0.00237517
0.000914037
0.00142091
0.00187849
0.00108324
0.00233982
0.00147604
0.000955818
0.00107015
0.000636363
0.00171269
0.00134934
0.00155716
0.00445538
0.00127714
0.00104222
0.000673653
0.00131564
0.00146598
0.00601608
0.00550116
0.00410638
0.00403981
0.00327116
0.0041731
0.00140362
0.00145442
0.0010419
0.00155081
0.00230156
0.00318749
0.00293778
0.00494104
0.00393957
0.00500001
0.00132165
0.00154037
0.00039542
0.00455903
0.0015919
0.00505368
0.000366696
0.00194856
0.00605379
0.00488058
0.000504851
0.000628624
0.00117632
0.00170779
0.00378678
0.00144538
0.00262712
0.00233768
0.00370438
0.00204539
0.00266574
0.00375267
0.00320438
0.00223248
0.00646966
0.00489163
0.00735961
0.0038035
0.00543993
0.000244157
0.00117237
0.00166183
0.000190869
0.00183027
0.00195022
0.00158875
0.00215283
0.00174964
0.00097646
0.000537122
0.000535348
0.000497367
0.000117623
0.0010713
0.000504553
0.000811595
0.00310313
0.00305254
0.000906731
0.000863719
0.00269838
0.00481355
0.00278874
0.000633639
0.000584112
0.00191082
0.00094263
0.00235514
0.0023144
0.00455453
0.00272967
0.00262464
0.000763558
0.000417064
0.00100482
0.000706273
0.000109646
0.00042634
0.000669282
0.000682535
0.00270638
0.000719335
0.00205253
0.00197741
0.0020582
0.00201527
0.00218753
0.00230642
0.00108385
0.00226785
0.00321022
0.0044604
0.000984442
0.00118397
0.00129615
0.000789342
0.000648236
0.000937435
0.00231923
0.00367503
0.00211355
0.00198657
0.00165871
0.00191446
0.00222787
0.00406384
0.00319609
0.00253957
0.00288212
0.00186523
0.000551301
0.000266876
0.000888558
0.0014589
0.00514384
0.00275732
0.000981987
0.00283989
0.000734081
0.00263755
0.000640098
0.00381118
0.00146614
0.000766981
0.000329502
0.00118859
0.000982025
0.00238198
0.000913561
0.00173764
0.00325403
0.0013649
0.00464656
0.00171937
0.00139439
0.00430732
0.00184842
0.00548681
0.00628484
0.00133201
0.00246934
0.00220849
0.00684308
0.00229593
0.00567622
0.00511035
0.00457934
0.00313546
0.0053709
0.00283933
0.00330638
0.000308691
0.0018922
0.00286847
0.00205957
0.00215779
0.00176207
0.00427326
0.00241948
0.00231804
0.00204163
0.0015047
0.00110596
0.00104573
0.00151811
0.00215551
0.000229295
0.00143658
0.00166759
0.0009695
0.001204
0.00138326
0.00196206
0.00394446
0.00338728
0.000988178
0.000180899
0.00221185
0.00643127
0.00433533
0.00141399
0.00216848
0.0020658
0.000387252
0.000606491
0.000972566
0.000805681
0.000636282
0.00222586
0.00168431
0.000701947
0.00224918
0.00163478
0.000354258
0.00209281
0.00226652
0.00186645
0.00310272
0.00146071
0.00218464
0.00250776
0.0025415
0.00375246
0.00158829
0.00133888
0.00122595
0.00174712
0.0021128
0.00164802
0.000484449
0.00190468
0.00301969
0.000473422
0.000290172
0.00452877
0.00179824
0.000479573
0.000685578
0.000385921
0.000424134
0.000335575
0.00109619
0.00136879
0.00262944
0.00163089
0.00118228
0.000264779
0.000842298
0.000707178
0.0024021
0.000643645
0.000633209
0.00033459
0.000371994
0.00111583
0.000240981
0.000504621
0.00331618
0.00443595
0.000160688
0.00127549
0.00542433
0.00233089
0.00144938
0.00128311
0.00111379
0.00216765
0.0012096
0.00124705
0.00115638
0.000947122
0.00344919
0.00319991
0.00422939
0.00336576
0.00287185
0.0051165
0.0022252
0.00536925
0.00359489
0.00146095
0.00506328
0.00280859
0.00232224
0.00205191
0.00238024
0.00141981
0.00073555
0.00142748
0.000751834
0.000883966
0.00296665
0.000212311
0.00136959
0.000954924
0.00141268
0.00126898
0.00079378
0.000526128
0.0004322
0.00501394
0.00338989
0.00179937
0.000813205
0.000765471
0.000840538
0.000975209
0.000754845
0.000327601
0.000513796
0.00118701
0.00324681
0.000855948
0.00124169
0.000931244
0.000173535
0.00411949
0.000845205
0.00128709
0.000482113
0.00210281
0.00130545
0.00229218
0.00105945
0.00018323
0.00061546
0.00200173
0.000939901
0.000468967
0.000655865
0.000475245
0.00117425
0.00121922
0.000802852
0.00060931
0.00333464
0.000759689
0.000296124
0.00253407
0.000384382
0.000352547
0.00110386
0.000336798
0.00069548
0.00046398
0.000896005
0.00303652
0.00154001
0.00284742
0.00159999
0.00155265
0.00112161
0.00181411
0.00313292
0.00220849
0.000459756
0.000806744
0.000763359
0.00186469
0.00292266
0.00152469
0.000486058
0.000883913
0.000790868
0.000834351
0.000413144
0.000440451
0.00183193
0.000835464
0.000568417
0.000322209
0.000655143
0.00399329
0.00235153
0.00354308
0.00375671
0.00367867
0.00115929
0.000846148
0.0019669
0.00264206
0.000836144
0.00115126
0.00539716
0.000199319
0.000402078
0.00420855
0.00219955
0.000560169
0.00083379
0.00490267
0.00420126
0.00205172
0.00492528
0.00115845
0.00190973
0.00013407
0.000800453
0.000373829
0.000920311
0.00109533
0.000989041
0.00159188
0.00141224
0.00127984
0.000633538
0.0009278
0.00324174
0.0014809
0.00448173
0.0025267
0.00144351
0.00124597
0.00100189
0.0011982
0.00187783
0.00119281
0.00176054
0.00152565
0.000450152
0.000243975
0.0010391
0.000320651
0.000994093
0.000782673
0.000628762
0.00386619
0.0010487
0.000182007
0.00271273
0.00099818
0.00144473
0.0014984
0.00327794
0.00155497
0.00402563
0.00158927
0.000265991
0.00047625
0.000465315
0.00047302
0.00380857
0.00198449
0.00241228
0.00180395
0.0018921
0.00571468
0.00107436
0.001694
0.000674638
0.00058723
0.000459082
0.000695471
0.00281717
0.000631871
0.000975442
0.00264195
0.0048668
0.000434806
0.00179106
0.00211745
0.00236568
0.00179762
0.00451554
0.00459386
0.00360876
0.00456083
0.00433875
0.0023815
0.00547222
0.00279318
0.000428297
0.000901108
0.00303163
0.00101155
0.000756309
0.0040544
0.00390392
0.00284109
0.00438867
0.00124801
0.00437207
0.0040754
0.00191031
0.00180166
0.00407435
0.00413223
0.00378132
0.00450004
0.00284394
0.00298862
0.00599193
0.00333476
0.000519473
0.00415698
0.004852
0.00261572
0.000441789
0.00258423
0.0010244
0.00123821
0.000665318
0.000412972
0.00110386
0.000895227
0.000588609
0.000231391
0.000730584
0.000455195
0.000658931
0.000381653
0.00123733
0.00146197
0.000880813
0.000608605
0.000461452
0.000942665
0.000778387
0.00219171
0.0013778
0.00316368
0.00136548
0.00136323
0.00414304
0.000697329
0.000364057
0.00172039
0.000330731
0.00180945
0.000697869
0.000804439
0.000523874
0.00129511
0.00484726
0.00225105
0.00239242
0.00230062
0.000616694
0.00262334
0.00223268
0.000714593
0.00112915
0.000967018
0.000312795
0.00145857
0.00131887
0.00127826
0.00157711
0.000462778
0.00089705
0.000448878
0.00363709
0.00136512
0.00392315
0.00104352
0.00201153
0.0050777
0.000860598
0.00318575
0.00249767
0.00115843
0.00185903
0.000930205
0.00158531
0.00350814
0.00319158
0.00310669
0.0017727
0.00290481
0.00426461
0.00188182
0.00257994
0.00158496
0.00555015
0.00229305
0.00178575
0.00318666
0.00234222
0.00484914
0.00190443
0.00108615
0.00172083
0.00128131
0.00367036
0.00151293
0.00408887
0.00438301
0.000858579
0.00133766
0.00202786
0.000760868
0.000279266
0.00251205
0.00259082
0.000907282
0.00175685
0.00505398
0.00177698
0.0065904
0.00152233
0.00190832
0.00111366
0.00234387
0.000413977
0.000522698
0.000732208
7.28356e-05
0.000785985
0.00136867
0.00333956
0.00214156
0.0002877
0.00179446
0.00173544
0.0011394
0.000702019
0.00237713
0.00212987
0.00307073
0.0049115
0.00187184
0.00195771
0.001712
0.00197308
0.00099718
0.00501071
0.00368533
0.00291424
0.00209243
0.00261711
0.00145106
0.000850455
0.000451172
0.00375779
0.00115722
0.000273443
0.00131973
0.00112545
0.00123618
0.00146426
0.00129011
0.00127913
0.00155191
0.00126564
0.00204238
0.00268536
0.000430039
0.000154184
0.000853858
0.000440659
0.00135899
0.000867684
0.000792959
0.000356461
0.000617001
0.000854255
0.00246514
0.00468383
0.00355612
0.00337313
0.000990338
0.00310953
0.00497942
0.000284591
0.000453834
0.00353438
0.000302261
0.00231915
0.000999056
0.00321224
0.00048629
0.000733273
0.0021687
0.00382231
0.000535054
0.00125039
0.00351329
0.0014409
0.00088876
0.000960216
0.000875637
0.00456262
0.000950568
0.000899403
0.000813769
0.0005562
0.00166333
0.00139902
0.00162613
0.000385712
0.00207593
0.00113521
0.00178602
0.00154889
0.00149727
0.00159194
0.000641893
0.00328536
0.00403029
0.00393174
0.00036156
0.00365902
0.000276242
0.000265385
0.00100197
0.00442209
0.00200022
0.00156901
0.00501313
0.00357563
0.00477864
0.00169932
0.00178949
0.00366284
0.00139687
0.00384791
0.00363974
0.00416935
0.00448493
0.00181547
0.000449637
0.000726595
0.00106551
0.000510548
0.00069111
0.000864138
0.000900194
0.0010159
0.00170514
0.000859078
0.00175102
0.00315414
0.00194012
0.00311941
0.00101246
0.00433135
0.00250368
0.0016093
0.00235444
0.00218401
0.000569769
0.000730994
0.00101133
0.000647404
0.000528835
0.000510572
0.00197212
0.00137851
0.00165117
0.000266139
0.000340355
0.00223541
0.0016011
0.00166635
0.00354778
0.00212176
0.00271447
0.000659854
0.00312268
0.00182416
0.00139771
0.000614799
0.000878855
0.00320623
0.000484904
0.000964167
0.00110868
0.00168308
0.00337178
0.00248255
0.00274343
0.00118347
0.00183413
0.0016269
0.00115611
0.000541527
0.00137002
0.000469614
0.00144628
0.00441176
0.00156077
0.00141687
0.0022262
0.00461577
0.00434525
0.00496741
0.00195721
0.000717147
0.000318778
0.00266341
0.00123832
0.00125099
0.00069927
0.00322213
0.00168783
0.00151222
0.000372317
0.00101673
0.000504867
0.000948923
0.000571995
0.000835267
0.00134443
0.00108473
0.00121989
0.00123909
0.000481639
0.00181424
0.00224633
0.00150637
0.0016743
0.00320374
0.00214773
0.00385735
0.00163952
0.00283775
0.00170208
0.000772826
0.00226486
0.00530911
0.00153478
0.000798174
0.00231923
0.000888908
0.000550708
0.000814454
0.000870618
0.00157554
0.000420896
0.000682717
0.000192871
0.000512005
0.0010309
0.00121021
0.00157965
0.00131287
0.00135152
0.00221484
0.00174046
0.00209995
0.00135944
0.00146853
0.00211519
0.00180481
0.00140792
0.00169032
0.0011355
0.00125212
0.0017336
0.00303299
0.00444877
0.00171542
0.000962654
0.000540333
0.000766466
0.000140495
0.000865985
0.00162595
0.00392541
0.00375658
0.00197875
0.000951271
0.000940529
0.00306917
0.00114925
0.0023166
0.000966662
0.00197642
0.00103537
0.000912444
0.00140603
0.00105203
0.000605389
0.000509579
0.000383314
0.000205924
0.00192363
0.00123418
0.000712645
0.00349242
0.000404614
0.00258057
0.00556221
0.00227376
0.00173535
0.000646605
0.000337553
0.00026188
0.000944556
0.00160592
0.000786183
0.000842142
0.000822672
0.000834962
0.00197493
0.00267528
0.00257508
0.00157752
0.00136252
0.00236859
0.000395686
0.000364991
0.000308143
0.00101377
0.00071705
0.000455077
0.000612899
0.000497391
0.00146566
0.00135736
0.00139057
0.00230204
0.00114725
0.00226244
0.00245798
0.00124766
0.0065584
0.00114313
0.0019236
0.00319102
0.00210141
0.00398209
0.00196699
0.00209639
0.00393793
0.00152824
0.00574827
0.00504711
0.0025992
0.00145512
0.00334373
0.00143701
0.0034025
0.00472147
0.00343719
0.00357623
0.00224646
0.00106845
0.00210905
0.00325688
0.00162036
0.00346634
0.00164163
0.00334867
0.00274235
0.00128241
0.000654292
0.00247322
0.0012212
0.00155333
0.000480502
0.00121332
0.0014995
0.000690744
0.00130859
0.00136816
0.000431997
0.0022559
0.00111476
0.00144313
0.00151408
0.00101592
0.00105374
0.00145984
0.000681064
0.00117361
0.00129195
0.000875093
0.000745996
0.00137779
0.00114971
0.000588425
0.00052962
0.00153119
0.00638915
0.00111988
0.000883391
0.00134394
0.000985497
0.00139267
0.000843943
0.000888523
0.00113105
0.00106539
0.00122478
0.000796512
0.00140645
0.00349732
0.00555046
0.00404362
0.00305032
0.00115843
0.0027114
0.000953722
0.00400989
0.00381689
0.00179175
0.00599534
0.00537232
0.00382586
0.00396856
0.000432486
0.00119094
0.000458548
0.000801293
0.00538443
0.00121428
0.00666996
0.00248703
0.00474494
0.00152267
0.00168987
0.000214012
0.00110772
0.00250327
0.00321055
0.00313909
0.00181029
0.00536946
0.00241056
0.00175841
0.00185949
0.00319272
0.000837043
0.00046902
0.000620459
0.000935222
0.00150197
0.00113263
0.000571053
0.00295353
0.00138635
0.00301161
0.00287103
0.00308597
0.00164052
0.00254106
0.00313412
0.00121613
0.00145461
0.00126179
0.00180284
0.00266723
0.00109429
0.00151668
0.00192804
0.002406
0.00252395
0.00242585
0.00224161
0.00282575
0.00238606
0.000847771
0.00255054
0.00215182
0.00179069
0.00168545
0.00100909
0.00144596
0.00632088
0.00415217
0.00528855
0.00570109
0.00498683
0.0036636
0.00531836
0.00495886
0.00360853
0.00424073
0.00429763
0.00444468
0.00366583
0.00586336
0.00446215
0.00399234
0.00270332
0.00323832
0.00187052
0.00556226
0.00385049
0.00338499
0.00206877
0.00446136
0.00370945
0.00226199
0.00280181
0.00415909
0.00448162
0.002222
0.00240978
0.00315472
0.00423342
0.00298956
0.00211754
0.000471722
0.00120398
0.000477786
0.000281561
7.84155e-05
0.00033669
0.000825808
0.000701112
0.000912811
0.000299893
0.00058518
0.000324397
0.000257995
0.000203274
0.000182877
0.000558351
0.00159045
0.000579101
0.00091462
0.0009231
0.00224506
0.00106129
0.00272293
0.00175231
0.00114277
0.000871041
0.000499667
0.00056755
0.00089015
0.000676753
0.00156117
0.00060148
0.000974697
0.000203928
0.00295341
0.00113964
0.000495479
0.000647201
0.00052618
0.0020302
0.0024046
0.00205538
0.00111822
0.00490706
0.00553505
0.00321598
0.00311314
0.0050687
0.00206468
0.00231589
0.00253159
0.00303037
0.00329583
0.00432878
0.00232746
0.00211507
0.00385261
0.00222016
0.00321218
0.00198861
0.00547239
0.00329014
0.00255045
0.00224153
0.00212754
0.00177775
0.00199253
0.00347419
0.0026585
0.00402707
0.00305975
0.00401129
0.00414906
0.00160951
0.00385742
0.000198135
0.000528653
0.000643203
0.000901637
0.00166631
0.000930054
0.00429241
0.00443386
0.00180215
0.00291193
0.00258737
0.0019766
0.00146274
0.00126015
0.00169728
0.00156617
0.00293646
0.00471703
0.000591769
0.00267469
0.00258746
0.00233582
0.0025629
0.00213021
0.0016911
0.00270925
0.00128874
0.000849141
0.000443573
0.000700538
0.00180046
0.00132275
0.00316848
0.00202806
0.00443666
0.00219781
0.00580276
0.00173859
0.00327629
0.00214576
0.00493466
0.00308736
0.00138238
0.00300168
0.0021399
0.00337537
0.00433721
0.00252127
0.00232194
0.00178367
0.000614084
0.000441353
0.00312993
0.000940997
0.000441011
0.000199562
0.000184269
0.000258774
0.0035459
0.000405195
0.000225139
0.000287056
0.000324978
0.000722503
0.00124581
0.00313186
0.00098843
0.00197208
0.00196417
0.00156072
0.00173665
0.00364519
0.00096402
0.000953693
0.000479014
0.0004585
0.000722602
0.000386174
0.00122574
0.000695979
0.00301303
0.00833231
0.00300245
0.00435601
0.00215856
0.00389715
0.00304558
0.00268038
0.00201605
0.00226437
0.00152182
0.00232455
0.0018175
0.0010307
0.00167873
0.000877025
0.00154988
0.000959473
0.00351459
0.0032814
0.00139783
0.00181121
0.00173463
0.000948138
0.00274842
0.000925841
0.00350522
0.000666519
0.00246945
0.00327805
0.00469103
0.00189811
0.00568351
0.00207214
0.00151648
0.0025633
0.00451376
0.00479224
0.00167675
0.00197455
0.000539715
0.00553536
0.00417208
0.00129398
0.00348899
0.00368201
0.00414073
0.00382107
0.00396681
0.00111306
0.000854721
0.000663343
0.00113984
0.000687776
0.001162
0.000854314
0.00382147
0.00129905
0.0031845
0.00273775
0.000715077
0.000101318
0.00135837
0.00115943
0.00365589
0.00143624
0.00245697
0.00171261
0.00402492
0.00388463
0.000269443
0.000516598
0.000945051
0.000778135
0.000774005
0.000391083
0.000482967
0.000563365
0.000555557
0.000370831
0.000421313
0.00106567
0.00186956
0.00114458
0.00159789
0.00185548
0.00158484
0.00161372
0.000917917
0.000676635
0.000328086
0.00245089
0.00243751
0.00487959
0.00265352
0.00318946
0.00259595
0.00326415
0.00511684
0.00275924
0.00468426
0.00450655
0.00594137
0.00127943
0.00108729
0.00126927
0.00369145
0.00268939
0.00243768
0.0013096
0.00280511
0.0042216
0.00122971
0.00170569
0.00321043
0.000798615
0.0014366
0.00192081
0.00102576
0.00160985
0.000851118
0.000999556
0.000827542
0.000884203
0.000819166
0.000529632
0.000816152
0.000827218
0.00187827
0.00323965
0.00233465
0.000885612
0.000948688
0.00093596
0.00108031
0.00114892
0.00136061
0.00133855
0.00126646
0.000731408
0.00327461
0.00657774
0.00282542
0.00187207
0.00163571
0.00305931
0.00191861
0.00175547
0.001441
0.00223793
0.0039933
0.00170692
0.00623989
0.00672641
0.00109019
0.000953025
0.00613447
0.00434988
0.00433323
0.00144868
0.00156271
0.00141567
0.000818322
0.000978047
0.00185256
0.00507084
0.00513502
0.00297093
0.00169065
0.000927862
0.000279268
0.000546496
0.000903675
0.0017101
0.00116086
0.00202785
0.000569953
0.00102308
0.00273692
0.000991212
0.00108273
0.000620906
0.000627931
0.000228318
0.000731343
0.000223939
0.000418691
0.00303392
0.00285862
0.00208127
0.000358084
0.000195868
0.00042373
0.000418318
0.000904381
0.000768517
0.000604545
0.00118154
0.00164428
0.000766291
0.000633833
0.00291548
0.0010247
0.00078447
0.000381703
0.000693307
0.000951197
0.000649695
0.000276989
0.00049654
0.000446549
0.00050509
0.000855862
0.00114589
0.000543271
0.000803992
0.000977519
0.00114518
0.00201418
0.000269246
0.000576818
0.00649795
0.00340539
0.00067533
0.00282163
0.00403028
0.00129811
0.000710097
0.00287927
0.00434202
0.00356951
0.0021244
0.00209424
0.000966887
0.00389467
0.000758354
0.000336737
0.000632372
0.000413205
0.000334421
0.0012744
0.00210885
0.00222511
0.00353621
0.0010118
0.00033044
0.000380796
0.000366155
0.000562351
0.000190448
0.00106201
0.00238733
0.00141749
0.000745008
0.0020812
0.00218056
0.000834532
0.000504908
0.000369676
0.00110174
0.000294681
0.000195971
0.000802306
0.00296609
0.00082854
0.000671798
0.00224987
0.00175161
0.000830573
0.00115877
0.000733301
0.000415512
0.000347689
0.000795152
0.000882467
0.00168704
0.00213571
0.0022075
0.00150697
0.00596805
0.00593091
0.00123864
0.00264194
0.00217349
0.00224544
0.00545516
0.00203326
0.00097805
0.00231507
0.0042551
0.00221693
0.00206153
0.00173461
0.00604249
0.0023588
0.00476642
0.00516359
0.00469177
0.00124968
0.00448701
0.00481337
0.000839176
0.00050671
0.000521876
0.00246457
0.000332076
0.00159859
0.00203169
0.0011967
0.000957293
0.000154073
0.00059445
0.000487679
0.00112743
0.00122327
0.00499434
0.000337214
0.00387007
0.00235317
0.00222115
0.00218414
0.00249464
0.00125173
0.0024711
0.00201672
0.000992767
0.000602975
0.00547928
0.00451283
0.00166909
0.00201342
0.00281303
0.00200032
0.000699404
0.000906019
0.000946449
0.000123709
0.00106952
0.00052875
0.00136309
0.000905173
0.000970496
0.00102548
0.000536518
0.000339854
0.0044598
0.00061745
0.00113525
0.000802851
0.000634272
0.000819749
0.00467241
0.00352171
0.000601644
0.00486807
0.00515742
0.00402239
0.00490826
0.00273815
0.00385506
0.00347212
0.00225163
0.00180529
0.00122576
0.00243938
0.0016018
0.000444727
0.000822119
0.000423358
0.00113642
0.00131196
0.000535546
0.00225534
0.00247273
0.00239544
0.00101238
0.001049
0.000793407
0.000927086
0.000872495
0.00110577
0.00169931
0.000528705
0.000919726
0.00101164
0.000339536
0.0010348
0.000349168
0.000453723
0.000740918
0.000547181
0.000603946
0.000659413
0.00137221
0.000451988
0.00361765
0.00134407
0.00159221
0.00404824
0.00203947
0.00151695
0.000808512
0.000968297
0.000448038
0.00420485
0.00349532
0.00231355
0.00144352
0.00420286
0.00162958
0.000414473
0.00020745
0.000721531
0.000366611
0.000583261
0.000714864
0.00209415
0.00079025
0.000558862
0.00186023
0.00191727
0.00178445
0.00185605
0.00376802
0.00502495
0.00042354
0.000771516
0.00312874
0.00541176
0.0051516
0.00236558
0.0038723
0.00221096
0.00348621
0.0039599
0.00264416
0.00300652
0.00260459
0.00492059
0.00306439
0.00536731
0.00255804
0.00175649
0.00521515
0.00197495
0.00142155
0.00191777
0.00249233
0.00552639
0.000814918
0.000901608
0.00117694
0.00234239
0.000573231
0.00185997
0.000311163
0.00183021
0.00129741
0.00254075
0.00205817
0.00195705
0.0026185
0.000893356
0.00104156
0.00291409
0.00145484
0.00612442
0.00481684
0.00559609
0.00208306
0.00261459
0.000626206
0.00123282
0.0018448
0.00254861
0.00131371
0.00117151
0.000945289
0.000984117
0.000884165
0.0010586
0.00098129
0.00144845
0.00119132
0.00160559
0.00237981
0.0013839
0.00120276
0.000352858
0.00208546
0.00134725
0.00119549
0.00233574
0.00264161
0.00272271
0.000568656
0.0032469
0.0013125
0.00142146
0.00167213
0.000776511
0.00205017
0.000596547
0.000644041
0.00067517
0.000304761
0.00152013
0.000953635
0.00141866
0.0013928
0.000913071
0.0027222
0.00134794
0.00233234
0.00166065
0.00275582
0.00037934
0.000363254
0.000130309
0.00055175
7.4058e-05
0.000468911
0.0033181
0.00294506
0.00519406
0.000200878
0.000270977
0.00030368
0.000573789
0.000487852
0.000470501
0.000691497
0.00450394
0.00192179
0.00115105
0.00198792
0.00166308
0.00137155
0.00106324
0.00288643
0.00243696
0.000405639
0.000417846
0.000336667
0.000510809
0.00207753
0.00036227
0.00285013
0.00276067
0.00511822
0.00348328
0.00229023
0.00232212
0.00506402
0.000708132
0.00173204
0.00285167
0.00321956
0.00218372
0.00265741
0.00251036
0.00224544
0.00159142
0.00322821
0.0030062
0.00477583
0.00176992
0.00174891
0.00122051
0.00180297
0.00231157
0.0023983
0.00253706
0.00284326
0.00147267
0.00189684
0.00384736
0.00254896
0.00133546
0.00143614
0.00444874
0.00138026
0.00165198
0.00389013
0.00197379
0.000586207
0.00131088
0.001359
0.00124986
0.00188462
0.0013383
0.00239934
0.00278415
0.00111343
0.000297858
0.000318434
0.00053946
0.000693415
0.000658955
0.000404464
0.00030759
0.000735329
0.000472411
0.000695431
0.000414077
0.000389054
0.00339597
0.00092997
0.00119377
0.00102504
0.000468818
0.00132315
0.00135509
0.00147206
0.00126088
0.000759086
0.00223554
0.00119561
0.00316792
0.00139669
0.000815042
0.00184774
0.00210726
0.00324521
0.00171073
0.00223215
0.00157705
0.0010495
0.00165388
0.00120215
0.00163882
0.000968881
0.00091651
0.00158658
0.0032905
0.00289023
0.0033558
0.00229911
)
;

boundaryField
{
    outlet
    {
        type            calculated;
        value           nonuniform List<scalar> 0();
    }
    walls
    {
        type            nutkWallFunction;
        blending        stepwise;
        value           nonuniform List<scalar> 
33
(
0.000249517
0.000207287
0.000210311
0.000190054
0.000211168
0.000212932
0.000216449
0.000257007
0.000188173
0.000312073
0.000236964
0.000209753
0.00034918
0.000257828
0.000261297
0.000194477
0.000205943
0.000255822
0.000343925
0.000171637
0.000277081
0.000318615
0.00030403
0.000171656
0.000230281
0.000272373
0.000200456
0.000248409
0.00038175
0.000252546
0.000298977
0.000446586
0.000417298
)
;
    }
    inlet
    {
        type            calculated;
        value           nonuniform List<scalar> 0();
    }
    model
    {
        type            nutkWallFunction;
        blending        stepwise;
        value           nonuniform List<scalar> 
189
(
0.000148994
0.000135511
0.000132666
6.30996e-05
6.3164e-05
6.35434e-05
6.38956e-05
4.55871e-05
4.51736e-05
0.000136541
0.000130693
6.44316e-05
6.50199e-05
6.47744e-05
4.64221e-05
0.000134473
0.000145206
0.000145508
0.00017998
0.000179845
0.00020575
9.84399e-05
9.75201e-05
8.91334e-05
0.000132739
0.000133937
9.95439e-05
0.000256677
0.00014641
0.0001249
0.000143499
9.63688e-05
0.000122286
5.63773e-05
9.47124e-05
5.36878e-05
3.12433e-05
5.1803e-05
2.97827e-05
9.5825e-05
7.02099e-05
5.85742e-05
5.47506e-05
3.82534e-05
2.98847e-05
0.000312908
0.000148259
0.000152171
5.52745e-05
8.66905e-05
8.6158e-05
7.05192e-05
7.90204e-05
5.39659e-05
5.92894e-05
5.32931e-05
9.04525e-05
9.19194e-05
6.88131e-05
5.99883e-05
5.51991e-05
0.000170329
0.000109544
5.98387e-05
6.11637e-05
6.38389e-05
7.77825e-05
5.42244e-05
5.55003e-05
0.000133172
0.000133897
0.000117636
6.21494e-05
8.00473e-05
5.51295e-05
0.000137087
0.000104068
0.000115054
6.92327e-05
6.12672e-05
5.71201e-05
6.35935e-05
5.50284e-05
5.5051e-05
0.000134609
7.23909e-05
5.59622e-05
0.000103448
0.000134966
0.000113022
0.000118745
5.39696e-05
0.000137069
0.00011884
9.4727e-05
5.60098e-05
6.24277e-05
5.71819e-05
0.000137952
6.39367e-05
6.49088e-05
0.000100826
0.000102071
8.97241e-05
8.78369e-05
0.000135435
5.45389e-05
5.96487e-05
5.48038e-05
7.23263e-05
5.66948e-05
7.76481e-05
0.000132881
5.31882e-05
7.52008e-05
0.000133158
5.3267e-05
5.41322e-05
9.98364e-05
4.5013e-05
5.67796e-05
9.30153e-05
9.69887e-05
0.000123709
9.07308e-05
9.46914e-05
6.59815e-05
0.000112157
7.64813e-05
6.27801e-05
0.000127634
0.000133739
0.000100803
0.000133023
0.000114219
0.000115433
6.46331e-05
8.01853e-05
0.000114914
0.000137475
0.000198833
0.000119434
0.000117787
0.000118426
0.00012234
0.000127585
0.000130587
5.96527e-05
7.43826e-05
6.73294e-05
6.93425e-05
5.93419e-05
0.00015574
0.000117559
7.41853e-05
8.33756e-05
5.83669e-05
4.93957e-05
7.40772e-05
8.78863e-05
8.96277e-05
8.30771e-05
5.72791e-05
0.000108585
8.63456e-05
0.000150982
8.68467e-05
5.67173e-05
4.76327e-05
7.06432e-05
0.000109684
9.32722e-05
7.06998e-05
9.15332e-05
9.14925e-05
7.51704e-05
7.60354e-05
9.3739e-05
6.04153e-05
0.000134414
5.82629e-05
6.00952e-05
0.000131402
9.3086e-05
9.5329e-05
9.36612e-05
8.32369e-05
8.17979e-05
0.000108717
)
;
    }
    procBoundary5to1
    {
        type            processor;
        value           nonuniform List<scalar> 
57
(
0.00409011
0.00403668
0.000785324
0.00304991
0.00187582
0.000752742
0.000788937
0.00281685
0.00280323
0.00546154
0.00332666
0.00569292
0.00466929
0.00311077
0.00359788
0.00550492
0.00146266
0.00101036
0.00363655
0.00363655
0.00306694
0.00546154
0.00811126
0.00164682
0.00248796
0.00192224
0.0032324
0.00189727
0.00715359
0.00214036
0.00408012
0.00444604
0.00319716
0.00408758
0.0045526
0.00323205
0.00445724
0.00195373
0.00117212
0.00257326
0.00250627
0.003726
0.00634702
0.00711227
0.00282129
0.0053559
0.00636796
0.00234372
0.00533031
0.00298781
0.00497689
0.00346495
0.0040138
0.00144848
0.00239127
0.00400702
0.00420462
)
;
    }
    procBoundary5to2
    {
        type            processor;
        value           nonuniform List<scalar> 
94
(
0.00152111
0.0013197
0.00408251
0.00499631
0.00400165
0.00205032
0.00172892
0.00126561
0.00186419
0.00218969
0.00192606
0.00252716
0.00270956
0.00133768
0.0042024
0.00244572
0.0051058
0.00152027
0.00227997
0.001511
0.00251321
0.0038683
0.00193445
0.00201645
0.00140615
0.00218571
0.00122692
0.00513201
0.0018215
0.00443541
0.00162572
0.00283494
0.00253102
0.0011385
0.00226348
0.0055771
0.00215616
0.00132112
0.00459489
0.00355562
0.00237082
0.000602423
0.00168907
0.00399894
0.00224782
0.00202809
0.00400501
0.00563894
0.000621269
0.001266
0.005875
0.00544063
0.00397708
0.00230634
0.00141562
0.00170087
0.00170789
0.00141502
0.00224782
0.00206994
0.00242043
0.00174937
0.0021018
0.00380705
0.00238533
0.00200393
0.0021946
0.00215754
0.00221642
0.00173902
0.00192668
0.00290223
0.00287825
0.00236736
0.00219303
0.00131291
0.00138917
0.00403695
0.00203059
0.00177402
0.00364816
0.00468638
0.00166643
0.00218571
0.0018308
0.00420285
0.00288414
0.00358526
0.0012799
0.000992612
0.0014776
0.00230634
0.00211969
0.00161232
)
;
    }
    procBoundary5to3
    {
        type            processor;
        value           nonuniform List<scalar> 
57
(
0.00271833
0.0023789
0.00106008
0.00147324
0.00618315
0.00121
0.00249421
0.000827866
0.00235684
0.00361162
0.000835399
0.000737871
0.000727673
0.000792413
0.000792413
0.000688821
0.00109925
0.000807228
0.00252078
0.00116173
0.000932663
0.000514345
0.00402262
0.000998165
0.000648775
0.00438386
0.00048611
0.00224808
0.00196421
0.00192546
0.00166965
0.000950845
0.000829498
0.00234833
0.00168813
0.00108359
0.00160412
0.00257214
0.00399067
0.001486
0.00172851
0.00158677
0.00327468
0.000953738
0.000530745
0.00138174
0.00325121
0.00349776
0.00120632
0.000928414
0.0031452
0.00113785
0.00112856
0.000975476
0.00127009
0.00113712
0.00173844
)
;
    }
    procBoundary5to4
    {
        type            processor;
        value           nonuniform List<scalar> 
222
(
0.00510851
0.00393461
0.00387589
0.00127363
0.0045318
0.00361553
0.0017375
0.00568735
0.00462065
0.00171309
0.00171309
0.00594704
0.00536928
0.00447721
0.00474639
0.00287903
0.00142776
0.00268962
0.000435938
0.00480342
0.00480342
0.000624979
0.000406927
0.00597148
0.00323769
0.00189518
0.000438409
0.00259637
0.00557338
0.00602366
0.00188662
0.00401307
0.0058978
0.00655418
0.00187498
0.00206768
0.00577174
0.00323867
0.00102463
0.00246988
0.00105503
0.000369795
0.00289098
0.00381589
0.00540978
0.00018247
0.00083992
0.00293088
0.000321183
0.00105361
0.00124699
0.00116427
0.00483767
0.00619782
0.00364675
0.00357726
0.0022233
0.0015873
0.00306907
0.00267626
0.00347847
0.00677871
0.000396371
0.00127491
0.00636484
0.00570408
0.000205302
0.00626918
0.00558793
0.00468993
0.000742858
0.000431825
0.00286751
0.0025835
0.000524851
0.00421253
0.00656049
0.00557038
0.00171761
0.00118949
0.00450207
0.00180004
0.000248836
0.00279618
0.000317841
0.000317841
0.00186821
0.00021136
0.00575125
0.00365648
0.00406136
0.00360701
0.00116775
0.000894062
0.00527217
0.00158451
0.00155153
0.0024394
0.0053548
0.00499529
0.00290938
0.000637655
0.00220595
0.0051713
0.00202971
0.00318444
0.00699496
0.00709618
0.00102825
0.000905438
0.00160942
0.001325
0.00125434
0.00382248
0.000650437
0.000368115
0.00562965
0.00557797
0.00158682
0.00520903
0.00423201
0.00320655
0.00707401
0.00116422
0.00650856
0.0069463
0.00497311
0.00436365
0.00572983
0.00112356
0.00256443
0.0019802
0.000900599
0.00313447
0.00511985
0.00417812
0.00152713
0.00648456
0.00582199
0.00295974
0.00618624
0.00665175
0.00688108
0.00404023
0.00400981
0.00246284
0.00177903
0.00177963
0.00235112
0.000334884
0.00472596
0.000521132
0.00298241
0.00576503
0.00363145
0.000863695
0.00103422
0.00330249
0.00183539
0.00225967
0.00222285
0.00386936
0.000726541
0.00389026
0.00499834
0.0052665
0.00194995
0.000948576
0.000300484
0.00322128
0.00621483
0.000596087
0.00450387
0.0039009
0.00034396
0.00665959
0.00306917
0.00311687
0.00115467
0.00546427
0.00579204
0.000446458
0.00246722
0.000224673
0.00292229
0.00101124
0.00322989
0.000900599
0.00097897
0.000595871
0.00323629
0.000665547
0.000372915
0.00232891
0.00322351
0.00303642
0.00380032
0.00171914
0.0020682
0.00139485
0.00570576
0.00116551
0.00268434
0.00645177
0.00485002
0.000975375
0.00306649
0.00211158
0.000328313
0.0017673
0.00236856
0.00213303
0.0043108
0.00652543
0.00322739
0.00274029
0.000595871
0.00512743
0.00361444
0.00140964
0.000871408
0.00103422
)
;
    }
    procBoundary5to7
    {
        type            processor;
        value           nonuniform List<scalar> 6(0.00300331 0.00317457 0.00395584 0.00508968 0.00246998 0.0055189);
    }
    procBoundary5to8
    {
        type            processor;
        value           nonuniform List<scalar> 4(0.00420419 0.00439567 0.00269605 0.00404277);
    }
}


// ************************************************************************* //
