/*--------------------------------*- C++ -*----------------------------------*\
| =========                 |                                                 |
| \\      /  F ield         | OpenFOAM: The Open Source CFD Toolbox           |
|  \\    /   O peration     | Version:  2506                                  |
|   \\  /    A nd           | Website:  www.openfoam.com                      |
|    \\/     M anipulation  |                                                 |
\*---------------------------------------------------------------------------*/
FoamFile
{
    version     2.0;
    format      ascii;
    arch        "LSB;label=32;scalar=64";
    class       surfaceScalarField;
    location    "0.0440925";
    object      phi;
}
// * * * * * * * * * * * * * * * * * * * * * * * * * * * * * * * * * * * * * //

dimensions      [0 3 -1 0 0 0 0];

oriented        oriented;

internalField   nonuniform List<scalar> 
7683
(
-0.0027606
-0.015578
0.00735728
0.0109813
0.00154136
-0.000345878
0.000840989
-0.00203647
0.00297265
0.00594624
0.00262107
-0.01154
-0.0322486
0.0067964
0.0149564
0.0104958
0.000338235
-0.000898595
0.000106245
0.000454115
-0.0106263
0.0292843
-0.00683663
-0.0118213
0.00214475
-0.00124791
0.000629584
-0.00152642
-6.80093e-05
-0.00097112
0.000627839
-0.00431195
-0.000284205
0.00321721
0.00137895
-0.00185185
0.000666667
-0.00200473
0.00318992
0.000486333
-0.00120951
0.00205232
-0.00132914
0.00851856
-0.00188718
0.00594156
-0.0125729
0.0279028
0.0093115
-0.00636722
-0.0308471
-3.90995e-05
-0.00615081
0.00736864
-0.00117873
-0.000216201
0.000158125
0.000726505
-0.000668429
0.0223047
0.0230068
-0.0339204
-0.0113911
-0.00523374
-0.00516578
0.00618036
0.00421915
0.0279962
-0.00299576
-0.0250005
0.00107661
-0.00011483
0.00101286
-0.00197464
-0.000183388
0.000716541
-0.000773609
0.000240455
-0.00102874
-0.004702
0.00166049
0.00407025
0.000362121
-3.12669e-05
0.00181389
0.000454075
-0.00134816
0.00266053
-0.00176644
-0.00350504
0.00125447
0.00116002
0.00109055
-0.00654794
0.00198147
-0.00695208
0.0115185
-0.000865177
0.000218248
-0.000511426
0.00115836
-0.000866441
0.00152558
-0.000584035
-7.51061e-05
0.000438759
-0.00413499
0.0032377
0.000458531
0.0140911
-0.0049854
-0.00499613
-0.00410961
0.00229147
-0.000272983
-0.00734582
0.00532733
0.000250977
4.7976e-05
-0.00302247
0.00272352
-0.000460436
0.00176855
-0.000263293
-0.00104482
-0.00132417
0.00164503
0.000139418
-0.000460281
-0.000365126
0.00272464
0.000450857
-0.00281037
-0.0126866
0.00309868
0.00254345
0.00704448
0.00020409
0.00250684
-0.00185889
-0.000852037
0.000878147
-0.000278392
0.000187916
-0.000787671
0.000355039
-0.00130555
-0.000872374
0.00495887
-0.0155644
0.0125349
-0.00192938
-0.00367419
-0.00285451
-0.0100986
0.0166273
-0.000229355
-3.33259e-05
0.00026082
-0.0512749
0.0157275
0.00201501
-0.00258935
0.000229536
0.000344805
-0.0290513
-0.0222236
0.0423388
-0.0204761
0.0114707
-0.0333334
0.000986325
-0.000488492
0.000356104
-0.000853937
-0.000322247
-0.000682002
0.00100425
0.0155765
-0.00538483
-0.00701961
0.000849541
-0.000483081
0.00164855
-0.00114032
-0.000420138
-8.72365e-05
0.00164769
-0.00281829
0.000128923
0.00295605
-0.000266679
0.00076565
-0.000488421
0.000600918
-3.60671e-05
0.000362593
0.00304256
-0.00151188
0.000133153
-0.00122846
0.0005455
0.000549805
0.00705479
0.0155559
-0.0210887
-0.00152196
0.00367423
0.008222
-0.00365638
-0.00823985
0.00681227
0.00544603
-0.0123346
7.6323e-05
0.0245464
0.00335634
-0.024091
0.000318977
0.0330836
1.00266e-05
0.0013914
-0.00111037
-0.000291058
-0.000184545
0.000884763
-0.000690191
-0.00248101
-0.000618748
0.00114848
0.00195128
0.00021811
-0.0028623
0.000163182
0.00139146
0.0145958
-0.0234008
0.00741362
0.00158047
0.00157193
-0.00422285
0.00107045
-0.00103209
-0.00386123
0.00225528
0.00263803
0.000979692
0.00188893
-0.00341085
0.000542233
-0.000244475
-0.000756837
-0.000339303
0.00134062
-0.0115432
-0.00303971
-0.0018339
-0.00118807
0.000910917
0.00211105
0.00476767
-0.00391887
-0.00387503
0.00302623
0.000544158
0.000625389
-0.000802519
-0.000367028
-0.00704688
0.0125541
-0.0138147
0.00830741
0.0011258
0.000373229
-0.000866642
-0.000632387
0.000761858
0.00411793
-0.000616135
-0.00426365
-0.000473469
0.000311935
0.000490686
-0.000329153
-0.000244083
-0.00176698
0.00171574
0.000295323
0.00326581
-0.0080181
-0.00276371
0.007516
0.00336123
-0.000455752
-0.000938944
-0.00196654
-0.00190025
-0.000902624
0.0108264
-0.00802354
-0.00208183
0.00203666
-0.00197254
0.0020177
0.0021978
-0.00177404
0.00237744
-0.0028012
-0.0103991
0.0015322
0.00363315
0.00134213
-0.0010676
-0.00133501
0.00106047
-0.00116046
0.00224195
-0.00139392
0.000312437
0.0044351
0.00273648
0.00961368
-0.0167853
0.0300803
-0.00321237
0.00380234
0.000148274
-0.000322641
-0.000624431
0.000798799
-0.00701183
0.000692349
-0.00105468
0.00737416
-0.00111901
0.00132124
0.00161446
-0.00181669
0.00203417
-0.00143529
-0.00105932
0.002099
0.00114382
-0.00073765
-0.00250517
-0.00237119
-0.00140689
0.00251845
0.00125964
0.00249173
-0.00279299
0.00386208
-0.00356082
-0.00246857
-0.00114803
0.00281954
0.000797067
-0.000611187
0.000722034
0.000474619
-0.000585466
0.000986757
0.000468168
0.00167879
-0.00313372
5.0457e-05
0.000824897
-9.44342e-05
-0.00078092
0.00193381
-0.00491079
0.00192399
0.00105298
0.0105229
-0.00888492
-0.00167711
-0.00510078
0.0105072
0.0129387
-0.0183451
-8.08727e-05
0.00062345
-0.00171054
0.00116797
-0.000166675
-0.00731907
-0.00113636
0.0121596
0.0012109
0.00443712
-0.0178076
-0.000588225
-7.66163e-05
0.000211316
0.000453525
-0.00116169
-0.00189004
-0.00159635
0.00464808
0.000192436
-0.000168005
-3.72589e-05
1.28276e-05
0.000221395
-0.00053691
0.000315515
-0.00306378
0.00159333
0.00248597
-0.00101552
-0.000628312
0.000449082
-5.38314e-05
0.000233061
0.00205337
0.00057854
-0.00617058
0.00353867
-0.000542084
0.00134237
0.000335132
-0.00113542
0.00321857
-0.00358915
-0.00321483
0.00881413
0.0232783
-0.00689589
0.000353365
-0.000529761
-6.99188e-06
-0.000148653
-6.17104e-05
0.000563728
-0.00240874
0.00271418
-5.44578e-05
0.00735277
-0.00593469
-0.00501803
0.00359995
-0.000354527
0.00194065
-0.00199632
0.000410195
0.000387076
-0.000768239
0.000442781
-6.16183e-05
0.00125656
-0.00041945
0.000349951
-0.00118706
0.0195122
-0.00556007
-0.0108323
-0.00311979
0.00465956
-0.000295617
-0.000678569
-0.00368537
0.000413229
-0.00311655
0.00286239
-0.000159074
-0.000902714
0.00274685
-0.00323131
0.00138718
-0.000188243
0.000504049
0.00231223
-0.00262803
-0.0427435
-0.0308425
0.0266798
0.000530893
0.000608961
-0.000508338
-0.000631516
0.000825798
0.000985435
-0.00143099
-0.000380243
0.000971296
0.00857233
0.00208983
-0.0116335
3.39131e-05
0.00128668
-0.00652929
0.00520871
-0.00292318
-0.00104771
0.0046221
-0.000651214
-0.0147926
-0.00707318
0.0178517
0.00401412
-0.00238393
0.0051765
-0.00357055
0.000777989
-0.00357972
-0.00266897
-0.000317754
0.00656645
0.00217711
-0.00919212
-0.00590245
0.0129175
0.0119391
-0.0031348
-0.0164326
-0.00390828
0.00436713
0.0130023
-0.0134611
-0.000164318
-0.00176507
0.00131723
0.000612155
-0.000946581
0.00272599
0.000819155
-0.00259856
-0.0021947
0.00115953
0.00202193
-0.000381482
-3.64544e-05
-0.000308485
0.000726422
-0.000781019
0.00072954
-0.00108884
-0.00439359
0.000387244
0.000138558
0.00324742
-0.00336015
-8.80341e-05
0.000200774
0.000286808
0.000915208
-0.0102586
0.00905655
-0.000831299
0.00109732
0.00107611
0.000934354
0.000284878
-0.00121923
0.00219527
-0.000158291
0.00116801
-0.00320498
-0.000545145
-0.000757725
-0.00179287
0.00309574
0.00205242
-0.000670616
-0.00184382
0.000462013
-0.000157359
0.00102029
-0.000862926
-0.000532549
0.00132787
-0.000864219
6.88947e-05
-0.00179259
0.00192847
0.000226237
0.00284798
-0.00302017
4.81247e-06
0.000167371
-0.00165969
0.000407909
0.000470764
-0.00136868
0.00111239
-0.000134675
0.000390965
0.00144304
-0.000476537
-0.000280611
-0.000685889
-0.000296162
-0.00146282
0.00157444
-0.0158092
0.0187717
-0.00663664
-0.000607467
0.000673457
0.000305107
-0.000371098
-0.00804949
-0.00254333
0.0141335
-0.00354068
-0.00142788
-0.0034543
0.00305638
0.0018258
-0.000341942
-0.000821013
0.000784764
0.000378191
0.000666702
-0.0035818
0.00432742
-0.00141232
0.00352443
0.0051941
-0.00832428
-0.000394248
-0.0041856
0.00444323
0.000181244
-0.000438873
-0.00475987
-0.00133493
0.0053406
0.000754197
-0.0219136
-0.017764
-0.0137695
0.00553985
0.00219791
0.0060317
0.00246822
0.000763402
0.000755516
-0.00398714
-0.000824204
0.00245795
-0.000891819
-0.000741927
-0.00129623
0.00422847
-0.00293223
-0.0013816
-0.0022223
0.0036039
-0.00519207
0.000403247
0.00492836
-0.000139532
0.0182478
-0.00631054
-0.00976019
-0.00470763
-0.0047595
0.00147645
0.00799069
0.0014167
-0.0022462
0.000347143
0.000482358
-0.000419751
0.00128475
-0.00208454
0.00121954
-0.000262725
0.00158355
-0.0014733
0.000152477
-0.000226509
-0.000250456
-0.000955123
0.00143209
0.00053401
-0.00367213
0.00162482
0.0015133
0.00141315
-0.0065375
0.030922
-0.0257977
-0.00706857
0.00752157
-0.00539429
0.000684075
-0.00580044
0.00307769
-0.000284489
-0.00602269
0.00538484
0.00092234
-0.00226585
-0.00167597
0.00716039
-0.000498164
-0.000915539
0.000740102
0.000673601
0.00361219
-0.00355778
7.67184e-05
-0.0340108
0.00701426
0.0269965
6.84336e-05
-0.00141123
-6.78286e-05
-0.000421139
0.00019877
0.000290197
0.00066271
-0.00113945
0.00128973
-0.000812991
-0.000551969
-0.00050034
0.000172191
-0.00411427
-0.00454556
0.00289671
0.0088745
0.00476859
-0.00920799
-0.000163881
0.000403365
-1.20364e-05
0.00432778
-0.00576753
0.00302022
0.0172938
0.000888207
-0.0176124
-0.000569665
0.000951344
0.000212599
0.000402875
-0.00156682
-0.00170789
-0.0007087
0.00125613
-0.000120159
-0.00543041
0.00369872
-0.00122882
-0.00226811
-0.00123713
0.00473406
-0.00210884
0.000776595
0.000504202
0.000828039
0.00139692
0.00182426
-0.00299263
-0.000228552
0.000168845
-0.00163247
0.000517158
0.000946462
0.00129036
-0.000743454
-0.00247021
0.0019233
0.000877133
-0.00223484
-0.000350178
-0.00112957
0.000866826
0.000377637
-0.000114893
0.000505863
0.00214139
0.00201743
-0.00466469
-0.000903932
0.00201059
-0.00244078
0.00133413
0.000816956
-3.83956e-05
0.00043652
-0.00121508
-0.00453757
0.00523618
-0.00362179
0.00287253
9.76317e-05
-0.00232465
-0.000645513
0.0177732
0.0109794
-0.0205345
-0.00821799
0.000577813
-0.000844005
-0.000200785
0.000466977
0.00116538
-0.00197294
0.00120144
-0.00039388
-0.000907785
0.000675417
0.000171778
-0.00211942
0.00162568
-0.000334506
0.00082825
0.00261877
0.000513389
-0.000616232
0.00320298
0.000687849
-0.00327459
-0.000749855
0.000485127
0.000590715
-0.000325987
-0.00309028
0.0015615
0.000902407
0.000626371
0.00118856
-0.000867067
0.000209399
0.000701467
-0.00169099
-0.00103462
0.00202414
0.00288908
-0.0105795
0.00453137
0.00315902
0.00763797
0.00365439
0.0050355
-0.000525128
0.000481881
-0.0029887
0.0055645
-0.00889739
0.00632158
-0.00398254
0.00780113
0.00223253
-0.00605112
0.000612554
-0.00140152
0.000391533
0.000397434
-0.000412269
0.00072137
-0.000158573
-0.000150528
-0.00861532
-0.0230116
0.0287825
0.00284446
0.000497646
0.00360753
-0.00390273
-0.000202448
0.015893
0.0086603
-0.00504113
-0.000407352
0.0207541
0.00194545
-0.0222922
-0.00332476
0.00329429
0.00146599
-0.00143552
0.00031862
0.000317944
-0.000249488
0.000164053
0.00159924
0.00108469
0.000282361
-0.000852214
0.000203974
0.000365879
-0.00150302
0.000313186
-0.000134326
0.0103909
-0.00224834
-0.0134201
0.00527759
0.00036679
3.19666e-05
-0.000132093
-0.000266664
-0.00195345
0.00123648
-0.00172372
0.0024407
-0.0113911
0.0060372
-0.00223082
0.000302125
-0.00109768
0.00556323
0.00430555
-0.00305611
-0.00013529
-0.00111415
0.00372419
-0.00138402
-0.00107145
-0.00126872
-0.00563348
0.0116227
0.0138533
0.00130202
-0.00332262
-0.0118327
-0.00085678
-0.00655809
0.00310292
-0.00752855
0.0254526
-0.00598501
0.016171
-0.000438487
0.00454224
0.00272558
-0.000336541
-0.00270115
0.000312109
-0.0011701
-0.00274175
0.00250767
0.00140418
-0.00138767
0.000539732
0.000236753
-0.00309798
0.00362049
0.000347163
-0.00086968
0.00121132
-0.000617712
0.000535942
-0.00112955
0.00204131
0.00070824
-0.00039267
-0.00235688
-0.00197112
0.0010127
0.000533637
0.000424779
-0.000225179
0.000146271
-6.01963e-05
0.000139104
-0.000481019
0.000825136
-0.000344117
0.00520876
-0.00665432
0.0136052
-5.90621e-05
-0.000159283
0.000552093
-0.000333748
0.00062173
-0.000112703
0.000540213
-0.00104924
0.00310285
0.000149778
-0.000464998
-0.00278763
0.00510388
0.00267315
-0.00243049
-0.00534654
0.00294784
-0.00278659
0.000732244
-0.000893499
0.000690993
-0.000673731
-0.000263156
0.000245895
0.000434313
0.000311379
-0.00036857
-0.000377123
0.00464372
-0.000793479
-0.00354812
0.000132078
0.000174195
0.000194465
-0.000500739
0.000906933
7.93915e-05
0.00204992
0.000797829
-0.00062701
-0.00222074
-0.000606081
-0.00313637
0.0199135
0.003547
0.00764934
-0.00246277
-0.00873356
-0.00216857
-0.00732686
0.000303306
0.00113682
-0.00376276
0.00227226
0.000353679
-0.0018884
0.00134771
0.000376367
0.000187097
0.000165294
0.000109705
-0.000462095
-0.00196189
0.00418691
-0.00417847
0.00150189
-0.0023336
0.000799547
3.21626e-05
0.00447523
-0.00016248
-0.000217851
-0.0040949
0.00154466
9.10897e-06
-0.000852298
-0.00559536
-0.010131
0.0186237
-0.00289734
-0.000134172
0.000402998
0.000577887
-0.000846713
0.000816134
4.67248e-05
-4.31697e-05
-0.000819689
-0.00762262
-0.01182
0.00363344
0.00132254
-0.00225837
-0.00217533
0.00202496
0.00361289
0.000994191
-0.0018815
-0.00018153
-0.000460538
0.000310203
0.000331865
-0.00807297
-0.000214191
0.00521608
-0.00510941
-0.000772454
0.00193523
0.00394663
-0.000759767
0.00191277
-0.00134599
0.0050719
0.00236052
0.000421166
-0.00391842
0.00519214
-0.00169489
0.00571859
0.00407134
0.00214772
0.0134179
0.00333885
-0.000674548
-0.00368793
0.0220456
0.000815291
0.000668078
0.000340531
-0.0018239
0.0123543
-0.00928849
-0.00685238
0.00378653
0.00149897
-0.00024816
0.00353705
-0.00478786
-0.000885818
-0.000302749
0.00173282
-0.000544255
0.00019776
0.00352255
0.00168852
-0.00540883
-0.000314696
0.000621077
-0.00030638
0.000128812
-0.00427697
-0.000241811
0.00438996
-0.00106359
0.00103962
0.00114977
-0.00910411
0.0101764
-0.0107057
0.00963344
-0.00973869
0.00153051
0.00241248
0.0057957
-0.00458303
-0.0141958
0.00279332
0.0159855
-0.00124824
-0.000893919
0.0147354
-0.0125932
0.000746115
-0.000178707
-0.000603863
0.000140702
-0.00130581
-0.00265036
0.00381547
0.0013245
0.000793138
-0.00219851
0.0162334
-0.0180075
-0.005278
0.00705209
-0.00519925
-0.00282357
0.00443077
0.00359206
-0.00257678
0.0364989
0.00267762
-0.00017449
0.00255454
-0.00505767
-0.00232487
0.00444962
-0.000834385
0.00111881
-0.00407783
0.00465843
-0.00169941
-0.00399856
0.00013591
0.0018046
0.00205805
0.000391486
0.0036302
-0.00166999
-0.00235169
0.00340067
-0.0012184
-0.00272741
0.00332815
0.00506241
-0.00605446
-0.00233611
-0.00276271
0.00226713
0.00124275
-0.000747171
0.00152603
-0.000791458
-0.00305009
0.00231551
-0.0038094
0.00086394
0.000513037
0.00243242
0.000918216
-0.00066105
-0.00113142
-0.000695344
0.000404715
-0.000505691
0.000796319
-0.00456822
-0.00192442
0.00663125
-0.000138618
0.0019722
-0.000498454
0.00318581
-0.00321043
0.000355826
-0.000285073
0.00313968
0.00102044
0.018473
-0.0199008
-0.00133187
-0.00068572
-7.77044e-05
0.00209529
-0.00333122
0.000678593
0.000769529
0.0018831
-0.0038752
0.00243614
0.00194502
-0.00050595
-0.00377115
0.00228178
-0.00352522
0.00501459
0.000573349
-0.000801182
-0.00195543
0.00218326
-0.00015822
0.0015534
0.00385226
-0.00524744
0.00612765
-0.00299732
0.00150794
-0.00463827
-0.00194444
0.00578909
-0.00302745
-0.000817195
0.00865083
-0.00334699
-0.00428309
-0.00102075
-0.0023317
-0.000304514
4.68593e-05
0.00130766
-0.00209065
0.00184603
-0.00106304
-9.70923e-05
0.000378613
-0.000506147
0.000224627
0.000658922
0.000364576
-0.00127912
0.000255617
-0.00237394
0.00235503
0.0234142
-0.0233953
0.000571976
-0.000228376
-0.000884471
0.00054087
-0.00525638
-0.00221554
0.00501108
0.00246084
0.0243169
-0.0133534
-0.000759855
-0.0102036
-0.000105238
-0.00117645
0.00128169
0.000247192
-0.00231236
0.000757454
0.00130771
0.000361303
0.00041376
-0.000775063
-0.00124926
0.0034918
-0.00152549
-0.000717046
-0.00515278
0.000900176
-0.000556341
-0.000402897
0.00152772
0.000468173
-0.000579189
0.00435641
0.000290963
-0.00275121
-0.00189617
-0.00210545
0.000401566
-0.000575514
0.00227939
-0.00125932
-0.00197275
0.00111265
-0.000941534
0.000668894
0.00027264
0.00280328
-0.00334354
-0.000181047
0.000721313
0.000374761
-0.00194765
0.00354509
-0.000895263
0.00188888
0.0022538
0.0024102
0.000889689
-0.00391864
-0.000194917
0.00991853
-0.000849106
-0.00199047
0.00253106
0.00178615
-0.00232674
0.00135306
-0.00167222
-0.000142072
0.000461229
-0.00317505
-0.00116641
0.00195194
0.00238953
0.00108195
-0.000315553
0.00147555
-0.000186259
0.000330245
-0.000912347
0.000768361
0.00259887
-0.00531206
0.00560227
-0.00111559
0.000391091
-0.000201544
0.000926045
-0.00219425
-5.88809e-05
-0.00125191
0.00255931
-0.00103142
-0.00277716
0.00286379
-0.000583719
-0.00363485
0.00135478
0.00116711
-0.000575352
0.00282203
-0.00341379
0.000156217
-6.29079e-05
-5.45264e-05
-3.87825e-05
0.000200301
9.59792e-05
-0.00029628
9.9145e-05
-0.000246438
0.000697035
-0.000549742
0.00409069
-0.00334287
0.00276658
-0.0035144
-0.00347582
0.00104658
0.00193079
0.000230924
-0.00232631
0.00190714
-0.000105767
0.000693345
2.13824e-05
-0.000584931
0.0015807
0.000169609
-8.75985e-05
-4.53473e-05
-9.22337e-05
-0.00122058
0.000479384
-0.0010685
0.00180969
-0.00295869
0.000375036
0.00340945
-0.000788693
-0.00032017
-3.23153e-06
0.00111209
-0.00290865
0.00134384
-0.00372154
0.00709819
-0.00255177
-0.000824887
0.0069462
-0.00167965
-0.0002895
-0.000468524
0.000758024
-0.00961718
0.0108341
0.00895899
-0.00410941
-0.00884095
0.00399137
0.00125918
-0.000398715
-0.000777612
-8.28532e-05
0.00197352
-0.00123449
-0.000900528
0.0034059
0.00340841
0.000468095
-0.00728241
-0.000815295
-4.14456e-05
0.000750974
-0.000276605
0.000460682
-0.0016871
-0.00342366
-0.00193991
0.00248488
-0.000572826
0.00411605
-0.00963318
-0.00376242
0.00927956
-0.000425039
0.00027087
0.000375563
-0.000206144
9.97255e-05
-0.00105525
0.000107649
0.00021245
0.000735151
-0.00435446
-0.000538522
-0.000661788
0.00555477
0.0061657
0.00961727
-0.00212291
-0.0017552
-0.000364757
0.00424287
0.00012672
0.00283312
-0.00254661
0.00221444
-0.00201771
0.00184458
-0.00746261
0.0047856
-0.0200859
0.0227629
0.0241548
-0.00340071
0.02377
-0.0441389
-0.0022759
-0.00108485
-0.00103608
0.000429626
0.0016913
0.0163592
0.0286526
-0.0115059
0.00459104
0.0177298
-0.0108149
-0.0202667
0.00657616
-0.00387814
0.0175686
-0.00113469
-0.00172057
-0.000293072
0.00314833
-0.00550616
0.01724
-0.0232398
0.00425681
-0.00700171
0.00342907
-0.0109809
0.00613089
0.000958548
-0.00244206
0.00443136
0.00176866
0.00127696
-0.00226055
-0.000785073
0.00106426
-0.000130486
-0.000664726
-0.000269049
-0.000692025
0.00159998
-0.00115243
-0.0048215
-0.00288219
0.00570089
0.00200279
9.38427e-05
3.74216e-05
-0.000296934
0.00413971
-0.0038802
-0.00359503
-0.0014963
-6.05787e-06
-0.00499364
-0.00595794
0.00930727
0.00164431
-0.00713987
-0.0102383
0.00258554
-0.00279673
-0.00958003
0.00870118
0.00367559
0.0146494
-0.012182
0.00249145
-0.00344131
0.00704865
-0.00282678
-0.000780562
-0.00201736
0.00187769
-0.00264691
0.00337074
-0.000112756
0.000250865
-0.00350885
-0.00332646
0.00116643
0.000142665
9.44381e-05
0.00390669
-0.00395315
-0.00254315
-0.00230214
0.000685512
0.00415977
-0.00170694
-0.000690091
-0.0018631
0.00426013
0.00479299
0.0122115
-0.00105965
-0.0159448
0.00757837
0.00199648
-0.0116526
0.00207773
0.016527
0.00211927
-0.00804414
-0.00395843
0.0120475
-4.49716e-05
-0.00230061
0.00029017
-0.00131601
-0.00278552
0.00115031
0.00121545
-5.74555e-05
-0.000458523
0.00126041
-0.000744428
-0.000348844
0.00100353
-0.000439977
-0.000214705
-0.000382959
0.000739165
0.000460749
0.00307309
-0.000688911
-0.0032799
0.000895722
0.00323437
-3.24698e-05
0.00243013
-0.0031701
5.10563e-05
0.00132402
-0.00108813
-0.000208095
0.00409616
-0.001846
-0.00204206
0.00176228
0.00150024
0.00104304
0.000327258
-0.000133451
-0.00295652
0.00325894
0.000449667
-0.00186039
-0.00184822
-9.99113e-05
0.00371564
-0.00134859
0.00120452
0.00303411
-0.000744311
0.00338435
0.000270892
-0.00291093
0.000765586
0.00234522
-0.000450275
0.000994136
-0.00244352
-0.00123063
0.00268001
-0.00262648
0.00301914
-0.00174893
0.00135627
0.00662676
-0.00676264
-0.00128931
0.0014252
0.000842486
0.00191343
0.00387085
0.0025138
0.00133027
-0.000489705
-0.00335437
0.00158797
0.00269741
-0.00177157
0.000942419
0.000303834
-0.00191671
0.000670457
-0.00175445
-9.37824e-05
0.00273509
-0.000886858
-0.000209205
-0.00213022
0.000584969
-0.00166462
-0.00102155
0.00259238
-0.00234057
0.000466743
0.00096092
-0.0011392
-0.00382028
-0.00153786
-0.000284722
0.00126508
0.000557503
0.00303257
9.13642e-05
-0.00216301
0.000113858
-0.00149943
0.00287344
-0.00148786
-0.00273986
0.00144791
0.000476038
0.000815919
0.000473024
-0.000409899
9.98201e-05
-0.000162945
7.26785e-05
-0.000129415
-0.000493961
-0.000565809
0.000153042
0.000906728
0.00104364
-8.03505e-06
-0.00019814
-0.000837468
0.000222235
0.00109688
-0.000275478
0.00102405
0.000522682
-0.000197927
-0.00134881
-0.000967851
-0.00103344
0.00176953
0.00023176
0.000273531
-0.00157865
0.00271617
-0.00141106
-0.00202258
0.00204922
0.000774789
-0.000801432
-0.00252516
0.0010647
0.000581413
0.000879041
-0.0220716
0.00721403
-0.0018273
0.000418572
-0.00168155
2.95824e-05
-0.000943778
0.0005082
0.000405996
0.000141462
-0.000588899
0.000794335
-0.000346898
0.000580424
-0.000983696
0.000917345
-0.000514073
0.000538614
0.000448455
-0.000475815
-0.000511254
0.000324745
3.23387e-05
0.000735938
-0.00258805
-0.000801271
0.00265338
0.00299749
-0.000708911
-0.00155264
0.0043734
-0.00600806
-0.00342639
0.00506105
0.0064341
-0.00506998
0.0163942
-0.000335159
-0.0164966
0.00043756
0.00151617
0.00587429
-0.000956355
-0.011237
-0.00213569
0.013206
0.00233946
0.00841335
-0.00846134
0.00290924
0.0164963
-0.00974276
-0.00966276
0.00372833
0.00416629
0.00361383
-0.000567889
-0.0141859
0.0113819
0.00337194
0.0305391
-0.00432851
0.0126798
-0.0169861
0.0125176
0.00390059
-0.00418272
-0.0100604
5.71447e-05
0.00355476
-0.00420256
-0.0163383
-0.0118549
-0.00296077
0.00357868
-0.00198374
-0.00497989
-0.00102956
0.00799319
-0.00946906
-0.0043696
0.00110777
0.0214951
-0.0300655
0.00283232
-0.000219323
-0.00355958
0.00327108
0.000247583
-0.000686344
0.000988665
0.00232016
-0.00232014
-0.000988677
-0.00186217
0.00197682
-0.000690825
0.000576173
-0.00128641
-0.00112489
-0.00242146
-0.00109903
0.00306372
0.000456769
0.00202578
0.00193032
-0.00345024
0.000720354
-0.000556745
-0.00347974
0.00137494
0.00237849
-0.00027369
-0.000934044
0.000846876
-0.00127975
0.00136692
0.00354212
-0.00293781
-0.000899927
-0.00311428
0.00238572
-0.00026891
0.000997465
-0.000349132
-0.00240067
0.000390678
0.00235912
-0.00472455
0.00117115
-0.000911404
-0.00112663
-0.0021304
0.000142756
0.00259762
-0.00324981
0.00288102
-0.00222883
0.000715094
0.00170225
0.00018028
-0.00112276
-0.00014593
0.000503729
0.000764957
0.00240058
4.36343e-05
-0.000278165
-0.00216605
0.000997486
0.00110789
7.48712e-05
-0.00218025
-0.0011083
-0.00271953
0.00232698
0.00150085
0.00117626
-0.00138085
-0.000867586
0.00107217
0.000307028
0.000612374
0.000256863
0.00239998
0.000481547
-0.00217329
2.87624e-05
0.000898251
-0.000844194
-8.2819e-05
-0.000345098
-0.000636781
0.000301033
0.000680846
-0.000542075
-0.000339454
0.000478086
0.000403444
-1.43828e-05
-0.000335596
-0.000192096
0.000540169
-0.000918042
0.000660234
-0.00393398
-0.00203418
0.00398738
0.00198077
-0.000196078
-2.10184e-05
0.00100094
-0.000783844
-0.00110648
-0.00034232
0.00125272
0.0011351
-0.00069748
0.000721268
-0.00115889
0.00138225
-2.7686e-05
-0.000219464
0.0146418
-0.000923436
0.00251511
-0.0020585
0.0181134
-0.0060733
-0.00327046
0.00281227
-0.00311059
0.00438901
0.00146338
-0.00199889
0.00181952
-0.00128401
0.0039133
0.00036235
-0.00027941
0.000794276
0.00255832
-0.00307319
0.000528346
0.00180938
-0.00261714
-9.30862e-05
-0.00222323
-0.00156363
0.000244615
-0.000866355
0.00106276
-0.000441022
-0.000259279
-0.000607599
0.00021058
0.000656298
0.000738433
0.000272596
-0.000430605
0.000154302
-0.00029984
0.000842906
-0.000697367
-0.00055049
-0.000188591
-0.000519532
-5.7147e-05
0.00188655
0.00057058
-0.00193852
-0.00204362
-0.000394598
0.00437674
-0.00138857
-0.000553872
0.000149856
-0.00118694
-0.00198039
0.000140509
0.000331737
-0.000636128
-0.000885304
-0.00272728
0.00222401
0.000219682
-0.000574581
0.00021987
0.00013503
-0.00098869
0.00125461
0.000568436
-0.000834361
0.000384654
-0.00151911
0.00127497
-0.000221607
0.00235883
0.000735308
0.00209244
-0.00181507
-0.00105312
0.000775744
-0.00330498
-0.00077038
0.000402547
0.00367281
0.00111449
-0.000812824
0.000272
-0.000573669
-0.00482324
0.000765875
0.000944176
0.00098505
-0.000652499
-0.00127673
-0.000217084
0.000729249
-0.00432157
0.000560895
-0.000225772
0.00034777
-0.000682893
0.000769304
0.00227078
-0.00197046
-0.00106962
-0.000546747
0.00104509
7.36282e-05
4.41273e-05
-0.000755914
-0.00012766
0.000839447
0.000808391
0.000395162
-0.00101505
-0.000188505
0.000153819
-0.000144819
6.21408e-05
-0.0027491
-0.00277466
0.00325565
0.00621435
-0.00763341
0.00587281
-0.00445376
0.000105276
-0.000779556
0.000415001
-0.000946005
0.00144263
-0.000117215
-0.000379407
0.000241051
9.71574e-05
-0.0014018
-7.33352e-05
-0.000235602
-0.000548534
0.000857471
0.00544152
0.000228353
0.0022219
0.00142597
0.000582329
-0.000148242
0.000326266
-0.000760353
0.00145202
0.00147811
0.000672215
-0.00360235
-0.000245152
0.000119287
-1.83471e-05
0.000144212
-0.0026956
-0.000442143
-0.000925109
-0.0023499
-0.0010231
-0.00367591
-0.00046849
0.00391098
0.000233416
0.0054792
-0.000493471
-0.0011956
-0.00284538
0.00418168
0.00144802
-0.000414213
-0.000304265
0.00154552
-0.00216619
0.000788185
0.000621437
0.000304884
0.00128043
-0.000797132
-0.00569623
-3.24946e-05
0.00681258
-0.00108385
0.00294367
-0.00410007
2.97622e-05
-0.00151365
-0.0069024
0.00271981
0.00101531
0.00164605
-9.23622e-05
-0.00256901
-9.32623e-05
7.53737e-05
-0.000190148
0.000208036
0.000269187
-0.00163082
0.00128498
7.66553e-05
0.0002023
-0.000449633
-6.18204e-05
0.000309154
-0.0174998
0.0117655
-0.008215
-0.00025417
-0.00852725
0.00374108
0.0204137
0.00191082
-0.0203724
0.0175381
-0.00808975
0.021404
0.0112322
-0.0115238
0.0143636
0.00432881
-0.0122922
0.00633326
0.00163009
-0.000286809
-0.000760729
-0.000923581
-0.00715464
-0.00373038
0.00803051
0.000305903
-0.00142722
0.00103759
8.37245e-05
0.00696741
-0.00900622
0.0141416
-0.0141545
-0.00554713
-0.0108395
-0.0231713
-0.000421657
-0.00196142
-0.000921904
-0.00196427
0.00207411
0.00104368
-0.00115352
-0.00464051
-0.00120594
0.00479874
0.0169276
0.00630897
-0.00932101
-0.0139156
-0.0185337
0.00878917
-0.000447417
-0.000925819
0.00105856
0.000314674
-0.00199452
0.000766319
-0.00109946
0.00232766
-0.00108765
-0.000695448
-0.00123707
-0.00216115
0.00514791
-0.00206705
0.00111043
0.00240864
-0.00477544
0.00151211
0.00385067
-0.000587348
0.000574829
0.00169371
0.000227058
0.000964792
0.000251188
0.000460581
0.00047077
1.88102e-05
-0.000950161
-0.00024035
2.0077e-05
0.000171906
4.83674e-05
0.00210458
-0.00151204
0.00114844
-0.00174098
0.0012885
-0.00351489
0.00184319
0.000383196
-0.00673059
0.00396657
0.0055005
-0.000568298
-0.000339134
-0.000222139
0.00113782
-0.000693657
0.000513357
5.09362e-05
0.00216274
-0.00219701
-0.00308888
0.00312315
-0.000485383
-0.00225537
0.00244591
0.000294841
2.3033e-05
-4.16566e-05
0.000557282
-0.000538658
0.000217989
-0.00109969
0.00653357
0.0041681
0.00338946
-0.00247833
-0.00119868
0.00121813
-0.00071278
-0.00242337
0.00191802
0.00212278
0.000490329
-0.00123684
-0.00137626
0.00340511
-0.00273064
-0.00411666
0.00344219
-0.000621435
-0.00203872
0.000425316
0.000730666
-0.00198478
-0.00142443
0.00266281
-0.000846899
0.0233276
-0.00417996
0.0025376
0.000191568
-0.000102516
-0.00262665
0.00346818
0.000231391
-0.00521322
-0.000715545
0.000868587
0.00378291
-0.00393595
-0.00414494
0.00160876
0.000142477
-0.000880148
0.00131908
-0.000581404
0.00232222
-0.00159665
-0.00271604
-0.00147119
-0.000545382
0.00241995
0.000774265
0.00144725
3.2359e-05
-0.00225387
-0.0161322
-0.0113331
-0.00423224
0.00319837
-4.98337e-05
-0.00264159
-0.000506952
0.0299167
-0.00195439
0.00740273
0.0145703
0.0201649
-0.0225389
-0.000312528
-4.31662e-05
0.000220556
0.000135138
0.00444313
-0.00166016
-0.00182442
-7.82643e-06
-0.000252576
-0.0022727
-0.000305515
-5.53622e-05
-0.000982664
0.00134354
-0.000282923
-0.000752282
0.000208968
0.000937641
-0.0100773
0.0214629
0.0277768
-0.0128692
-0.000135921
-0.000318841
0.0002695
0.000185262
0.00108849
-0.00117197
0.000114773
-3.12862e-05
6.70637e-05
-0.000446952
0.00144511
-0.00106523
0.0003006
0.000145411
-0.000637693
0.000249008
-0.000155601
-0.000459219
0.000681885
-0.00807336
0.00441619
-0.000106995
0.000515624
0.000228071
-0.0006367
-0.00758309
0.00433123
-0.00714723
0.0145953
-0.00255166
-0.000668656
-0.011375
-0.00413156
0.00619928
-0.00140102
-0.0010484
0.000853471
0.00117314
-0.00097821
-0.0013664
0.00264292
-1.12387e-05
-0.00126528
0.00108653
-0.00339789
0.0128197
-0.0211028
-0.0193705
-0.00395411
0.00298819
0.00030071
0.00298827
0.00648841
0.00205263
-0.000174152
0.014832
-0.00372401
-0.00208586
-8.87725e-05
0.00195755
0.000251971
-2.71087e-06
0.00215199
-0.00240125
-0.000483257
-0.000376335
-5.17539e-05
0.000911346
-0.00163056
-0.00190692
-0.00258463
0.0026502
-0.00115322
0.00564315
-0.00769424
-0.0022158
-0.00112152
0.00112822
0.00220909
-0.00471733
0.00247409
0.000395267
-0.0014635
0.000160036
0.0009082
0.000803226
-0.0133626
0.000224745
0.0016679
0.00173983
-0.00159834
-0.00256454
-0.000662374
0.00258822
0.000638701
0.00738244
-0.00799732
-0.00154628
-0.00214196
-0.000730947
0.00118192
0.000415399
-0.00414058
4.92789e-05
0.00270149
-0.00644653
0.0043613
-0.000616259
-0.0219172
0.00796803
0.0229684
-0.00726684
-0.00115418
0.0011994
0.000350045
0.00116155
0.000211958
-0.000985052
-0.000388459
0.000129401
0.000837931
0.000194221
0.000430916
0.000965939
-0.00126745
0.00130585
0.000507321
0.00155456
-0.00715527
0.00757958
-0.000299074
0.000414864
9.16044e-05
0.0016298
0.00310497
-0.00227763
-0.00245714
0.000489344
-0.000758609
-0.000727459
0.000996724
-7.5605e-05
0.00097064
-0.000440015
-0.000455021
5.74826e-06
0.00143247
-0.00119968
-0.000238538
-0.00199033
0.00170755
-0.000768626
0.00108756
0.000588492
-0.000792722
-0.000851021
0.000531576
-0.00102949
-0.000586932
0.00105754
0.000519574
-0.000574298
-0.00100282
7.597e-05
0.000178071
-0.000347303
0.000124656
0.00014375
-4.29489e-07
0.00093362
-0.00068495
-0.00024824
-0.00162112
0.00160167
-0.000243274
-0.000161066
0.00129133
-0.000886549
-0.000243716
0.000379059
0.00130528
-0.00122542
-0.000458923
0.000505844
4.56077e-05
-0.000740952
-0.000353614
0.00431107
-0.00100136
0.00065918
-0.000587657
0.000929841
-0.00021628
-0.00164489
0.001565
-0.000438241
0.000462624
-0.00102575
-0.00154841
-0.000382502
0.000599039
0.000989545
-2.05292e-05
-0.00141643
0.00176956
0.00110678
-0.00316772
0.00029139
-0.00132326
0.00172641
-0.00143549
-0.00156561
0.000532527
-0.00262399
0.0014083
-0.0020539
-0.000196332
9.77312e-05
-9.62998e-05
-0.00225474
0.00102111
-0.00186744
-0.000492532
0.00104147
0.0013185
0.000946527
0.00133548
-0.000734583
-0.00154743
0.00114194
-0.000595968
0.000400557
-0.00498971
0.00132004
0.0028459
-0.00872275
0.00279898
0.0063133
-0.0044868
3.46726e-05
0.0110176
-0.00918268
-0.00186965
0.00341125
-0.00311676
0.002743
-0.00303749
-0.00117392
-0.000509492
-0.00016277
0.00112216
-0.000554672
-0.000433519
0.000758417
0.000219044
0.00084635
-0.00314395
0.00851195
-0.000159942
0.0031049
-0.00201932
0.0120765
-0.002398
-0.009239
-0.000439468
0.0186944
-0.00273111
-0.00388686
-0.00260967
-0.0128702
0.0130819
-0.000476071
-0.000464414
8.58669e-05
0.000854619
0.00947237
-0.0197692
-0.0077107
-0.00678663
0.0113298
-0.00209175
-0.00245146
-0.00748886
0.0156069
0.0117229
0.00564421
-0.0161562
0.003775
0.000435508
-0.00336842
-0.000842087
0.00419428
0.00126585
0.00136843
-0.00682856
-0.000550142
0.0109949
0.000584362
-0.0110291
0.00571928
-0.0100518
0.00593054
-0.00159799
0.00369543
0.00422919
0.00104275
-0.00896737
-0.0104663
0.000177484
-0.00232826
0.000325145
-0.00733023
0.00933334
-0.00970595
0.0084816
-0.00110391
-0.000147567
0.00759817
0.00344889
-0.0108995
0.0135713
-0.00507524
-0.000528902
0.0113955
0.00536199
0.0056109
-0.00122353
-0.00406222
0.0033335
0.00518051
-0.00303481
0.00232926
-0.0026602
-1.81932e-05
-0.00382522
0.00423899
0.00708497
0.00289408
0.00621393
-0.00565287
0.0114851
0.0010849
0.00386729
-0.00566773
0.00055834
-0.00414707
0.00467363
-0.0171248
0.0188753
-0.000453074
-0.00158146
0.00366434
-0.000341337
0.000175406
-0.000133144
-0.000420596
0.000222247
0.00104076
-0.000590556
-0.000232212
0.00102337
0.000298706
-0.00101504
0.000421359
-0.000187879
0.00150505
0.000224187
-0.00015289
0.00166939
-0.00170438
0.00174223
-0.00204576
0.000150631
-0.000699392
0.000627759
-0.000678223
0.000696704
-0.00493261
0.00141761
-0.000486
0.00141465
-0.00416769
0.00323904
-0.00154823
0.00793597
0.000751483
-0.00713923
-0.00589895
0.000579569
0.00555866
-0.00738336
0.00589604
-0.000878812
-0.000668837
-0.0106464
0.00401548
0.00729977
0.00826237
0.00342314
-0.00211623
-0.00105368
0.00241015
0.00411117
0.00463994
0.000364556
-0.000676205
0.000413539
0.00087522
-0.00137458
0.000564199
0.000490998
-0.00100776
-0.000806966
-7.66117e-05
-0.000551816
-0.000243412
-0.00106792
-0.000447956
-0.000143812
0.00624895
0.00098813
0.000998408
-0.00401794
0.00280021
-0.000869158
-0.00777833
0.0047392
0.00311224
0.00405171
-0.00657917
-0.00058477
0.00845592
-0.00623621
0.000892523
-0.00156551
0.000823444
0.00917338
-0.00843131
0.00182981
0.00612232
0.000962273
-0.0089144
0.000953002
-0.00168669
-0.00139699
-0.000568755
0.000305279
0.0022403
-0.00185644
-0.00066149
0.00157919
0.000938735
-0.000867392
0.0015759
-0.00256495
-0.00201004
0.0017064
-0.000265117
-0.00297301
-0.00140419
0.00163734
-0.000429509
0.001669
0.000684476
-0.000427747
0.000344931
-0.00060166
0.000278992
-0.000174154
0.00122684
0.000240737
-0.000161728
-0.000171694
-0.00202369
-0.00969086
0.00168151
-0.0211946
-0.00371755
0.0142606
-0.0140214
-0.00999072
-0.00188395
-0.00144577
0.00135512
-0.00283147
-0.000588579
0.000462105
0.00332168
-0.00404547
-0.00435504
-0.00837641
0.00542951
0.00604559
0.000159282
0.000513489
-0.000978679
0.000305908
0.00110634
6.12692e-06
-0.00436228
-0.000451444
4.71396e-05
0.00114347
0.000638348
-0.000389286
-0.000324667
0.000489048
-0.000330793
-0.00346894
0.00511981
0.00997172
-0.0116226
6.4665e-05
-0.00378748
0.00144626
-0.00204697
-0.00295707
0.00106636
0.00142241
0.00100304
0.000295686
0.00392615
-0.000194743
-0.0104908
-0.00489249
0.00412995
-0.00484328
-0.0216198
0.0148279
0.00438333
0.00240851
0.00509227
0.00928759
-0.00689378
-0.00748608
-0.00127134
0.000545838
0.00194753
-0.00082215
-0.0017979
-0.000977292
-0.00223245
0.00500764
0.0034011
-0.000827906
0.00153797
-0.000480324
-0.00292137
0.000246072
-0.00240654
-0.00264947
0.00225673
0.00279927
0.00150723
0.000109105
-0.00254676
0.00262063
-0.00178081
-0.00343612
0.00280832
0.000836531
-0.00285325
0.00394454
-0.00315083
-0.00144873
-0.000733447
0.000753465
4.16821e-05
-0.000819143
0.00049376
0.004211
0.00639045
-0.00232855
-0.0082729
-0.00114733
-0.00690144
0.0122598
-0.00173915
-0.0013575
-0.00209542
-0.000555728
0.00565734
-0.00257055
-0.00351711
0.00496707
0.000232665
-0.00168263
0.00802176
-0.00648014
0.00285666
-0.00439828
0.0223233
-0.0306296
0.00430502
-0.00587229
-0.00194984
0.00238606
0.00191896
0.00362271
-0.00746236
0.00179071
0.00204894
-0.000914937
0.000908492
-0.000469606
0.000476052
0.000335376
-0.00127959
2.92727e-05
-0.000653133
0.000546876
0.00101475
0.000931354
-0.000961037
0.000773051
0.000198389
-4.00863e-05
0.000489993
-0.000718132
0.00100119
-0.000350564
-0.00125057
8.10929e-05
-6.07969e-05
-0.00337268
-0.000708727
0.00104201
0.00303939
-0.00106041
0.00315171
0.00138921
-0.00122707
0.00419426
0.00218018
-0.00658896
0.00219324
-0.000218966
-0.00138678
0.0011832
-0.00150696
0.00065816
-0.000410204
-0.000101684
0.000609401
-0.000338853
-0.00267709
-0.00186697
0.00104866
0.00469031
-0.003872
0.000224648
-0.00205522
0.0030487
-0.00215134
-0.00116912
-0.000841621
0.0023855
-0.00784514
-0.0038679
0.00980783
0.00190521
1.18509e-05
-0.000125568
-0.00042039
0.000534107
-0.00317523
0.018568
-0.0132735
-0.00354607
0.0031382
-0.0005201
0.00445598
-0.000338897
-0.00359698
0.000759905
-0.000672661
-0.00652427
0.00288787
-0.00546771
0.000158181
-0.000432656
0.00136296
-0.00157725
-0.00103114
0.001311
-0.00035308
-0.00192577
-0.0053561
0.000262828
0.00209595
-0.00319466
0.00262352
0.00412859
-0.00355745
-0.00162596
0.000524218
0.00187601
0.0043797
-0.000864538
-0.00310105
-0.000414116
0.00139057
-0.0025399
0.00395906
-0.00280974
-4.27716e-05
0.00280451
0.000341104
-0.000204094
-1.30724e-05
-0.00059874
0.000815907
-0.00718203
0.0101297
-0.0116229
0.00867526
0.0120578
-0.0135473
-0.0120491
0.0135386
-0.00420269
-0.00327659
0.00088805
0.0146978
-0.022113
0.00213729
0.00535632
0.00137479
-0.0147492
-0.000391073
0.00111342
-0.000232357
0.00996622
-0.0144452
0.0208732
-0.00013782
0.000204053
-0.00036633
0.000300097
-0.0012568
0.0066454
-0.00454225
0.00406101
-0.00224401
-0.000349247
-0.000205892
-3.30858e-05
-5.05182e-05
0.00078013
-0.000630467
-0.00585265
-0.000548011
0.00306945
0.000663986
0.000587765
0.000324072
-0.00157582
0.000449622
-5.26978e-05
-0.00104602
0.000649092
0.000638815
-0.000945017
0.00164858
0.00402461
0.00645025
-0.0019563
-0.00102709
0.000733617
0.000280033
1.34381e-05
-0.000614723
4.7372e-05
0.000862881
-0.00029553
1.70902e-05
-0.000783313
0.00145654
-0.000690316
-0.000241618
-6.53726e-05
-0.000506727
0.00162679
0.000680611
-0.000873084
0.00218763
-0.00150658
0.000203538
-0.000884594
-0.000895002
-0.000666325
-0.000357029
0.000352182
-0.00290381
-0.00183576
0.00252215
-0.00120788
0.000521494
-0.00485913
0.00410882
0.00769651
-7.31551e-05
-5.36433e-06
-0.00033138
-0.00145301
0.00195849
-0.000155369
-0.000350107
0.00422301
-0.00258813
-0.00279657
-0.000136038
0.000912763
-0.00093917
0.000162444
-0.00101077
0.00217123
-0.0014915
0.000331033
0.000532409
0.000540236
-0.000257354
-0.00146231
-0.00282205
0.00470552
0.000126281
-0.00155712
-0.000457558
0.00333321
-0.000483396
-0.00270003
0.0124812
0.00447358
0.00117854
-0.00195817
-0.00138746
0.00216709
0.00313167
-0.00189095
0.000652699
-0.00189342
0.000122351
0.000948314
0.000697993
-0.000977834
-0.000262761
0.000685051
0.000555544
-0.00119482
0.000632503
0.00436164
-0.00154907
0.000584251
0.000292246
0.000672574
0.00960736
-0.021755
-0.00139296
0.000666385
0.00198313
-8.43636e-05
4.89833e-05
-0.000572086
-3.51064e-05
-5.60725e-06
-0.00011502
0.000155734
-0.00113398
0.000766337
-0.00167677
0.00204441
-0.0026369
-0.000281239
-0.000784702
0.00370284
0.000609116
-0.000242402
0.000523737
-0.00290781
0.000478738
-0.00130109
-0.000602068
0.0029511
0.001185
0.00495598
-0.00294522
-0.000472841
-0.00153792
-0.0011256
-0.00296858
0.00076942
-0.00837572
0.00219322
0.00590952
-0.0185904
0.0142846
0.00541358
0.0134002
-0.00781329
-0.0241773
-0.000492276
-0.000155541
-0.000115539
0.000763356
-0.00836413
0.011529
0.00255439
-0.0037782
0.00407005
-0.00292876
-0.000903326
0.004993
0.0010625
-0.0120835
0.00317588
0.00337645
0.000232897
-0.00132757
6.28558e-06
0.00106562
0.000251094
0.000272861
-0.00121415
0.00304997
0.00106554
-0.00427374
-0.00356158
0.00364486
0.00147013
-0.00118732
-0.00108438
-0.000934212
0.0159835
-0.019036
0.00398668
-0.00106914
-0.00150909
0.00109065
0.00148758
0.000981038
0.000980792
-0.00195554
0.00960903
-0.00869526
0.00278165
0.00822488
-0.00884594
0.00130167
-0.00132621
0.000798145
-0.000773606
-0.000939173
0.000631411
-0.000198233
0.000505996
0.00380387
-0.00356211
-2.02256e-05
0.00757678
-0.00450695
-0.00304961
0.00934888
-0.0170022
0.00112901
-0.0130333
0.0203359
-0.00251706
0.00978271
0.0234281
-0.0180532
-0.00137886
0.0018406
-0.00221623
0.00175448
0.00200991
-0.00221439
0.00150921
-0.00130473
0.00281464
0.000393585
0.000718495
-0.00392672
0.000493182
4.39504e-05
-0.000738458
0.000201325
8.99144e-05
-0.000602154
0.00054751
-3.52706e-05
-0.00363129
-0.0019348
0.0118062
0.00466055
-0.00197538
-0.0144913
3.17414e-05
0.00228116
0.00218294
-0.00164946
-0.00305075
0.00106045
-0.00153849
0.0035288
0.0018556
0.00245584
-0.00472851
0.000417065
0.00943272
-0.00115131
0.000585529
-0.00150184
0.00382575
-0.00290944
0.00367958
-8.63825e-06
0.000619562
4.89623e-05
0.000172497
-0.000221459
0.000436746
-0.000604007
-0.000141224
-0.000551509
0.000487285
0.000467222
0.00118837
-0.00115241
0.000961526
0.00184388
0.00225793
-0.00281697
-0.0042861
0.00483722
0.00292504
-0.00370564
-0.0010128
0.0031383
-0.000699758
-0.00142574
0.000460059
-0.00245686
0.00137544
-0.00187666
0.000201585
-0.000539312
-0.00282347
0.00220359
0.00168624
-0.00369154
0.00326822
0.00281204
-0.00238872
0.000320993
-0.000465504
-0.0035916
0.000349563
-0.00111546
-0.00165477
0.00160111
-0.000261155
0.000705437
-0.00147772
0.00260384
-0.000720169
0.00180624
-0.00368991
-0.000659707
0.000994653
0.000210353
0.000403549
-0.00111854
0.000504634
0.000723477
-0.00412664
-0.00132139
0.000488265
-0.00100993
-0.000847012
0.000173427
0.00130266
-0.000495054
-0.000419616
0.00109113
0.0014541
-0.0022167
-0.00229701
-0.00105438
0.00138945
0.00196194
-0.00175393
0.00312834
0.00309418
-0.00446859
0.00258061
0.000925471
-0.00249077
-0.000793132
-0.000539311
-0.0021473
-0.00254455
0.000943499
5.71801e-05
0.00154387
-0.00155846
-0.00232296
0.00359461
0.00130564
-0.00380903
0.00160813
-0.000340478
0.000409989
-0.000721428
0.000379486
4.93832e-05
0.00120665
-0.00180561
0.000549579
0.000221676
0.000427347
0.00181471
-0.0424526
-0.0275112
0.0290215
0.0110439
-0.00119126
-0.0477284
0.0320255
0.0168941
0.0185183
0.00162552
-0.00728377
-0.01286
0.00663593
-0.00201311
0.0118519
-0.00966382
5.70422e-05
-0.0155247
-0.012483
0.00149592
-0.000338277
-0.00222676
0.00106912
0.000867126
0.000798179
-0.000722886
0.00400849
-0.00328352
-0.000628928
0.000418998
-0.000962044
-0.00418119
0.00229627
0.00330733
0.00260302
-0.00196071
-0.0015373
7.5558e-05
-0.000481023
-0.000459713
-0.000950427
0.000376493
-1.09972e-05
-0.000224754
0.000147938
7.68152e-05
0.000700802
-0.000821503
0.000270126
-0.000149425
0.000658956
-0.00114434
0.000485381
-0.000191068
6.50303e-05
0.000126037
0.000176364
-0.00067835
0.000162532
0.0123952
-0.0094627
-0.00539339
0.00246086
0.000154621
-7.25307e-05
-0.000169689
0.00260376
-0.00277385
0.00037506
-0.00020497
0.000128455
-0.000103118
-2.53375e-05
-0.00172267
-0.00154154
-0.000970943
0.000285517
-0.000459405
0.00128886
0.00157019
0.00159694
0.00224074
-0.000232864
0.00630284
-0.000475671
-0.00164719
-0.00417998
-0.00067949
0.0137056
-0.00998098
-0.000971711
-0.00275295
0.00625717
0.0154975
-0.00804897
-0.00606588
0.00243348
-0.00118909
0.000275699
0.000891708
-0.000865915
0.00168954
0.00189055
0.00316225
-0.00196672
0.000693398
-3.96503e-05
-0.000655777
-0.000267971
0.000952439
-0.000811761
0.00904061
-0.0297602
0.00152746
5.60142e-05
-0.000163805
-0.00141967
-0.00295817
0.00684837
-8.42145e-05
0.00317079
0.000130318
-7.6783e-05
-0.00041312
0.000359584
-0.000130581
0.00320439
0.00596254
0.0168393
-9.56506e-05
0.000207586
-0.000111935
8.89401e-05
0.000937167
-0.000202974
-0.000823134
-0.000261875
0.000172565
-0.000275095
0.000364404
-0.000999178
0.0011897
-0.000458176
-0.000210547
0.000573072
5.2689e-05
-7.62295e-05
0.000178162
-0.000987344
0.00205248
-0.00318804
0.000735838
-0.000468569
-1.68851e-05
-0.000278075
-0.000173799
0.000533341
-0.000196592
-0.00016295
-0.00526745
0.00472407
-0.003489
0.00403238
0.0188041
-0.00593432
0.0162997
0.00253872
-0.00141779
0.000501656
0.0133351
-0.0130335
0.00741928
0.003639
-0.00936651
-0.00215878
-0.00220761
0.00143285
0.00293354
0.00338196
0.0210289
-0.0206698
0.00277987
0.00432117
-0.00371669
0.0169632
-0.0207336
0.00236477
0.00743284
-0.0198545
0.0270033
0.0130162
-0.00488736
0.000881622
0.00439933
0.000159919
-0.000112604
-0.000103586
5.62714e-05
0.00153259
-0.00177602
0.000620502
-0.000432107
-0.000188395
-0.000535925
-0.000805696
-0.000324666
-6.9317e-05
-0.00057607
0.00226482
0.00179961
-0.00106855
-0.00130713
-0.00176228
-0.001442
0.000184181
-0.000308769
-0.00139193
0.00185041
-0.000914233
0.00131762
0.000445799
0.000501401
-0.000758465
0.000531131
0.00104647
-0.000140678
0.000275382
-0.00118118
-0.000442748
-0.000623611
0.000880586
0.000185773
-0.000194638
0.000262909
0.00436309
0.00395519
-0.00397351
0.00135958
-0.00100634
0.000131889
-0.000359536
-0.00175959
0.00123898
-0.000464247
0.000749125
0.00125335
0.00256817
-0.00227686
-0.000525914
-0.000507488
-0.00148622
0.00277229
-0.00116938
-0.0065475
0.00395482
0.00923532
-0.0159869
0.0117136
-0.0159297
0.00903286
-0.00333888
0.00503838
-0.0031918
-0.00346115
0.00733015
-0.0023145
-0.000147961
0.000118286
-8.31199e-05
0.000112796
-1.53824e-05
-7.98898e-05
-0.000144407
0.000493663
-0.000626167
0.00027691
-0.000126103
-3.36857e-05
-0.000275832
0.000402088
-7.96981e-06
4.79964e-05
-5.77978e-05
-7.33185e-05
0.00233702
0.00067864
-0.00205079
-0.000964869
0.00277244
-7.88933e-05
-0.000356524
-0.0015282
0.0022403
-0.000767465
-0.000807036
0.000610328
0.00118417
-0.000987465
-0.00146102
0.00171948
6.86452e-05
-0.000327106
0.000256056
0.000387335
-0.00110583
0.000462436
0.000392328
0.00080422
-0.000940493
0.000388084
-0.000807785
-8.70124e-05
4.41798e-05
0.000504934
-0.000462101
0.0001452
0.000702447
-0.000924263
0.00105593
-0.000947436
0.00311382
-0.000348712
0.000110534
0.00134749
-6.51444e-05
0.00241644
-0.000927543
-0.00137364
-0.000115253
0.000519087
-0.000832622
-0.000275365
0.00147484
-0.00088808
-0.000273189
0.00129106
-0.000278338
-4.53974e-05
0.000635671
-0.00205763
0.00129345
-0.00227576
0.00303995
-2.07888e-06
-0.00021442
-9.60293e-05
-0.00214509
0.00233359
0.000187826
0.000902881
-0.0055342
0.000868697
0.0136245
0.00364206
-0.00248353
-0.00170409
0.00278161
-0.00138543
-0.00156875
0.00340384
-0.000461304
0.000955199
-0.000833199
-3.31556e-05
-0.000636686
0.000588343
-0.00106795
0.000443034
-0.00288306
0.00285543
-0.00276328
-0.000466999
0.00367331
-0.000110886
0.00056339
0.000474805
-0.000927309
0.00121981
0.000430825
0.00118039
-0.00283102
0.000374918
0.00162093
-0.000889074
-0.000206914
0.00111396
-0.00181775
0.000661236
0.00083053
0.000325983
0.00197459
-0.00228658
0.0015318
-0.00862541
-0.000506119
-0.000573235
0.00163156
-0.00126524
-0.000416393
0.000625659
-0.000654955
0.000818047
-0.000788751
0.000898284
-0.00113929
0.000284952
0.000597822
-0.000479094
-0.00165617
-0.000343059
0.00230451
0.000979256
0.000358328
0.000193434
-0.00126475
0.000184755
-0.00285508
0.00331035
0.00228095
-0.00273622
0.00225714
-0.00114426
-0.00447544
0.00336257
0.00311655
0.000312697
-0.00117211
-0.00286229
2.78251e-05
0.0010194
-0.000659258
-0.00140224
0.0020615
-0.000684002
2.0006e-06
-0.00103603
-0.000253656
-0.00103403
-0.000315666
0.00471176
-9.64517e-05
-0.000474844
0.00108874
-0.000517447
0.00273088
-0.000164174
-0.00072398
-0.00184272
-0.00034944
0.00167342
-0.00194957
0.000817544
0.000782586
-0.00082711
-0.00087454
0.00153748
-0.00183468
-0.000838868
0.00178585
0.00916097
0.0350124
-0.0441734
-0.00421703
0.0131034
-0.00602976
-0.00306845
0.00411807
-0.00197055
0.000920927
-0.00142315
0.00209545
0.00398959
-0.0046619
0.00144436
-0.0056605
0.000501308
-0.00134122
0.00236794
-0.00386501
0.00294142
0.00100943
-0.00170994
-0.00067644
-0.000232542
0.000609142
-0.000289437
0.000411323
0.000216585
-0.000147899
-0.000790838
-0.00112736
0.00141147
-0.000137726
0.00121408
-0.000364425
-0.000735064
0.0008263
-0.00600046
-0.00108049
0.00187023
0.00521072
-0.00302753
0.00534962
-0.000287419
0.000553239
0.0106629
-0.0163264
0.00596437
0.0118843
-0.00718575
0.0024207
-0.00140751
0.000830693
-0.00481935
0.000626396
0.00444772
-0.0045553
0.0166377
-0.00352085
-0.0029405
-0.0268899
-0.0052609
0.00834269
-0.000330729
-0.0191569
-0.00486785
0.000789002
0.00373874
-0.00495725
0.00398255
-0.00439554
-0.00451962
-0.000466294
-0.000356853
0.00292773
-0.0102731
0.00132094
0.00139145
-0.00695984
-0.0169392
0.00257188
0.0177166
-0.00143718
0.00244165
0.000556146
-0.00156062
0.000594548
-0.00124948
0.000393917
0.000261013
-0.00124229
-0.00121231
5.99876e-05
0.00243252
-0.00129178
-0.00131078
-0.000486321
0.00174727
0.000822285
0.000922005
0.000373149
-0.00211744
-0.00152447
0.00546299
0.0107592
-0.00371211
0.00313261
0.0110867
-0.0128159
-0.00647521
-0.00152978
-0.0026066
0.00437112
0.00559898
-0.00100351
0.00379925
-0.00129548
-0.0100965
0.00759274
-0.00159692
0.000145032
-0.000834693
0.0010006
-0.00139174
-0.00277173
-0.000594791
-0.00131715
0.000255592
0.00165634
0.00639649
-0.000962845
0.0112041
-0.00592943
0.00419445
-0.00228876
0.000341613
-0.00169588
-0.00022865
0.000201862
-0.00217619
-0.00148607
0.000169498
0.000199519
-0.000560085
-0.000984108
0.0057329
0.00161154
0.00140178
0.00329818
-0.00631151
-0.000940053
-0.00259071
-0.00770383
0.000793315
0.000975818
0.00193502
-0.00112311
0.00257044
-0.00278653
0.0027908
-0.00041761
0.00041334
-9.52483e-05
-0.00503432
0.00597971
8.3712e-05
-0.003494
-0.00256941
-0.001162
-0.000417865
0.000902456
0.000677413
-0.000269057
-0.00113938
-0.00210494
-0.0100402
0.003781
-0.00291497
-0.00186011
0.00288504
7.10265e-05
0.000927799
0.000115668
0.00485475
0.00309882
0.0050016
0.00191057
-0.000277822
0.0010691
-0.000493605
-0.000297676
-0.000703847
0.0006889
0.00408761
0.0466436
-0.00426122
-0.0142036
0.00380987
0.0281669
0.0119532
0.00282419
0.000674387
0.00246509
0.0032047
-0.0019748
-0.00376063
0.00253073
-0.00179177
-0.0132979
0.00507556
-0.00334903
-0.00108771
0.000688203
0.000313814
-0.00127107
-0.00018623
-0.00148875
0.0023176
-0.00345283
0.000592921
-0.00158928
-0.00150151
0.000609137
-0.00619822
0.00282331
0.000837508
-0.000586739
-7.06672e-06
-0.00192891
0.00524115
-0.00143972
0.00580761
0.000589496
-0.00416186
1.15467e-05
0.000156859
-0.000556901
0.00158841
-0.000107727
0.00081047
-0.000804737
0.000430787
-0.00148127
0.000626688
-0.00114875
0.00200333
0.0114145
-0.00859774
-0.01248
-0.0017829
-0.018858
0.0269348
-0.00176345
-0.0179109
0.0331125
0.00821259
-0.00552707
0.0145023
-0.00470325
-0.00427198
-0.00191861
0.00136938
-7.99301e-05
0.00062916
-0.00737591
0.00237132
-0.0218853
-0.000336369
0.0286809
0.00792898
-0.00133428
-0.00423725
0.0012165
-0.00271613
0.000513305
0.00211928
-0.00192454
2.33724e-05
-0.00135941
2.37172e-05
-0.00503737
0.00637306
-0.00342303
-0.0146721
0.000501583
0.00038236
0.00759187
-0.00174446
0.000455076
0.00366671
-0.000636178
0.00102647
-0.00148071
-0.000452109
0.00146531
0.000755344
0.000194153
-0.00128867
0.00109452
-0.00514917
0.00011008
-0.000713128
-0.000171921
0.00088505
0.00186012
0.000171977
-0.00113115
-0.00090094
0.00190028
-0.00145453
0.000214335
-0.00015116
-0.000108522
-0.000716783
0.0169052
-0.00161817
0.00146761
-0.00356628
-0.00136666
-0.00283644
0.00712814
0.000716063
-0.00418967
0.00121376
0.00138649
-0.00111819
-0.00148206
0.00108207
-0.00324899
0.00130972
0.000857204
-0.000670944
-0.00029359
0.000476042
-0.000502181
0.000116002
4.10805e-05
5.4289e-05
0.000170812
-2.48002e-05
-0.000575996
0.000268052
-0.00109887
0.00082285
0.00616887
-0.0115639
-0.0110563
0.00794801
0.00293529
-0.000903088
-0.00614741
0.00411521
-0.00814346
-0.00668563
0.00577577
0.00335463
-0.00197443
-0.000913514
-0.00113226
-0.000893419
0.000928797
0.00109689
0.0014154
0.000232782
-0.000394185
-0.001254
-0.0137415
0.00158472
-0.000792553
0.00421713
-0.00243592
0.00816134
-0.00195327
-0.00715872
0.00409396
0.0016444
-0.00214612
-0.000311104
0.000646559
-0.000350758
-0.000266707
0.000617465
0.00110618
-3.55903e-05
0.00106948
3.20329e-05
-0.000438804
-0.00126556
-0.000266061
-0.000272264
0.00175209
-0.00321787
-0.00126971
-0.000444809
0.00755131
0.00355366
0.00949306
-0.00159534
0.0030636
-0.00214143
-0.00136544
-6.83282e-05
0.00310167
-0.0194989
0.0302835
0.00234276
-0.00383609
0.00234453
-8.94804e-05
0.00414496
0.00173684
-0.00077792
-0.000369423
-0.000794037
-4.70058e-05
0.00121047
-0.000456437
-0.00340951
-0.00559675
-0.0217006
-0.0165268
0.0251941
0.0110325
0.00135484
-0.00105584
0.00139197
-0.00169097
0.000727416
-0.000915643
0.00176363
-0.00142288
-0.00091965
0.0005789
-0.0021661
0.00135172
0.000840919
-2.65391e-05
-0.000562025
-0.00059418
-0.00208632
0.00324252
-0.00096449
-0.000797075
0.000607905
-0.00107015
0.00207143
0.000301591
0.000887272
0.00158004
-0.000925269
-0.00135022
-0.000490374
0.000230242
0.00186889
0.000979289
0.00134391
-0.000818148
-4.37659e-05
-0.00341275
0.00501108
-0.00160896
-1.34796e-05
0.000791142
-0.000452947
-0.000374432
0.000304356
0.000449851
0.000582341
-0.00147043
-0.00136397
-0.000608614
-0.000921111
0.000349687
0.00116516
-0.00153421
-0.0168897
-0.0251652
0.00311598
-0.0234695
-0.00304734
-0.000904909
0.00196356
-0.0016505
0.00847491
-0.00380771
-0.00888423
-0.00724944
-0.000515172
0.00216256
-0.00107276
-0.00063472
-0.0025291
-0.0166256
-0.0235888
-0.00203119
0.0125277
-0.00333649
0.00689678
-0.011478
0.021078
0.0446848
-0.0465544
-0.00147628
0.00216573
-0.00207488
-0.0130548
0.007034
0.00155344
0.00467623
-0.00437406
0.00375699
0.000839437
-0.00214059
-0.00545633
0.0050461
-0.000237702
0.0266198
-0.0050929
0.0203236
0.0182606
-0.00990336
0.00249298
-0.00067911
-0.00400027
0.00304882
-0.00367904
0.00201042
-0.00100028
-0.00245255
0.000321033
-0.000289866
0.000907229
-0.000938396
-0.000278366
-5.31266e-05
-0.00101008
0.000115218
0.000679309
0.000215555
-0.00097837
-0.0058205
0.00309324
-0.00093983
0.000768217
0.00035871
0.000526453
-0.000178461
-0.00219236
-0.00230139
0.00273854
-0.000540154
0.00057507
-0.00189267
-0.00224353
-0.00152429
-0.000125453
0.002479
0.000694224
-0.00449645
0.00457979
-0.000777561
-0.00107735
0.00760602
-0.00713012
0.0261261
-0.00599329
-0.00340046
0.00651156
-0.0382934
0.0232875
-0.00165072
-0.000803394
-0.00226499
0.00438317
0.00212193
-0.00616863
-0.000336465
-0.0025679
-0.000108181
0.00316448
0.000265529
-0.00284051
0.00281144
0.000991318
-0.00303935
0.00183891
0.0014159
-0.00300647
0.00355726
6.92068e-05
-0.00351837
-0.000524979
-0.000302132
-0.000573814
0.000638679
-0.000809769
0.000744903
0.00244111
-0.00316818
-0.0165669
0.0282915
-0.00998585
-0.00173875
-0.0135991
-0.0136329
0.00865864
-0.0189434
0.0239176
-0.00954618
0.00033657
-0.00386946
0.00617785
-0.000276937
-0.000202431
0.000477289
0.00379051
-0.00316563
-0.00283348
-0.00133467
-0.00376111
-0.000583332
-0.000194372
0.000457535
0.0100688
-0.00399561
0.000245198
-0.000363866
0.00176547
-0.0073189
-0.00129882
0.0241103
0.0147904
-0.026686
-0.0122148
0.0026524
0.00029847
-0.00200329
0.00123273
0.00430068
-0.00778175
-0.000327499
-0.000497992
0.000251677
-0.000120737
-0.0113184
-0.00293351
0.00130069
0.0148037
-0.00105002
-0.0150544
-0.003755
0.0160435
-0.0320576
-0.00301056
0.000866073
-7.61885e-05
0.00126243
-0.00053415
0.000139103
-0.00233237
-0.00782493
-0.00236889
0.00202437
0.000379468
-3.49441e-05
0.00123842
-0.000387144
-0.000742924
0.000490232
0.000456665
-0.00230565
0.00301064
-0.00242556
-0.0125497
0.00475387
-0.00115536
0.0089512
-0.000201963
0.000282584
0.00248755
-0.00289081
-0.000363939
0.00393339
0.000330652
0.00207087
0.000707677
-0.00270408
0.000266499
0.000816463
-9.76571e-05
0.000844454
-0.00134159
0.00164157
-0.00201606
-0.00204697
0.00310864
0.00368667
-0.00215537
0.0148466
-0.00520016
-0.000147518
1.53053e-05
-0.00197662
-0.000398797
-0.000343519
-0.000412807
0.000485193
0.0436674
-0.0188381
-0.000188369
0.000617051
8.48071e-05
-0.000114481
0.000617105
-0.000123149
-6.75621e-05
-0.000202418
0.000587112
0.000361989
-0.013913
0.00691029
-0.00100184
0.00357811
-0.00229634
0.00881986
-0.00408242
-0.00275429
-0.0102211
-0.002143
0.00216888
-0.000683398
0.0066136
-0.00315033
-0.00647684
0.0121839
-0.000348598
0.000810439
-0.000635639
-0.000501737
-0.000150092
0.000303231
0.000592154
-0.000551878
0.000137795
-9.75648e-06
0.000188986
-2.16447e-05
-0.000224313
0.000663682
-0.00247131
-0.00123336
0.00125879
0.00193211
0.000491814
-0.00329051
0.00156533
-0.000156215
0.00157442
0.00132012
-0.005289
-0.00455682
0.00123841
-0.000417924
0.000520133
0.00150929
8.23468e-05
-0.000353229
-0.00416828
-0.00411716
0.000574639
0.00019117
0.000349192
-0.000252199
-0.000361172
6.76519e-05
0.000271783
-0.000387276
-0.000392451
0.000277989
-0.000157767
-0.000478183
0.0034498
0.00632713
-0.00357764
0.000172578
-0.00273936
0.00118
-0.00149587
-1.59266e-05
0.0033507
-0.00237346
-0.000485528
-0.000817028
-0.00244329
0.000205934
0.000601906
-0.000689039
-0.00243095
0.00488535
-0.00036383
-0.000717649
0.000853482
0.00169585
-0.00479457
0.00149189
0.000813374
0.00420749
-0.002422
-0.00901934
0.037099
0.00271718
-0.0189909
-0.00374187
0.00117364
0.00810807
0.00124047
1.47e-06
0.000979569
-0.000971711
0.000407143
0.00173241
-0.00321777
-0.000564248
0.00204961
-0.0038506
0.00142817
0.000946151
-0.00595574
0.000448683
-0.000507253
-0.00375101
0.0090871
-0.000345211
0.000242167
0.000279408
-0.000641276
-0.000678804
0.0016661
-0.000346022
0.00039827
-0.000413183
0.00013957
4.04101e-05
-0.0011754
-0.000752059
0.00188705
-0.000532163
0.00125807
0.000190259
-0.000916166
-0.00112581
0.0021481
-0.000182658
0.00285711
0.00193963
0.00247564
0.00398134
-0.0024798
8.59585e-05
-0.000104348
0.000377994
-0.000292525
0.00271175
-0.00017785
0.00199184
0.00525602
-0.000574808
-7.52514e-06
-0.000686805
0.000207951
-0.00169654
0.00323576
-0.000694089
0.000582656
-0.000929039
0.000556735
-0.00120975
0.000995849
0.00026148
0.00110153
-0.00145727
0.000759292
0.00087186
-0.000273947
0.000637597
-0.000281235
-0.00132085
-0.00219861
-0.00132954
0.000754296
-0.000198332
-0.000978856
0.000500749
-0.0026183
0.00133983
-0.000737495
0.00201597
-0.00425328
0.00193892
0.000823811
0.000700849
0.000152315
-0.00167697
-0.000744361
0.0016485
-0.000750767
-0.000949746
0.000179765
-0.000415957
0.00118594
0.00178267
0.00400726
-0.00203293
-0.000181485
0.00104507
0.00148229
0.000658187
-0.000832818
-0.000510579
-0.000578458
-0.00175634
-0.00722205
0.00245721
-0.00514041
0.00731964
-0.00314861
-0.000252866
0.0005252
0.000816856
-0.000181323
-0.000644695
9.16197e-06
-0.000578544
-0.00106528
3.02659e-05
8.76996e-05
0.00022238
9.23226e-05
-0.000685055
0.000841741
0.000217013
-0.00053814
-0.000618703
0.000528076
-0.000172969
-0.000231466
-0.000208118
0.00215979
-0.000363653
-0.00158802
0.000444711
-0.00062659
0.000421858
-0.000491697
0.00148524
-0.00354234
0.00156094
0.00339901
-0.003583
0.00226497
-8.94839e-05
-0.00102021
0.0129788
-0.00570145
-0.00618117
-0.000421774
0.00199365
-0.00219252
0.00285212
-0.00537693
0.00446017
0.00970274
-0.0129999
0.00560507
-0.000225358
-0.00647858
0.00258136
-0.00605975
0.000580962
0.00671968
-0.00124088
-0.000275936
-2.08043e-05
-0.000627291
0.000924032
-0.0027763
0.000370099
0.00184945
-0.000617273
-0.00153417
-0.000196605
0.00234805
0.000986591
0.000296705
-0.000661565
-0.00020728
-0.00405359
0.0023027
-0.00131587
0.00128518
0.000691924
-0.00651292
0.001982
-0.0083354
0.00323664
0.0014726
-0.00381776
0.000808368
0.00166679
0.0013426
0.00110799
0.0012171
0.0034366
0.00039898
-0.00296699
-0.00196673
-0.000486779
-0.000540739
-0.000502949
0.000402412
0.000980922
0.000849714
0.000164336
0.0060143
-0.000181551
-0.00249925
-0.00577126
0.0041384
0.00756339
-0.00263936
0.000354061
-0.00153246
-0.00116769
-0.00184988
0.00110139
-0.00210391
0.00837338
-0.00529408
-0.0137531
0.00169388
0.000473117
-0.00235045
0.000669152
0.00120818
0.00222231
-0.000842149
-0.00201634
-0.00530785
0.00376208
0.00356211
-0.000646677
-0.001012
-0.000379707
0.000150081
-0.000441318
-0.000640214
-0.00162294
0.00253669
-0.00536749
0.00129841
-0.000907674
-0.000446834
-0.000551842
0.00137667
-0.00182723
-0.00215429
0.00168145
5.64457e-05
0.00174734
-0.00120692
-0.000742487
0.000202067
0.000420252
-0.000334677
-0.000875956
0.000541049
0.000102364
-0.000256624
0.000450831
-0.000194206
0.0110075
-0.014624
-0.0059636
-0.0132626
0.0236907
-0.00554785
-0.00488021
0.0219696
0.00285666
-0.012958
0.00311746
-2.45619e-05
0.000534279
-0.000709992
0.000695903
-0.00140768
0.000857193
0.00291343
-0.000504832
0.0215519
-0.0212288
-0.0034984
0.0148527
0.0369136
0.00465832
-0.00180334
0.00412741
0.00601862
0.000766375
0.000299773
0.00203896
-0.00184744
-0.00175738
0.00481435
-0.00175916
-0.00129781
-0.000720136
0.00147877
-0.00313015
0.00201029
0.000407836
0.000519507
0.000325674
0.000252137
-0.000178648
-0.000641275
-0.00204238
0.00323958
-0.00189421
-0.00216987
0.0109249
-0.000761976
0.00104604
-0.00109924
0.000815176
0.000879379
-0.00211277
0.000306827
-2.53598e-05
-0.000463749
0.000302406
-0.00128402
0.000486543
0.000307142
-0.000186947
-0.00025323
0.000347374
-0.000961211
0.00046498
-0.000715786
-0.000356793
0.000920406
-4.07575e-05
-0.000270507
-8.14694e-05
1.92266e-05
6.22428e-05
0.00164708
-0.0018163
-0.00027522
0.00266929
0.000439042
0.00273307
-0.00035153
-0.000526761
-0.00109255
0.00055076
-0.000296476
-0.000334976
0.00059509
0.00119864
-0.000879192
0.00260038
-0.00175578
-0.000108626
-0.000735975
0.00215313
-0.000442765
-0.0018971
0.00185647
-0.000191375
-0.00296117
0.000128052
0.00341809
0.00311709
-0.000770875
-0.000468722
0.000501005
0.000505992
-0.000538274
-0.00284873
-0.00274042
0.00315843
-0.00110705
-0.000420424
-0.000275916
0.000106315
-0.000304052
0.00247889
0.00463283
-0.000735564
-0.00767547
-0.00104023
0.000651596
-0.000613859
-0.000229703
0.00180093
0.00141869
0.000166161
0.000672368
0.000132236
0.00016077
-0.00082199
0.000647386
1.3834e-05
-0.00430848
0.0014132
0.000288684
0.00130451
-0.00264337
-0.00139093
0.0014978
-0.00280691
-0.00128811
0.000598218
0.000201466
-0.000297502
0.00067161
-0.00187704
0.000382864
-0.00104841
-0.00130585
0.000303468
5.862e-05
-0.000390368
-6.1204e-05
0.000248567
0.000224684
-6.85248e-06
4.58656e-05
0.00104349
-0.00198223
-0.000245237
-0.000887026
0.000472555
-0.000584156
0.00141604
-0.00088934
0.000431836
-0.00113793
0.000408592
-0.000104652
0.000312076
0.000635482
0.000639177
-0.00149467
0.000994067
-0.000138578
-0.000940182
0.000456529
-0.00142394
-0.000615296
-0.000217837
0.00225708
0.000800768
0.00263198
-0.0038809
0.00067357
-0.00268039
0.00431262
0.000268044
0.0015456
0.00190652
6.32386e-05
-0.00331398
0.00231069
0.00219416
-9.30908e-05
0.00475206
-0.00177855
0.00149024
-0.00446375
-0.00335291
0.00431775
-0.000617363
-0.000281521
0.000466228
-0.000130143
-0.00177129
0.00110025
-0.000119384
0.0048438
0.000837623
-9.79857e-05
-0.00106423
0.0138432
-0.005715
-0.0085846
0.0024459
0.00400964
-6.77128e-05
-0.00536397
-0.0126582
0.0099411
-0.00197392
-0.00245127
-0.000668447
-0.00139949
0.00237717
-0.00521666
0.00319062
-0.00179681
-0.00304452
0.00271178
-0.00175645
0.00218296
0.00251573
-0.00172351
-0.0025545
0.000994527
-0.0009888
-0.00148887
0.000831963
0.001581
-0.00180954
-0.00102337
0.000204886
0.00107
-0.00141557
0.000227272
0.000234965
-0.000496763
3.45256e-05
0.00383086
0.00130007
0.000779996
-0.00321055
0.00228057
0.0016574
-0.00143277
0.000453965
-0.00428133
0.00560283
-0.00339369
1.58782e-05
0.00347628
0.000110557
-0.00295349
-0.000908985
0.000362589
0.000113489
-0.00178836
0.00184847
-0.00301909
-0.00249253
-0.000608546
-0.00227793
0.00367384
-0.00086489
-0.00146505
-0.00194037
0.00175978
-0.000408534
-0.022221
0.0133019
0.0207449
-0.0118259
-0.0252167
0.0260841
-0.0293651
-0.0294404
-0.00129795
0.000775113
-2.2894e-06
0.000822593
-0.000265154
-0.00059265
-0.000507366
-0.000133372
0.00123339
0.000564889
-0.000627091
-0.00094788
0.000612156
-0.000325634
-0.00142284
0.000280527
0.000364244
0.000778065
-0.00330658
0.00051858
0.00231419
0.00148964
-0.0020862
-0.00171762
0.000339881
0.00165982
-0.000917751
0.000825118
-0.00187701
-0.00212316
-0.00172947
-0.000998319
0.00355291
0.0010566
0.00161816
-0.00208258
0.000876459
0.00163805
0.00278008
-0.00214952
0.000898929
0.000568517
-0.000927667
-0.000531963
-0.000946193
0.000773782
0.000309142
-0.00197172
0.00251774
-0.00431127
0.00310651
0.00356811
0.00294038
-0.000774909
-0.00330508
0.00176663
-0.000423444
-0.000875626
-0.00238076
0.00143664
0.0047416
-0.00226495
-0.0012157
0.000481015
-0.0021238
-5.34815e-05
8.66357e-05
-0.00143466
0.00103179
-3.98978e-05
-0.000336054
0.00107293
-0.000464873
0.000779735
0.00288999
-0.00295123
-0.00102463
0.000331006
0.00478114
0.00146705
0.00058231
-0.00102853
0.000143782
-0.00133653
0.000450911
0.000687291
0.00102671
-0.000411481
-0.000466951
-0.000478023
0.000769886
0.000734843
-0.000290952
0.00136491
-0.00045916
-1.57173e-05
-0.00095382
0.00155219
0.000625734
-0.000965347
-0.000925254
-0.000326279
-0.0011426
-0.00161441
0.00196389
0.000279936
-0.000390557
-0.000585138
-0.000550609
1.00455e-05
-0.000558427
0.000452625
-0.00039776
-0.00068756
0.000675274
0.000410045
0.000602555
-0.000945825
-5.44891e-05
-0.000795599
0.000411873
0.000221564
-0.0042381
-0.00126515
0.00286389
-0.00028077
0.00409715
-0.00625255
-0.005087
-0.0027291
0.000715082
0.00301242
-0.00165072
0.00430647
-0.00321531
0.00027764
-0.00356326
-0.00221885
-0.00404755
0.000949282
0.0016244
0.00147386
0.000940811
0.00109604
-0.00146901
-0.000567841
0.000317237
0.00080967
0.000983899
0.00102177
-0.00159776
0.00745566
-0.00252888
-0.00100142
-0.00161466
0.000545914
-0.00149474
0.00122169
0.00140803
6.71065e-05
-0.00231859
0.00159635
0.00071779
4.44845e-06
0.00044679
-0.00321749
0.00251437
-3.79445e-05
0.000726554
-0.00084011
0.00232282
0.000113639
0.00473177
0.00232504
-0.00174296
-0.00531385
-0.00170888
0.00533382
0.00110683
-0.0127587
-0.0175061
0.00455005
0.0107998
-0.012148
0.00542309
-0.000485587
0.00299847
0.00229897
-0.00279518
0.00242672
-0.00193051
0.000862755
0.000425338
-0.000375304
-0.000654471
-0.00030676
0.000403834
8.62044e-05
-0.00496772
0.0083162
-0.00235369
0.00574024
0.00464601
-0.00193033
-0.00412911
0.00787455
0.00315134
0.00343657
0.00577982
2.00652e-05
0.00200949
0.000288902
3.91882e-05
0.000717205
0.00568111
0.00411345
0.00277022
-0.00229484
0.000822031
0.000530031
0.000249605
0.00239528
-0.00093846
0.00345537
-0.00162893
-0.00071765
-0.00110878
0.000573206
0.00111788
0.00141049
-0.00466979
-0.00280604
-0.00220688
0.000548122
-0.00120484
-0.00251338
-0.00079215
-0.00270636
0.00395042
-0.00111709
0.00313448
-0.00186043
0.00310109
-0.000169993
-0.00104993
0.00232197
-0.000709943
0.0012464
0.000263028
-0.000931576
0.000250683
-0.00220732
0.00162617
-0.00149845
0.000209618
0.00143403
0.00141411
-0.00327943
0.00134903
-0.000305603
0.00132738
0.00195087
-0.00284743
0.00120945
0.00217425
-0.000573672
-0.000273193
-0.00109441
0.00455512
-0.00326119
-0.000199518
-0.0033007
0.001034
0.00463548
-0.00236878
0.00206484
-0.00378142
0.00234295
-0.00171155
-0.00263053
0.0024549
0.00188718
-0.00302929
-0.00117414
0.00234453
-0.00070009
0.000233718
-0.000240669
0.000567417
-0.0138443
0.0108981
0.00566338
0.0107665
0.00735881
-0.0155043
0.00320097
-0.00127539
0.00586762
-0.00969447
-0.00210258
0.00298431
0.00568628
0.00467011
-0.00152781
0.00825323
-0.000408469
0.000239037
0.000567453
-0.00069263
-9.10238e-05
-0.000800607
0.000275771
-3.15057e-05
-5.36729e-05
0.000691338
-0.0010507
-0.000336841
0.00345322
-0.00588271
0.0173729
0.00310512
0.00362014
0.0165635
0.00365105
-0.0154607
-0.00145455
9.63673e-05
-0.000942433
-0.00245264
0.00411953
0.000128953
0.00152321
-0.000868444
-0.0148092
-0.00189728
-0.00143606
-0.000297556
0.000585524
0.000344124
0.00055475
0.000182469
-0.000137571
-0.000199307
-8.12533e-05
3.27875e-05
-0.000613578
-0.00427586
-0.00391043
0.000915954
-0.000494575
0.00376898
-0.000124479
-0.000495388
-0.000136156
-9.02232e-05
-0.000213605
-0.000211101
0.000178745
-5.36557e-06
3.77222e-05
0.000576268
-0.00187112
0.00113656
-0.000734652
-0.000408885
-0.00190293
0.0017452
0.000172914
-0.000326766
-0.00111911
-0.00660705
0.00487858
0.00371047
-0.000235289
-5.07295e-05
0.000888573
0.000793837
-0.00230486
0.00139832
0.000746985
-0.00109217
2.88507e-05
0.000316332
0.000223513
-9.98262e-07
-0.000772257
-0.000107939
0.000111887
-0.000170114
5.82276e-05
-0.000314676
0.00129324
-0.000499
-1.7292e-05
-0.000157568
-0.00149006
0.00192284
0.00242767
-0.00102552
-0.000536073
0.00110115
-2.14276e-05
0.000801167
5.22575e-05
-0.000403326
4.20405e-05
-8.63469e-05
4.43064e-05
-3.3473e-05
-0.000151969
-0.000144257
-4.11951e-06
-0.000247557
0.00132904
-0.00107737
-0.00103307
-0.00318927
-0.0029997
0.000833086
-0.000786061
-0.000143477
-0.00039069
-0.00319693
2.48672e-05
-0.000434948
4.89089e-05
6.08269e-06
-4.17607e-05
-0.000273891
0.00168282
0.000710356
0.00179327
-0.0012431
-0.000527074
-0.00310265
0.00364941
-0.0036976
-6.89648e-05
0.00077427
-0.00025685
0.00070857
-0.00041493
-0.000362605
3.35742e-05
0.000418371
0.000347865
-0.000493339
-0.00214204
0.000931534
-0.000354197
0.000782239
0.000199026
-0.00131036
-0.000666534
0.00177787
-0.0086021
0.00952467
-0.000689926
-0.00930813
0.0101174
-0.00234314
-0.000392791
0.000751817
0.000690894
-0.00235243
-0.000799954
-0.000861901
0.00142436
0.000237493
-0.00163081
-0.00021533
-0.00204436
-0.000246875
-0.000507405
-1.21496e-06
0.000633201
-0.000584668
-4.73179e-05
0.00193111
-0.00049922
0.00109026
0.000111245
0.000414052
-0.00117891
-0.000156748
-0.000369288
0.00178144
-0.00702762
0.00441828
-0.00401465
0.00133881
0.0019324
9.03642e-05
3.80913e-05
0.00362129
0.00382038
0.00437369
-4.15308e-05
-0.0007416
0.000990953
-0.000546908
-0.00121784
6.42352e-05
-0.000674493
0.00358016
-0.0130994
-0.0091537
0.0129151
0.00140506
-0.00142655
-0.00585728
-0.00219927
-0.0104772
-0.0018314
9.73743e-05
-9.67097e-05
0.00151085
0.00780429
-0.00581915
-0.00124095
1.12376e-05
0.000939807
-0.000766299
-7.45552e-05
0.00162864
0.00244731
-0.0110807
0.0103692
-0.00164863
-0.000905143
-0.00172756
0.0319644
-0.00206345
0.00414685
0.00260162
0.000196709
-0.00260307
-0.000195263
-0.00154699
-0.0172542
-0.000553218
0.00181514
0.000170758
0.000621338
-3.5809e-06
0.000736156
0.00269139
0.000495671
-0.000893488
0.000416268
-0.000433321
0.000910541
0.000486384
0.00158363
-0.000768026
0.000516545
-0.00133214
0.000117385
0.000955447
0.00253391
0.00071512
0.000727374
-0.00364829
-0.00229893
0.00106899
-0.00176586
-0.00272788
-0.00154295
0.000921014
0.00101978
0.0102471
0.000327203
0.000852544
-0.000377281
-0.000233346
0.00165667
0.0063003
0.00348978
0.00119843
0.00109862
-0.000915067
-0.0021885
0.00130661
-0.000223899
-0.000521162
-0.00944489
0.00520282
-0.00165278
-0.00102258
0.00140564
0.0134505
8.26408e-05
0.00545719
0.000970216
-0.00651005
0.0069092
-0.00720714
0.0014353
-0.0013034
0.00111281
-0.00143827
0.000293245
4.71232e-05
-0.00309051
-0.0113267
-0.00280544
0.00546565
-0.00335774
-0.00188327
-0.00228724
0.00166285
0.00149455
-0.000714393
0.000886634
-0.00402874
0.0018828
-0.000141771
-0.00604183
-0.00172237
-0.00923857
-0.00252425
0.0134852
0.000678856
-0.00656708
0.00646844
-0.00250842
0.00260706
-3.49455e-05
0.000286421
0.00253932
0.00275534
-0.00208591
6.7534e-06
0.000142388
-0.000893304
-0.00132821
0.000898753
0.000440355
0.000499266
-0.000232181
-0.000242414
-0.000239004
-0.000394538
-0.0010487
0.00451245
-0.000667893
0.00788544
-0.00878307
-0.0055459
0.0263739
0.00187571
-0.00025044
0.000607755
0.000633493
-0.000492054
0.00023319
-0.00086879
0.0006356
-0.00219108
0.00154893
0.00184073
-0.00174319
-0.00189912
0.00124126
-0.00197343
0.00263129
-0.000583203
0.00106499
-0.00140933
0.000873246
0.00355428
-0.00269331
-0.00180438
0.000395875
-0.00101772
0.000632301
-0.000510664
0.00212395
-0.00304653
-0.00140943
0.00186885
-0.00216211
0.000813769
-0.000181468
-0.00247777
0.00251197
-0.000651465
0.00116626
0.000931765
-0.000999774
-0.000576579
-0.000237063
-0.00050377
-0.0066323
0.000209931
0.000476865
-0.00246272
0.00177593
0.00654125
-0.00409243
-0.00847023
-0.00330581
-0.00206823
0.00124205
-0.00130135
-0.000813658
0.000872965
-0.00332959
0.000842403
-0.000881989
-0.00700544
0.00464993
0.0037583
-0.00140279
-0.00170062
0.00180426
-0.00388585
-0.00286347
0.00494507
0.0032191
-0.00307733
0.000215677
-0.000129065
-0.000175975
0.00926896
0.00190781
-0.00513956
-0.000953656
0.000578878
-0.000784099
0.000152634
-0.000449077
-9.98087e-06
0.00055059
-9.15324e-05
0.000757511
-6.5496e-05
-0.000664387
0.00261264
0.000204926
7.10721e-05
0.00053223
0.000452402
0.00133137
-0.00109288
-1.88235e-05
0.000334228
-0.000524417
0.000415752
0.000108665
5.81023e-05
0.000300107
0.000317065
-0.000667308
-0.0147687
0.000318407
0.000618078
0.000786739
-5.64586e-05
-0.000305753
0.000164691
-0.000408664
0.000302076
8.77846e-05
-0.000159738
0.000290704
-0.000124532
-0.00259699
-0.000220284
0.00466909
0.00128781
-0.000855422
0.000410168
-0.0008564
-0.00516201
0.000208896
-0.000491207
-8.04959e-06
0.000276881
0.00257868
-0.000143789
0.00252019
-0.00295287
-0.00302847
-0.0142609
-0.000872362
0.00223138
-0.00602784
-0.00245743
0.00382764
0.001218
-0.0035794
5.20939e-05
-2.71099e-05
-0.00582832
-0.00278419
-0.00293786
0.00183726
-0.00224604
-0.00281716
-9.88099e-05
-0.00823971
-0.00278219
-0.00053155
-0.00399212
0.00959661
-0.00704113
-0.00465634
0.00182109
-0.00112237
-0.00377227
0.000186346
0.00241731
0.00046435
0.000170635
0.000590068
-0.000460596
0.00010744
-9.86708e-05
-0.00126473
0.00221196
-0.000833594
0.000691661
-0.00113185
-0.00346556
-0.00184833
-0.000651652
-0.0180841
-0.0114482
0.00426466
0.00959603
0.00239825
-0.00477547
-0.000199901
0.00257712
7.1008e-05
-0.00359976
0.010097
0.000311696
-0.00910803
-0.00893065
0.00461625
-0.000951474
0.00470558
0.00255986
-0.00238718
0.00992434
0.000327014
-0.000731852
0.000529578
-0.000154134
0.000702979
0.000942208
0.00112465
-0.000577244
0.000214998
0.00638691
0.000490024
-0.00119582
0.0011588
-0.0016603
-0.000890426
-0.00110468
-0.000388694
0.000590219
0.00110943
-0.00153821
0.000300099
-0.000341531
0.000263107
-3.4253e-05
0.000937927
0.00081535
1.05365e-05
0.000253659
-0.00278546
0.00133532
0.000573626
0.00222108
-0.00167235
0.00205289
-0.00279153
0.000888445
-0.000882377
6.1733e-05
-0.000224905
-0.000251442
0.000231816
1.75514e-05
0.000801885
0.00115094
0.0015928
-0.0021231
0.00168061
0.000505411
0.00289543
0.00286984
-0.00190089
-0.000940605
-0.000663335
-0.00366263
0.000316226
0.00170289
0.00094673
0.000380473
-0.00524607
0.00211889
-0.0013527
-0.00812191
0.000714463
-0.0024867
0.000687877
-0.000142816
0.000101414
0.000516532
0.00185342
0.00257886
-0.0014735
-8.61943e-05
-0.00176822
0.000971482
-0.0302462
-0.0139423
0.043217
9.62641e-05
-0.000158349
0.00295281
-0.00341292
-0.00754636
-0.000799806
0.000667145
0.0044052
6.94246e-06
-0.000861019
-0.00199205
0.00117151
-0.000128978
-0.000178416
-0.000830537
-0.000565408
-0.00348488
-0.00110471
0.00157666
0.000628039
0.0014633
-0.00244442
-0.000389965
0.000549077
0.00311197
-0.00504568
-0.00742591
-0.00591916
-6.20166e-05
0.0219647
0.0131593
0.00137201
-0.00268537
0.00054397
-0.000216737
-0.0049109
0.00373929
0.00284182
-0.00387608
-0.00270503
-0.00671839
0.00316474
-0.00236231
0.000642159
0.00152259
0.000124942
0.000269155
-0.000394097
0.000917902
-0.00155836
-5.4049e-05
0.00113757
-0.000509426
0.00068358
0.000753645
-0.00129179
9.69113e-05
-0.000302562
-0.00086253
0.00141355
-0.000571373
-0.000159718
-0.00679462
0.000456435
0.00258007
0.000795402
-0.00375666
0.00261996
-0.00222481
0.00336892
0.000488233
0.000308086
-0.000247154
0.00100888
0.00585187
0.000587395
-0.0017161
-0.00267937
0.00218542
0.000287459
-0.00287818
0.00348652
0.008737
-0.0101458
0.000247539
-0.00228758
0.00166833
0.0049258
-0.000162201
-0.00188371
0.00281637
-0.000277576
0.00453233
5.28977e-05
7.17733e-05
0.0044231
0.00895053
-0.00959861
-0.00353181
0.00453987
0.00109239
-0.00282842
0.00148642
-0.000725042
-0.000877703
0.00678627
-0.00780882
-0.00131574
0.0108311
0.00399714
8.30601e-05
0.000993069
-0.00270762
0.00410654
-0.0074765
-0.00308416
-0.00887596
0.000310635
-0.000363175
0.00903123
-0.00146611
-0.00509663
0.0141873
0.00104105
0.0013209
-0.000874899
-0.000479261
0.00243321
-0.000617623
0.00394294
0.000349035
-0.00012522
-0.00331536
0.00341597
-0.000763948
-0.00708352
0.0107938
0.00274
-0.000387371
0.00280339
-0.00942709
0.0169268
-0.0105309
0.0196566
0.00352649
-0.00194452
-0.00547245
0.00218594
0.0038415
-0.00021212
-0.000262774
-0.000154986
0.000549626
-0.000515427
-0.000705075
-0.000475987
-0.000388259
-0.000605716
0.000899541
0.000880241
-3.72894e-05
0.00026474
-0.000214404
-0.000708379
7.31883e-05
0.000185762
0.000449429
0.000403503
0.000408414
0.000115997
0.00110804
-0.000907708
0.00299774
0.00126913
0.00056923
0.00829521
-0.0117816
0.00579563
-0.000897784
0.00333002
-0.000440068
-0.000126122
-0.00264123
-0.000348251
0.000904938
0.00102812
-0.000622854
-0.000559589
0.000350749
0.000249729
0.000390234
0.000495385
0.000517353
-0.000948848
0.000169835
-0.000735136
-0.000514643
0.00107994
0.0017511
0.00231171
0.0130775
0.0002582
0.00127361
0.00239501
-0.000257866
0.00454791
-0.00538393
0.00268945
-0.00425054
-0.00256578
0.00483824
0.00489661
-0.00229131
0.00192843
-0.0016839
0.00108061
0.000401722
0.000101221
-0.00104834
0.0213605
-0.000761762
-0.001182
0.00101849
-0.000102359
-0.00665082
-0.00541936
-0.000221982
0.000877133
0.00100759
0.000513161
-0.000696939
0.000108732
-0.000541439
0.00288162
0.00523363
-0.00619011
-0.0100244
0.0115995
-0.00422261
0.000685387
0.003168
-0.00688576
0.00276299
-0.00130443
-0.00254471
-7.2213e-05
-0.000942737
-0.000974411
-0.000523635
0.00513772
0.00639386
-0.0133349
-0.0032097
-0.00146743
-0.00401813
0.0017309
0.000120206
-7.95308e-05
-0.000464236
-0.000569588
0.00163274
-0.00292785
-0.000746622
-0.000188322
0.000781206
0.000153738
-0.000896376
-0.00176191
-0.000371003
0.000146395
-0.000561325
-0.0150542
-0.00205549
-0.00141054
0.00759344
-0.0226311
0.00593814
0.00135243
0.00916416
0.0111365
-0.00461681
0.0240329
0.00441105
0.011886
-0.00071377
2.04272e-07
-0.00067514
-0.00103986
0.000560542
-0.000988759
0.000580531
-0.000819896
-0.00241766
0.00120463
0.000789013
0.0083716
-0.00814017
-0.00188531
-0.000762985
-0.000362035
-0.00149798
-0.000483327
-0.00257128
0.000926227
0.000568012
0.000817381
0.000691315
0.000308573
-0.000833552
0.00113045
-0.000897141
-0.000233309
-0.000696561
0.000442772
0.000521454
0.0013069
-0.00258763
0.00113928
-0.00200531
0.00086463
-0.000683076
0.000640415
0.000229906
0.000157175
0.000434145
0.00421584
0.00256252
0.00385023
0.00101643
0.00259017
-0.00200736
0.000614171
-0.000427893
8.34294e-05
8.91513e-05
0.00011948
-0.000256089
-0.000565322
-4.26895e-05
0.000620226
-0.00368381
0.000765542
0.000881746
-0.00467016
0.00192831
-0.00112111
-0.000267882
0.0015863
0.00109889
-0.00325478
0.000647752
6.15343e-05
-0.000149441
8.76207e-05
-0.000882575
5.16585e-05
-0.000125368
0.000972514
-0.00250988
0.00323151
-0.000153208
-0.00531434
0.000212191
0.00116446
-0.000290774
-0.00031788
-0.000188941
-0.000270807
0.0021015
-0.00144543
-1.39162e-05
-0.00482439
0.0116244
-0.000497076
0.00101514
-0.00980065
-0.00157462
0.000995854
0.00328806
-0.00218394
0.00335759
-0.00177698
0.00279909
0.000241208
-0.00235904
-0.000466688
-0.0048345
0.00594373
-0.000416873
0.000442271
0.00257828
0.00320869
-0.00634701
-0.000407743
-0.00124977
-0.000651265
-0.000328085
-0.00196061
-0.00294785
-0.000337887
0.00223672
-0.00145704
0.0052673
-0.00640926
0.00210815
-0.0142629
-0.00214393
0.0037122
-0.00675496
0.00771262
0.0121991
-0.0131568
0.0171326
-0.0319774
-0.00326225
-0.00621915
-0.00425221
0.00767664
-0.000733494
-0.00118199
-0.00873166
-0.00350709
0.00453254
0.00204399
-0.00489477
-0.00685974
0.000186416
-0.000294116
0.00535595
0.00613367
-0.00117287
0.00435064
0.00700374
-0.00073389
0.00245288
0.0092725
-0.0136246
-0.00413428
0.000590295
0.00012506
0.000700631
0.000455095
-0.000416388
-0.000726404
-6.26295e-05
0.0019099
0.00368815
0.00297264
-0.00284609
-0.000271581
0.000198425
-0.00022541
0.000123642
0.00332827
-0.00264711
0.000225421
0.000332976
-0.000242154
0.00148583
-0.00155903
-0.00151608
-0.000896525
0.000459789
-0.000164924
-0.000664119
0.000425152
-0.000636597
0.000546851
-0.000335406
-0.000390513
4.39507e-05
-0.00043391
0.00042813
-0.000255565
-0.000683457
-0.000540003
0.00144047
0.000508877
0.000297732
0.000280876
-0.000772393
-0.000673434
0.00122264
0.000619365
0.00111264
0.000781675
0.00142326
-0.00265739
0.0011605
-0.00590443
0.0123299
0.00466126
0.0081696
0.0125398
-0.0247595
0.0397002
0.00195344
-0.0311272
0.0219236
0.00173178
2.5859e-05
-0.00221258
0.00100708
-0.000539959
0.00107024
0.0012734
0.000290309
-0.00110718
-0.0012518
-0.000336885
0.000204591
8.52892e-05
-0.000302027
-0.000518346
-0.00155352
0.00045633
-0.0112826
-0.00283724
-0.00266542
-0.00454975
0.000182179
-0.00956901
-0.00571393
0.000247604
-0.00261872
0.0096816
-0.00650688
-0.000393063
-0.004998
-0.00230122
0.00479412
-0.00390345
0.000515325
0.000630172
0.00262388
-0.00199722
-0.0005444
0.000535548
-0.000344396
-0.000441665
0.0135703
-0.011071
0.00441104
-0.00412808
0.00935059
0.000172453
0.00102882
-0.0147131
-0.011052
0.00010155
-6.62067e-05
0.0238282
0.00258735
0.0012293
0.0026561
-0.0117364
0.00162535
-0.00110768
8.42225e-05
-0.0022138
-0.000261508
-0.0055975
0.000901091
0.0117922
0.00542703
0.0038406
0.000807401
0.00187492
0.00262453
0.00109047
-0.0021372
-0.000933069
0.000247085
-0.00662084
-0.00383441
0.00359175
-0.00781131
-0.00195738
0.00590056
-0.00226985
0.000158234
0.000947883
-0.00510183
-0.000769816
-0.00120251
-0.00038259
0.00110269
-0.0038794
0.00115127
-0.00160558
7.72046e-05
0.00106813
-0.00116783
-0.00139966
0.000624636
0.00107287
0.000278688
0.00250652
-0.00036526
0.00108859
-0.000626538
0.00315644
-0.000205364
0.0002
0.00469483
0.000901833
-0.000830565
-0.0168572
0.0130608
-0.00798816
-0.0188239
0.00246441
-0.014801
-0.00483578
0.00297503
-0.00149811
-0.000572854
0.00025578
0.00263744
0.00127384
0.000611263
-0.000378881
0.000768323
0.00126823
0.00114337
0.00265001
0.0117623
0.0082031
-0.00476799
0.000850453
0.000723124
0.000347164
-0.000575251
0.00153337
-0.000323273
0.000184687
0.0010137
-0.0010608
-0.000892902
-0.00189542
0.000108726
0.00114839
-0.000885436
-0.00362321
-0.0159399
-0.001299
-0.00302687
0.00501818
-0.00223625
-0.00341807
-0.00167209
6.62754e-05
8.59856e-05
6.18082e-05
-0.00122821
0.00102368
0.00102257
-0.0018495
-0.00165229
-0.000392315
0.000895639
-0.000475049
-0.00571348
-0.000157371
-0.00140468
-0.00387803
0.00201065
0.0117322
-0.0115519
-0.000880982
0.0117264
-0.00255021
-0.0104002
0.0089074
-0.00268304
-0.0041148
0.00174668
-9.47038e-06
0.000532653
0.00141833
-0.000647783
0.00179819
-0.000689661
-0.00408378
-0.00160267
-0.00104852
-0.00160787
-0.000559226
0.00140411
-0.00306581
0.00310286
0.0010857
-0.000672477
-0.000733861
0.000406613
0.000157107
-0.00272664
0.000761215
0.00376961
0.00645147
0.00725356
-0.00736342
-0.00943294
0.00339251
-0.00239869
-0.00519186
0.00320948
-0.00104731
-0.00500909
0.00768191
-0.000326285
0.00671888
-0.000675637
0.011039
0.00656351
-0.00665013
-0.00225349
0.00719874
0.00855007
-0.000410618
-0.000221215
-0.0118815
0.0187296
-0.012318
-0.00131307
-0.000580828
0.00105929
-3.844e-06
-0.00107494
-6.89529e-05
0.00160449
0.00113466
0.00271664
0.00280872
0.00138708
0.00559428
0.000367038
0.0175862
0.0142654
-0.00781874
0.000637847
-0.00150692
0.00505634
-0.00820278
0.00631862
-0.00439307
-0.00114849
-0.00191079
0.000413711
0.000295263
-0.000918242
0.000617584
0.00110472
-0.00157533
0.000486106
-0.000248513
-0.00215427
7.87406e-05
0.000360434
0.00320048
-0.00175467
0.000873785
-0.00213273
0.000608585
-0.0111631
0.0012738
-0.00170603
-0.000501805
-0.00592312
0.0116431
0.00547179
-0.00939724
-0.0163794
-0.00210441
0.00018259
0.00121474
-0.00127628
0.000750586
-0.000344204
-0.000830878
-0.00463863
-0.00375953
-0.000789302
0.000733824
0.00259063
-0.00116295
-0.00132564
0.00374499
-0.00214101
0.00315447
-0.00681057
0.000892524
0.00050179
-6.23366e-05
0.00201846
0.00123274
-0.00117533
0.00253891
0.00329528
-0.00302674
-0.00143606
0.00258614
0.000202497
-0.000609281
-0.00031332
0.00384605
-0.00364658
0.00449536
-0.0123419
-0.00371671
0.00508852
-0.00218359
-0.00216311
-0.00329273
-0.0015961
-0.0101558
0.00878009
-0.00101796
-0.00178492
5.3907e-06
-0.00179175
0.000714684
0.000194007
-0.00011455
-1.83195e-05
-5.30062e-06
-0.00147646
-0.000278089
0.00199356
0.000306616
-0.000368308
0.00104547
0.000699484
-0.00028
-0.00160668
-0.000199012
0.000829436
0.00323829
0.000590012
0.000414572
-0.000470558
3.46938e-05
-0.00291067
0.00260015
0.00182274
0.00483155
0.00193446
-0.00154873
0.00465204
0.00225396
0.00576242
0.006962
-0.00122145
-0.00028336
0.00112703
0.00052574
0.0164375
-0.000446643
0.00340907
-0.00490541
-0.00608925
-0.00392356
-0.00551378
0.00409215
0.000610327
0.00384738
-0.00438148
0.00305545
-0.00634955
-0.00114995
0.000786101
-0.00115776
0.00316732
-0.013493
-0.00756616
-0.00296811
0.000796109
0.00932897
-1.75589e-05
0.0119607
-0.00674129
-0.000312189
-0.00348998
0.0020306
-0.000609404
-0.000317025
-0.0009777
0.000151064
-6.93285e-05
-0.000235507
-0.00102313
-0.00312626
-0.0023392
-0.00198066
-0.000966476
-0.00386086
-1.66607e-05
0.00334756
0.00232026
-0.00125069
0.00534255
0.00245574
-0.00281158
0.00516678
0.0213033
-0.000780513
-0.00434577
-0.00010284
0.00191851
-0.00448932
0.00132168
-0.00665198
-0.00687291
-0.00243031
1.43064e-05
-0.00158425
0.00171757
0.000860747
-0.0014319
3.88804e-05
0.00105286
-0.000350437
-9.03344e-05
0.000793969
-0.00127073
0.000802065
0.000476439
-0.000520496
0.000594043
-0.000408775
0.00268766
0.00291149
0.00256319
0.00326682
0.00052184
-0.00153338
0.000576018
0.00138894
0.00130398
0.00213551
-0.00227871
0.00726419
-0.00337684
-0.0011481
0.00603598
0.00140069
-0.0027901
-0.000515062
0.000133477
-0.00064155
-0.00050122
0.000627295
-0.00162459
-0.00168089
-0.00331471
0.0040115
-0.00141452
-0.00117457
-3.60455e-05
-0.000613615
0.000211744
1.55275e-05
0.000394432
0.000374813
0.00110636
5.59091e-05
0.0031896
-0.00298092
-0.00231869
0.0111057
0.00100376
0.00234082
0.000455235
-0.00550524
0.00436022
-0.000518263
-0.000113843
0.000589
-0.000210053
0.000512318
0.00105962
-0.000112089
-0.000282141
-0.000121124
0.0356666
0.0305919
-0.0063297
0.00248109
0.00820795
0.000747777
9.14237e-05
0.00407992
-0.00151153
-0.00031969
-0.0138097
-8.27513e-05
0.000661343
0.00249728
-0.00351671
-0.00277112
-3.03521e-05
0.0003889
-0.00145749
0.0214477
-0.0177657
-0.00334734
0.00500048
0.00361398
-0.0028672
-0.00429875
0.00319789
0.00654337
-0.00346074
-0.00502679
0.00536019
0.00579464
0.000406795
-0.000149125
-0.00246824
0.00452817
0.000286492
0.000662386
-0.00109734
-0.000533426
-0.0015559
0.00597647
0.00650731
-0.021993
0.0057302
-0.0150147
0.00184234
-1.58069e-05
0.00207822
-0.000700962
-0.000455476
-0.00157947
-0.00103961
0.0049604
8.97393e-06
-0.00056817
-0.00153833
0.00277177
0.00221763
0.00035315
-0.00826144
-0.00519419
-0.0050784
0.00682319
0.000266925
-7.42884e-05
-0.00121438
0.000544058
3.45252e-06
0.0064195
-0.000377415
-0.000388847
-7.66995e-05
-0.0021025
0.000315266
0.00143383
-0.000258157
-0.00167917
-0.000328469
-0.00148021
0.000699758
-0.00042869
-0.0013814
0.00288112
0.000498792
-0.00166858
-0.000233309
-0.000560816
0.000387213
-0.00139751
-0.000802319
0.000148911
0.000292933
0.000328144
-0.000802196
5.05475e-05
-0.000647702
0.000349135
-0.000509515
-5.17936e-05
0.000561309
0.0044588
-0.0069036
-0.00149381
-0.000962534
-0.0124011
0.0145581
-0.0031016
0.0102822
0.00413752
0.00218952
0.0124222
9.6528e-05
-0.0003948
-0.000459137
-3.83108e-06
-0.00264941
-0.000449401
-0.00195357
-0.000412573
-0.000825273
0.000520598
0.000273447
0.000397177
-0.000209809
-0.000658263
-0.000835149
-0.00190275
-0.00063138
0.000573876
0.000171281
-0.000482004
0.000267567
-0.00668889
0.0112113
0.00306766
0.000268094
-0.00369838
0.00395095
-0.00281791
-2.05045e-05
0.00069174
0.000402655
0.0014574
3.17782e-05
-0.000245825
-0.000597009
-0.000941405
0.00125305
0.000514677
-0.00324419
0.000310152
0.00958878
0.00591871
0.00162867
0.0162233
-0.00517842
0.000464837
0.00127931
-0.00332389
0.00572916
-0.00325841
0.0140022
0.00825713
-0.0129801
0.00478896
-0.00142782
-0.00316854
0.00614688
-0.0161073
0.00074089
-0.00333842
-0.00161949
-0.00045381
0.00148998
0.00280443
0.000795578
0.0105834
0.00106432
0.00273567
0.00386695
-0.000393691
-0.00327068
0.000768651
-0.00127862
-5.80267e-05
-0.000183545
-0.00718503
-0.00169611
-0.000952964
-0.0076515
0.00267552
0.00196273
-0.00142018
0.0015883
-0.00273465
0.00060183
-0.000149128
-0.0027126
0.0010381
0.000366868
7.39329e-05
0.0015528
0.000833822
-0.000770862
-0.000706562
0.000854495
-0.000855691
-0.00209752
-0.000531323
-0.000375913
0.00171284
-0.00194762
0.00327156
0.000976563
0.00245217
0.00489931
0.00856609
0.00386426
0.000314908
-0.00692154
0.0132597
-0.00412575
0.00208308
0.00397474
-0.00343423
-0.0115179
-0.000749441
-9.14304e-05
-0.00214351
-0.00185135
-0.00103566
-0.000261078
-0.000154887
6.09084e-05
0.0016106
0.000100486
0.000913622
-0.000748735
-0.00111561
0.00195703
-0.000123575
0.00333275
-0.00507924
-0.00120415
-0.00115219
0.0138379
-0.00402348
-0.00127481
0.0350667
6.31894e-05
-0.00112778
0.000766262
0.00050455
0.000908333
0.00307129
-0.00194985
0.00289663
-6.37988e-06
0.000526849
-8.88985e-05
-0.000237811
0.00172235
-0.000674669
0.00154581
-1.73238e-05
3.94844e-05
0.00264426
-6.91103e-05
-0.000530742
-0.00277269
0.00215468
-3.77461e-05
0.00230046
-0.000564604
-0.00145402
0.000744513
8.76821e-05
-0.000360624
-0.000552533
-0.00430064
-0.000427335
0.000466433
0.00325123
0.000352593
0.000569363
0.000461575
0.0124297
-0.000739685
-0.00445366
-0.00136684
0.0042122
0.00062349
0.0001834
0.00147442
0.00393573
0.0018602
-0.00375653
0.00172075
-0.00320205
0.0117663
-0.00175077
-0.000784304
-0.000145109
-0.00161095
0.00131542
0.000845333
-0.00327471
0.00218773
-0.00104374
-0.000531431
-0.000388874
0.000719836
0.00171325
0.00081901
-0.00631478
-0.000146022
-0.00129118
0.00300178
0.000885687
-0.000176078
-0.000220755
0.000806822
0.00040247
0.000311291
-0.00334651
-0.000975018
-0.00194428
0.00160329
-0.000633905
-0.000230982
0.00400293
-0.00212552
-0.00406456
0.0151095
0.0220268
0.00277899
0.0207329
0.000949611
-0.00264383
-0.00043303
0.00488342
0.0043901
0.00213462
-5.60041e-08
-0.000122671
0.000969469
0.0017679
-0.00159066
0.000173636
0.000162758
0.000273499
-0.000137421
0.000549177
-0.00207491
-0.00542977
0.00104503
0.0011568
-0.00181979
-0.00423219
-0.00518382
-0.00338931
-0.00015237
-0.0042007
0.000387595
-0.000338531
0.00814722
0.000830007
-0.00118838
0.00332403
-0.0112143
-0.000580341
0.00254723
0.00804188
-0.0256686
-0.00071267
-0.000542324
0.000321095
-0.00019181
0.00136586
-0.000842201
-9.29335e-05
-0.000351012
0.000306154
-0.000193866
-0.000491846
-0.00111912
0.000464039
-0.000567013
-0.000536405
-0.0018374
4.3663e-06
-0.000869751
-5.66784e-05
0.00137478
0.00113145
0.00282181
5.26931e-06
-0.00136224
0.000621186
-0.00231451
-0.00713429
0.0013289
-0.00157576
5.77162e-05
0.000963331
-0.00195237
-0.000216257
-0.0100204
-0.000280207
0.012362
0.00289016
0.00349381
0.00856932
-0.00169601
0.0020118
0.0149362
-0.000391879
-0.000722841
0.0020818
0.00566977
0.00450077
-0.000161596
0.00167955
-3.12376e-05
-0.000787774
-0.00245587
0.000102922
-0.000406322
-0.000362432
-0.000482778
0.00389515
-0.00039773
-0.000306864
0.000101116
-0.000751813
0.0077427
0.00104186
-0.00450735
-0.00194269
0.00200348
0.000258216
-0.00233923
6.50262e-05
-0.000128686
0.00395983
-0.00398259
-0.0100997
0.0065345
-1.48366e-05
0.00383998
0.00158345
0.00155908
0.000603089
-8.68968e-05
-0.00288595
0.00111906
7.63144e-05
-0.0101024
-3.39826e-05
-0.000643492
0.000331141
0.00049282
)
;

boundaryField
{
    outlet
    {
        type            calculated;
        value           nonuniform List<scalar> 0();
    }
    walls
    {
        type            calculated;
        value           uniform 0;
    }
    inlet
    {
        type            calculated;
        value           nonuniform List<scalar> 0();
    }
    model
    {
        type            calculated;
        value           uniform 0;
    }
    procBoundary9to6
    {
        type            processor;
        value           nonuniform List<scalar> 
131
(
0.000411291
-0.00670776
-0.0181737
-0.0100641
-0.00896711
-0.00171675
0.0020728
-0.00317202
-0.0306703
-0.0171403
-0.0270447
-0.0324586
-0.00169176
-0.0163279
-0.0287239
-0.0202748
-0.00608643
-0.0119376
-0.0171952
-0.0176831
-0.0339222
-0.00703534
-0.0391889
-0.0363705
-0.0113487
-0.00589285
-0.00413247
-0.0115085
-0.0388904
-0.000295105
-0.0120543
-0.00650605
-0.0200907
-0.0197538
0.000532833
-0.000403379
-0.0105083
-0.00977739
-0.00197888
-0.0137913
-0.00457369
-1.79061e-06
-0.000222111
0.000823771
0.00182589
-0.00796717
-0.0164568
-0.00749873
-0.0129332
0.000117024
-0.027956
-0.0252238
-0.00236335
-0.00911566
-0.00555693
-0.00367576
-0.00511241
-0.00364925
0.000422543
-0.000208733
-0.00632859
-0.0126947
-0.00873018
-0.0164747
-0.00160663
-0.000264907
-0.00861683
0.0025785
-0.00570593
-0.0129552
-0.00444633
-0.0318932
-0.0551286
-0.00169977
-0.0150316
-0.024038
-0.000179552
-0.000827741
-0.00465455
0.000591846
0.000729939
-0.0071411
-0.000697302
-0.00964343
-7.23854e-05
-0.00572533
-0.00766849
-0.0449826
-0.0267605
-0.00424074
-0.00872785
5.18516e-05
0.00172233
-0.0114268
-1.16933e-05
-0.000315067
-0.00742499
-0.0111361
-0.00613697
7.17266e-05
-0.0125365
-0.00104693
-0.0237893
-0.0146007
-3.90846e-05
-0.00421235
0.000272189
-0.0106131
-0.0041705
0.000727483
-0.0151738
-0.00782982
-0.01038
-0.00435934
-0.00788294
-0.00646076
-0.00835952
-0.00993751
-0.0151533
-0.00167269
-0.00985325
-0.00195543
-0.00873551
-0.00117602
-0.0148201
-0.0114795
-0.0349874
-0.0114635
-0.00646568
-0.00304522
-0.0242581
)
;
    }
    procBoundary9to8
    {
        type            processor;
        value           nonuniform List<scalar> 
43
(
-0.0371138
0.0355474
-0.00423856
-0.00196181
0.00206789
0.004939
0.00309332
0.00362397
0.0226448
-0.00161704
-0.000743766
-0.00584524
0.0139493
-0.00871841
0.00698397
-0.000564293
0.0182498
0.000724518
0.0157086
-0.00608641
-0.00110431
-0.00126879
0.0110305
0.022556
-0.00715999
-0.0123977
0.0121758
0.0210422
0.00492804
0.0125935
0.0143597
0.000969388
-0.0019142
-0.0007278
-0.0018439
-0.000898849
-0.00469791
0.00189923
0.00036854
-0.0072537
-0.016014
0.017543
-0.00212094
)
;
    }
    procBoundary9to10
    {
        type            processor;
        value           nonuniform List<scalar> 
120
(
0.039499
1.86085e-06
-0.000539063
-0.00055588
-0.000226131
0.0121721
-0.000250384
0.0469062
-0.000149141
-0.000224277
0.0048404
0.00233219
-0.000131131
0.000880119
-0.000227448
6.05899e-05
0.000851717
-0.0003813
0.000874252
-0.000547691
0.000154118
0.000161501
0.00287869
-0.000624458
0.0408915
0.00119773
0.00509738
0.00465038
0.0042302
-0.000218751
-4.3388e-05
0.0002167
-7.11404e-05
0.00173332
0.00120086
-0.000925635
0.00011419
0.0025331
0.000826238
0.0153406
-0.000207394
8.04535e-05
-0.000524609
0.0140665
-0.000543942
0.017163
0.00492304
0.00026168
0.00181526
0.000623052
0.006298
0.00381708
-6.17004e-05
-0.000408063
0.00471911
0.022902
0.00154495
-7.09236e-05
0.00784103
0.000759141
0.0291142
0.00112684
0.0103874
0.00803492
0.00270949
0.0225343
0.00139434
-0.000501166
0.00118868
0.00980743
0.00296363
0.0141288
9.55861e-05
0.0085257
0.0169978
-0.00116714
-0.00111522
-0.00119761
0.0121658
0.000282918
0.00922765
0.00497676
0.00960556
0.00305438
0.00960552
0.00143619
0.00334433
-1.1137e-05
3.63617e-05
0.00491653
0.00338025
0.00204896
0.00277059
0.0110006
-9.89524e-05
-0.000278822
0.00983296
0.00140798
0.0106389
-0.00148394
-0.000486972
0.00175648
0.000429433
4.90784e-05
0.024351
-0.000117778
0.00203369
0.0387728
0.00620495
-9.68469e-05
0.0123723
0.00126447
-0.000407583
0.000236747
0.00540532
-0.00384797
0.00588229
0.00932379
-0.000510185
0.00128525
)
;
    }
    procBoundary9to11
    {
        type            processor;
        value           nonuniform List<scalar> 
138
(
0.0102071
0.00203868
0.00182288
0.00241082
0.0086221
0.00358541
-0.0251966
0.00762831
0.00386779
0.00267394
0.00494128
0.0013428
0.00154296
-0.00120204
0.00576313
0.00758472
0.00307108
0.0120449
0.00176139
0.00363738
0.000608832
0.00142091
0.00201394
0.00297032
0.0044648
-2.45834e-05
-0.00226861
0.00210863
0.0016829
0.00371715
0.00238046
0.000264588
-0.000377628
0.00315562
-0.000808134
0.0053169
0.0140294
-0.00188986
0.0316975
0.00434124
0.00121748
0.0021525
0.00132994
0.00469925
0.00419797
0.00452101
0.00284063
0.00975155
0.0186609
0.00206492
0.00739085
0.0430396
0.00117543
0.00497087
-0.0335683
0.00160892
0.000655018
0.00659123
-0.00454033
0.0108799
0.000621361
0.00578305
0.0014562
0.00308582
0.00764375
0.00202497
0.0292449
-0.00334931
0.00316287
0.00204197
0.00269423
0.00246635
0.00124734
0.000989509
0.0022086
0.00781298
0.00685225
0.00167355
0.00268077
0.00141527
0.00719715
0.00551459
-0.000529327
0.00635139
-0.000251843
0.00355627
0.00189518
0.00320901
0.00121205
0.00317609
-0.00190768
0.00285222
0.00250271
-0.00393226
-0.000246373
-0.000924862
6.17614e-05
0.0125633
0.00287268
0.00112736
0.00196169
0.0117492
-0.000363898
0.00474794
-0.00916786
0.00429879
0.00287815
0.00593732
0.00249171
0.0061958
0.00282615
0.000126596
7.75276e-05
0.00126435
0.00596408
0.0438723
0.0273649
0.0381078
0.00226262
0.00165174
0.00320329
0.0024991
0.00133059
0.00213065
0.0127964
0.0126744
0.00791708
0.00156755
0.00120305
0.00248884
0.00208844
0.00203665
0.00167385
0.0334332
0.00259546
0.00743558
0.00018493
0.00771925
)
;
    }
}


// ************************************************************************* //
