/*--------------------------------*- C++ -*----------------------------------*\
| =========                 |                                                 |
| \\      /  F ield         | OpenFOAM: The Open Source CFD Toolbox           |
|  \\    /   O peration     | Version:  2506                                  |
|   \\  /    A nd           | Website:  www.openfoam.com                      |
|    \\/     M anipulation  |                                                 |
\*---------------------------------------------------------------------------*/
FoamFile
{
    version     2.0;
    format      ascii;
    arch        "LSB;label=32;scalar=64";
    class       volScalarField;
    location    "0.0625936";
    object      nut;
}
// * * * * * * * * * * * * * * * * * * * * * * * * * * * * * * * * * * * * * //

dimensions      [0 2 -1 0 0 0 0];

internalField   nonuniform List<scalar> 
3972
(
0.0037538
0.00303081
0.00686217
0.00620831
0.000345761
0.00290591
0.00319246
0.00301359
0.0033695
0.00126619
0.00242552
0.0034035
0.00406681
0.00626132
0.00659481
0.00709591
0.00682678
0.0026187
0.00634732
0.005393
0.000915331
0.0020269
0.00336647
0.00656324
0.000303161
0.00610896
0.00642326
0.00507836
0.00186728
0.00654966
0.00108677
0.000548102
0.00648035
0.00143444
0.00673272
0.00676219
0.00227531
0.00521901
0.00536227
0.00236323
0.00510118
0.00732516
0.00210761
0.00280055
0.00522903
0.00570322
0.00536158
0.00232982
0.00306272
0.00544385
0.00520433
0.00371879
0.00221827
0.00404084
0.00155843
0.00548999
0.0029001
0.00313597
0.00285288
0.00213282
0.00350784
0.00303981
0.00579942
0.00301976
0.00549959
0.00238556
0.000985725
0.00302406
0.00263874
0.00302856
0.00286239
0.0029979
0.00171518
0.0068499
0.00147892
0.00701834
0.00184774
0.00326084
0.00497448
0.000825441
0.0017956
0.00520109
0.00721698
0.00463123
0.00366464
0.00425197
0.00502968
0.00172733
0.0035357
0.00365752
0.00111955
0.00240854
0.00145225
0.00124199
0.00591416
0.00674844
0.00686795
0.00581489
0.00484335
0.00654401
0.00674234
0.00704176
0.00583435
0.0063625
0.0032736
0.00405863
0.00250411
0.00609237
0.00186586
0.00694187
0.00158813
0.00702655
0.00715471
0.000897317
0.002557
0.00459421
0.00663954
0.00300663
0.00311871
0.0014113
0.000759322
0.00296999
0.00352652
0.00426353
0.00552916
0.00100118
0.00294711
0.00120756
0.00107806
0.000950274
0.00132288
0.00181573
0.00113294
0.000633789
0.00366631
0.00363151
0.00295347
0.00308463
0.00289659
0.00402764
0.00127524
0.0068486
0.00174833
0.00125384
0.00281249
0.00545644
0.0020991
0.00692984
0.00299778
0.00116149
0.0050619
0.0035927
0.0065744
0.00448448
0.00248403
0.00341563
0.00549455
0.00162381
0.00194881
0.000832838
0.00726964
0.00712985
0.00413995
0.00348845
0.00595962
0.00112925
0.00420699
0.00262111
0.00331118
0.00171876
0.00150862
0.0058
0.00707679
0.00714352
0.00654147
0.00638501
0.00493868
0.0071559
0.00706225
0.00712515
0.00483061
0.00318072
0.00381727
0.0020501
0.00683799
0.00687558
0.00632998
0.00554876
0.00655265
0.000177699
0.00667805
0.00685869
0.00112608
0.00684728
0.00608368
0.00664142
0.00701138
0.00421371
0.00331471
0.00542219
0.00642617
0.0035789
0.0025224
0.00507377
0.00682738
0.00436397
0.00647754
0.00233099
0.00277108
0.00350279
0.00261147
0.00445854
0.00138863
0.0013683
0.00629392
0.004264
0.00174472
0.00456501
0.00290295
0.00455124
0.00630595
0.00128154
0.00364513
0.00610623
0.000707607
0.00605118
0.000256612
0.0019305
0.000355654
0.00109785
0.000324398
0.000962744
0.000763456
0.000691752
0.00367963
0.0061235
0.00341359
0.00704217
0.00191552
0.0020355
0.00200913
0.00122328
0.000788276
0.00168407
0.00297799
0.00677849
0.00360203
0.00676626
0.00730344
0.00228803
0.00619237
0.000246491
0.00112562
0.00238923
0.00711122
0.00268554
0.000641963
0.00145637
0.00660981
0.00312474
0.00132036
0.00291204
0.00395285
0.00718147
0.000661501
0.00167095
0.00707187
0.000941101
0.00216229
0.00696708
0.00313994
0.00150938
0.000770012
0.000950292
0.00118851
0.000834331
0.00491152
0.00277516
0.00722771
0.00704562
0.00359026
0.00127181
0.00653043
0.000636783
0.000420921
0.000297698
0.00657868
0.00423105
0.00743969
0.00514601
0.00715607
0.0041832
0.00221599
0.0061581
0.000610998
0.000845415
0.00495444
0.000738872
0.00344413
0.000253758
0.00665895
0.00530507
0.00288864
0.00280983
0.00343575
0.0031466
0.00234185
0.00242469
0.0043445
0.00324186
0.00230233
0.00552668
0.000720276
0.00330247
0.000632822
0.00596269
0.00656076
0.00693475
0.00423046
0.00527725
0.000737412
0.000342283
0.00307665
0.00701473
0.00722981
0.00288137
0.00617008
0.00585327
0.0074242
0.00274325
0.00543736
0.000773052
0.00139215
0.00713718
0.0070612
0.00285084
0.00623219
0.00168579
0.00689274
0.00289803
0.00118949
0.00710088
0.00104142
0.00672301
0.00573803
0.00697955
0.00328091
0.00240793
0.00561611
0.00337424
0.00589528
0.00285228
0.00434518
0.00502591
0.000362512
0.000811773
0.000572318
0.00436031
0.00369351
0.00686607
0.0071575
0.00707266
0.00713173
0.00170223
0.00593925
0.00641371
0.00400206
0.00471365
0.00466658
0.00597616
0.00718565
0.00603731
0.00644543
0.0072463
0.00341862
0.00527559
0.00570109
0.0035028
0.00397617
0.00302073
0.00652127
0.00333529
0.00674609
0.00128176
0.00558054
0.00121548
0.00587324
0.00100129
0.00433441
0.00419815
0.00145983
0.00711624
0.00170521
0.0074848
0.00184983
0.00378095
0.000273298
0.000418739
0.00651865
0.00646707
0.00117565
0.00570693
0.00725006
0.00407129
0.00122061
0.00709594
0.00353555
0.00109684
0.0061618
0.00445391
0.00704844
0.00190889
0.00534197
0.00624436
0.00348092
0.000318736
0.00542477
0.00710121
0.00748463
0.00641126
0.00627527
0.00280186
0.00653732
0.00668583
0.00440562
0.00665789
0.0027791
0.00725377
0.00136754
0.00428706
0.00706371
0.00381283
0.00380038
0.00601627
0.00616988
0.00239403
0.0025286
0.00357231
0.00598041
0.00401126
0.00619466
0.00323933
0.00602972
0.00556123
0.00670395
0.00726533
0.00414266
0.00635235
0.0045218
0.00602868
0.00668565
0.00190294
0.00211563
0.00192145
0.0065395
0.00326455
0.000503623
0.00044039
0.00124094
0.00300688
0.00122455
0.00156797
0.00581763
0.00254418
0.00218328
0.00126744
0.00705047
0.00566963
0.00694297
0.00367438
0.00347824
0.00371077
0.00184043
0.00219709
0.00692437
0.00111481
0.00200363
0.000740846
0.00438813
0.00343162
0.00228571
0.00213471
0.00236175
0.00235508
0.00250606
0.00620073
0.00522585
0.00214112
0.00500518
0.00491475
0.00363783
0.00392641
0.000747448
0.00174288
0.0012526
0.000825689
0.00223417
0.00454935
0.0032079
0.00489741
0.00485817
0.00191536
0.0062244
0.00239557
0.00386237
0.00164964
0.00537453
0.00639777
0.00586382
0.00342504
0.00175367
0.00375439
0.00175237
0.00159848
0.00369934
0.00397935
0.00629602
0.0069812
0.000605756
0.00063868
0.000685081
0.00178038
0.00351627
0.00175049
0.000433998
0.00686446
0.00366239
0.00117916
0.00148849
0.00681831
0.00174776
0.0014331
0.00728437
0.00175559
0.00183384
0.00322017
0.00491118
0.0048139
0.00512969
0.00448937
0.00479289
0.00258449
0.00239444
0.00264693
0.00642863
0.0067899
0.000822419
0.00295722
0.00454215
0.0066422
0.00701459
0.00698566
0.00295124
0.00236678
0.00687923
0.00697767
0.00708209
0.00238266
0.00632188
0.00689473
0.00459123
0.00390804
0.00669656
0.0018279
0.00735552
0.00198173
0.00206523
0.0011885
0.00420601
0.000370699
0.00658555
0.0072359
0.000437847
0.00560004
0.00618198
0.0069168
0.00440878
0.00422714
0.00472743
0.00636061
0.00724025
0.00726395
0.00520564
0.00406315
0.00614574
0.00570447
0.00724461
0.00717646
0.00706143
0.00544919
0.00146055
0.00244797
0.00102289
0.00139328
0.000969476
0.00140596
0.00546733
0.00516465
0.00731031
0.00683378
0.00545587
0.00322643
0.00506189
0.00470276
0.000393818
0.000678596
0.000518141
0.00461599
0.000238256
0.00580695
0.00744101
0.00724245
0.0018809
0.00630665
0.00277557
0.00368951
0.00421036
0.00655702
0.00626329
0.0066022
0.00612258
0.000610142
0.000619636
0.00105953
0.000595289
0.00566902
0.00296423
0.00703151
0.00703104
0.0065991
0.00548796
0.00706629
0.00545424
0.00309062
0.00301539
0.00131068
0.0019317
0.00711858
0.00719039
0.00713371
0.00717559
0.00131341
0.00152467
0.00612795
0.00679675
0.00106322
0.000998946
0.00129871
0.000843975
0.000628058
0.00126703
0.00289214
0.00126687
0.00117891
0.00243686
0.00339269
0.00533042
0.00397741
0.00242874
0.00109726
0.00063923
0.000556599
0.00699405
0.000614382
0.00511425
0.00315271
0.0033406
0.00465189
0.00232668
0.00285276
0.00628374
0.00704578
0.00701667
0.00706802
0.00672317
0.00700487
0.00698269
0.00268262
0.00358219
0.00219289
0.00179386
0.00145438
0.00366449
0.00206732
0.00253228
0.00481586
0.00585274
0.00474967
0.00724796
0.00306432
0.00302246
0.00128211
0.00365122
0.00646574
0.00666759
0.00182844
0.00671434
0.00394479
0.00658789
0.00492276
0.00630439
0.00211524
0.00674877
0.00447726
0.00493112
0.00143777
0.00269424
0.00671521
0.00590038
0.0050227
0.00750011
0.00696828
0.00373257
0.0038742
0.000509716
0.00504637
0.00465789
0.00438676
0.00369488
0.00496103
0.00308517
0.00642558
0.00302511
0.00722123
0.00519748
0.00709429
0.00180393
0.00240131
0.00432053
0.00477914
0.00654735
0.00676178
0.00587648
0.00551298
0.00456292
0.00447044
0.00656545
0.0057603
0.00624865
0.00607502
0.00454588
0.0066288
0.00729261
0.00715925
0.00287571
0.00113811
0.00610034
0.00710705
0.00650326
0.00671547
0.00640888
0.00515981
0.0059111
0.00371171
0.000967431
0.00527421
0.00433213
0.00197228
0.000892212
0.00167196
0.000599137
0.00118018
0.00404232
0.00316779
0.00740347
0.00223891
0.00300228
0.00684342
0.00704659
0.00281158
0.00565026
0.00734712
0.00675221
0.00393829
0.00480735
0.00351374
0.00383283
0.00330315
0.00318284
0.000757803
0.00519637
0.00331664
0.00696311
0.00598782
0.00213648
0.00201906
0.00391627
0.00222279
0.00637189
0.00633155
0.00609738
0.00116457
0.00375518
0.00584175
0.00633494
0.00690452
0.00620235
0.000821607
0.00437105
0.00515248
0.00588126
0.00406342
0.00302219
0.00561636
0.00540433
0.005415
0.000401565
0.00135548
0.00129824
0.00710353
0.00666418
0.00249374
0.00562207
0.00567188
0.0069546
0.0064945
0.00698724
0.00701824
0.00615357
0.00189167
0.00587945
0.00574541
0.00675862
0.0063588
0.00220034
0.00701073
0.0039715
0.00154226
0.00276058
0.00362582
0.00390343
0.00343911
0.00660846
0.00696558
0.00611269
0.00253333
0.00202728
0.00638944
0.00219168
0.00104355
0.000976726
0.000210278
0.0069174
0.00699774
0.00639971
0.00640676
0.00446852
0.000134777
0.00515893
0.00252706
0.00193905
0.00119402
0.00267037
0.00521305
0.00325085
0.00391908
0.00660217
0.000576938
0.000781252
0.000279221
0.0072724
0.00707372
0.00648731
0.00444735
0.00257983
0.00424571
0.00503806
0.00621752
0.00214193
0.00146719
0.00703518
0.00226856
0.00739829
0.00075487
0.000990201
0.00516009
0.000414847
0.00587301
0.00445622
0.00657236
0.00471923
0.00157544
0.00289737
0.00414862
0.00301211
0.00191942
0.000715384
0.00664518
0.00502059
0.00456282
0.0031993
0.00472852
0.00299792
0.00439955
0.00459722
0.00232611
0.000458054
0.00112662
0.000296855
0.00263301
0.00217131
0.00470139
0.00468961
0.00503674
0.0048902
0.00557263
0.00505457
0.00640197
0.0048686
0.0032143
0.00684569
0.00630187
0.00168742
0.00532665
0.00583039
0.00623167
0.00679601
0.00289413
0.00560741
0.00728498
0.00326487
0.00647503
0.00574487
0.00301532
0.00449448
0.00652967
0.00547442
0.00713798
0.00638967
0.000501052
0.00154963
0.00612067
0.00728078
0.00375703
0.00383199
0.00460643
0.00471996
0.00676674
0.00311433
0.00480327
0.0067222
0.00406245
0.0072249
0.0026524
0.000966423
0.00058502
0.000934748
0.00686702
0.00505202
0.00319606
0.00640668
0.0066435
0.00298108
0.00479815
0.00618769
0.00285329
0.00305451
0.00134511
0.0020716
0.00320313
0.0013938
0.00354339
0.00600387
0.00408633
0.00331884
0.00712276
0.00186087
0.00315967
0.00756571
0.000535217
0.00233567
0.00100409
0.00486096
0.00234561
0.000253365
0.00171059
0.0013272
0.00670978
0.000360676
0.00516418
0.00682883
0.00065783
0.000970413
0.00452071
0.00617562
0.00475662
0.00186733
0.00242141
0.00416444
0.00727041
0.00432175
0.000344555
0.00149108
0.000231324
0.000358447
0.00077002
0.00200046
0.000224887
0.00327084
0.00146162
0.000355334
0.00462988
0.00645759
0.00173494
0.00327611
0.0017809
0.00412391
0.00357589
0.000363118
0.000269093
0.00382828
0.00625481
0.00086472
0.00136198
0.00566972
0.00684552
0.00713615
0.00131041
0.000958266
0.00681764
0.000159223
0.000357346
0.000665381
0.000350001
0.00530789
0.00153773
0.00385504
0.00387182
0.00378145
0.00299681
0.00285909
0.00311009
0.00610308
0.00734358
0.00722079
0.00627166
0.00342668
0.0069275
0.00489623
0.0036241
0.00582643
0.00355359
0.00720128
0.00425775
0.00740328
0.00510584
0.00742223
0.00697815
0.00273485
0.00340691
0.00539621
0.00518677
0.00750494
0.00406244
0.00644384
0.0070071
0.00685262
0.00550809
0.00746698
0.00695152
0.00327792
0.00415044
0.00629682
0.00742441
0.00280997
0.00264286
0.0051704
0.00701383
0.00404024
0.00328735
0.00270384
0.00231536
0.00577937
0.0055546
0.00538331
0.00735341
0.00407906
0.0075228
0.00733694
0.00716839
0.00478896
0.00134649
0.00605265
0.00611818
0.00362659
0.00467172
0.00723522
0.00651587
0.00112962
0.0041004
0.00235712
0.00124985
0.00655919
0.00638199
0.00254115
0.00447537
0.00167686
0.00356518
0.00494958
0.00452807
0.00175501
0.006267
0.00500813
0.00302187
0.000135867
0.000587269
0.00662355
0.00323284
0.00325852
0.00617019
0.0035857
0.0046775
0.00160419
0.00691705
0.000608682
0.0024095
0.00200386
0.00213391
0.0029693
0.00192721
0.00258821
0.00293011
0.00732099
0.00561226
0.0073908
0.00714986
0.00717273
0.00709211
0.0072534
0.00725979
0.00726031
0.00716934
0.00632999
0.00102279
0.00602305
0.000427998
0.00034893
0.00116636
0.00729244
0.00406288
0.000353447
0.0058844
0.00360678
0.00567668
0.00728235
0.0064682
0.0061819
0.00177117
0.00650245
0.000621674
0.00688254
0.0019736
0.0068708
0.00140995
0.00525931
0.00144179
0.00417161
0.0011024
0.00370832
0.00717343
0.00562126
0.00700852
0.00525345
0.00622621
0.00120482
0.00395548
0.000249417
0.00489859
0.00660238
0.0029201
0.00704996
0.00134416
0.0071937
0.00572844
0.000905891
0.00717359
0.00189579
0.000612813
0.000234643
0.00180364
0.00141528
0.00210395
0.00525865
0.0032795
0.00134099
0.00498807
0.00224284
0.00694228
0.00391328
0.00322306
0.00678637
0.00616919
0.00699256
0.00129634
0.00210206
0.000175247
0.0014454
0.000850745
0.00732822
0.00154751
0.00104652
0.00147684
0.00640467
0.00694629
0.00340348
0.000556685
0.00266924
0.00683538
0.000274876
0.00413556
0.000193483
0.000456071
0.0065188
0.00695468
0.00237134
0.00460715
0.00144786
0.000733993
0.00288184
0.00316711
0.00195947
0.00318007
0.00739606
0.00723144
0.00343532
0.00568299
0.00523771
0.00728441
0.00508765
0.00524378
0.00352877
0.00679309
0.00681738
0.00608757
0.00628625
0.00666264
0.00599688
0.00606125
0.00609065
0.00509775
0.00636135
0.00543109
0.00141151
0.00569921
0.00432339
0.00647086
0.00619397
0.00679868
0.00703501
0.00308732
0.0054303
0.00652796
0.00721498
0.00698983
0.00669593
0.00711311
0.00714977
0.00715207
0.00716262
0.00672479
0.00681503
0.0071128
0.00714904
0.00537847
0.00714852
0.00661489
0.00719666
0.00372803
0.00326256
0.00455851
0.00370569
0.00353999
0.00397247
0.00311494
0.00325013
0.00163014
0.0024819
0.00743424
0.000644248
0.00253701
0.00468706
0.00220835
0.00532386
0.00733457
0.00119877
0.00192674
0.000864225
0.00641625
0.00663234
0.00368853
0.00276722
0.00625921
0.006393
0.00594053
0.00481836
0.00513483
0.00540493
0.00547002
0.00573792
0.00581262
0.00324173
0.00340599
0.00313511
0.00512044
0.00529934
0.00523609
0.00706894
0.00481701
0.00655644
0.00703086
0.00450356
0.00489593
0.00708999
0.00347474
0.00732286
0.00721092
0.00427606
0.00043683
0.0067292
0.00469783
0.00377556
0.00272909
0.00555312
0.00324592
0.00509276
0.00470284
0.00691898
0.00566976
0.00287923
0.00641447
0.0045619
0.00412169
0.00610222
0.00696749
0.0069843
0.00654434
0.00706157
0.00700723
0.00165043
0.0005494
0.000734667
0.00135291
0.00104831
0.00110076
0.00336069
0.00365615
0.00660087
0.00129289
0.00537889
0.00070153
0.0006617
0.00403085
0.00561658
0.00328603
0.00395844
0.0059009
0.00587514
0.00602357
0.00705642
0.00632585
0.00627975
0.00411836
0.00567164
0.00623968
0.00296637
0.00717506
0.00705938
0.00458727
0.00630485
0.0068085
0.0025165
0.00363782
0.00393803
0.00338322
0.00611049
0.00340321
0.00350683
0.00362527
0.00534815
0.00522827
0.00198035
0.00287176
0.00731178
0.00418455
0.00670431
0.00733331
0.00678302
0.00166336
0.00728035
0.00225729
0.00658994
0.000419335
0.00148271
0.00676084
0.000204341
0.00016699
0.00617936
0.000902494
0.00143134
0.00685464
0.00082282
0.00147156
0.000373614
0.000384101
0.000300791
0.00241484
0.000560033
0.000654466
0.000214097
0.00496964
0.000565217
0.00447611
0.00336418
0.0031977
0.00553701
0.00450641
0.00383871
0.00377658
0.00258315
0.000401381
0.000616638
0.00341663
0.00449631
0.000673977
0.000347008
0.000382969
0.00424831
0.00571048
0.00551554
0.00626355
0.00603767
0.00331617
0.00700897
0.00673172
0.00687327
0.00714843
0.00724251
0.0054013
0.00648693
0.000292951
0.00368023
0.00105528
0.000860723
0.00102646
0.00342133
0.00491014
0.00554114
0.00621344
0.00585111
0.00709527
0.00393165
0.00705357
0.00633504
0.00362152
0.00526363
0.0072776
0.00713798
0.00498027
0.00663655
0.00432451
0.00697033
0.00330027
0.00666134
0.00533676
0.00438711
0.00694833
0.00580356
0.0056703
0.00617811
0.0019725
0.00105338
0.00237356
0.00212505
0.000728533
0.00171539
0.00507968
0.00536131
0.00750304
0.00150864
0.00492923
0.00621247
0.00748199
0.00438633
0.00423665
0.00578652
0.00444376
0.00418851
0.00700519
0.00651967
0.00735056
0.000192023
0.00651861
0.00701821
0.00640672
0.00581873
0.00408891
0.00521181
0.00237259
0.00716536
0.00448536
0.000954524
0.00681353
0.00499561
0.00695753
0.000840606
0.00223347
0.00255818
0.000807812
0.000755682
0.00184207
0.00180072
0.00276808
0.00170593
0.00135149
0.00114544
0.00720389
0.00242119
0.00690807
0.00499885
0.000149088
0.00664644
0.00276993
0.00257409
0.00294461
0.00274177
0.00409653
0.00405862
0.00410204
0.00280959
0.00322679
0.00345419
0.00466777
0.00441264
0.00301255
0.00627272
0.00707223
0.00493899
0.00443628
0.00313369
0.00273322
0.00727492
0.00722073
0.00611784
0.00641192
0.00413108
0.00411128
0.0070664
0.00589959
0.00602619
0.00556536
0.00548634
0.00613747
0.00359118
0.00406662
0.0047852
0.00468718
0.00677264
0.00429934
0.00609279
0.00608305
0.0041507
0.00658038
0.00577846
0.000827553
0.00457804
0.00036132
0.000668901
0.00203624
0.00534651
0.00628535
0.00574022
0.00441224
0.00679364
0.00551361
0.00347687
0.000474767
0.00292158
0.00205529
0.000986372
0.00360154
0.0035939
0.000719101
0.000940097
0.00068954
0.00216098
0.000313156
0.000655973
0.000898971
0.000767834
0.000745252
0.00733557
0.00387005
0.00674397
0.00392944
0.00426829
0.00325925
0.00638785
0.00301712
0.00306159
0.001503
0.00148143
0.00516341
0.00598193
0.00235154
0.00398793
0.00508885
0.00286203
0.00110118
0.00328228
0.00176001
0.000963353
0.00559595
0.00481706
0.00288452
0.00439071
0.00349761
0.00709907
0.00639209
0.00274757
0.00368324
0.00563456
0.00337194
0.00634795
0.00681864
0.00670167
0.00361476
0.0030211
0.00731882
0.000274419
0.00140143
0.007476
0.00446482
0.000242198
0.00221636
0.00110955
0.00701398
0.00296066
0.00313375
0.00681149
0.00239101
0.000817078
0.00511519
0.00494529
0.00438247
0.0073513
0.00461264
0.00292506
0.00147837
0.00161209
0.00333969
0.00698724
0.00726942
0.0059566
0.00655947
0.00542551
0.00566583
0.00318598
0.0033081
0.00657369
0.00667608
0.00438491
0.000957037
0.00137419
0.00043203
0.00378127
0.0011496
0.00049786
0.000929351
0.00149627
0.00675838
0.00578569
0.00435777
0.00707922
0.00715086
0.00499548
0.00409418
0.00192582
0.00133437
0.00120797
0.00290774
0.00697893
0.00143234
0.00210649
0.00518338
0.00245025
0.00254886
0.00325231
0.00337073
0.00153871
0.00327458
0.00209412
0.00326009
0.00312879
0.00321124
0.00339676
0.0026823
0.00312046
0.00737186
0.00500019
0.00598926
0.00702922
0.00703497
0.00732343
0.00494734
0.00669278
0.00422774
0.00264014
0.00559757
0.0027148
0.00738922
0.00480224
0.00649721
0.00195689
0.00685467
0.00720262
0.00698471
0.0023492
0.00410624
0.00372699
0.00456661
0.00598958
0.00168184
0.0021064
0.00222818
0.00251111
0.00132004
0.00332575
0.00458283
0.00497973
0.00473787
0.002027
0.00113762
0.00480681
0.00241506
0.00410631
0.00315842
0.00697768
0.00731467
0.00619507
0.00580304
0.00633704
0.00630157
0.00644005
0.00702771
0.00437777
0.00735857
0.00323039
0.00325742
0.004592
0.00471131
0.00120995
0.00465323
0.0056161
0.00730389
0.00661868
0.00385078
0.00444232
0.00305234
0.00286751
0.00618193
0.00631142
0.00387674
0.00688644
0.00720358
0.00718564
0.00588759
0.00274876
0.00432113
0.00429529
0.00631939
0.00544963
0.00728683
0.00508167
0.00638805
0.00643773
0.00458329
0.00517501
0.00404352
0.00678979
0.00699922
0.00322073
0.00534182
0.00518491
0.00684668
0.00571748
0.00676208
0.00659406
0.00461399
0.00692167
0.00672958
0.00502363
0.00328907
0.00422202
0.00673178
0.00434861
0.00711566
0.00301784
0.00230091
0.00710738
0.00253791
0.00159137
0.00750059
0.00659795
0.00673919
0.00531673
0.00610995
0.00619561
0.00159392
0.00151761
0.000427474
0.00402221
0.00141044
0.00113632
0.00398981
0.00359143
0.000323192
0.000515328
0.00151263
0.00395957
0.00413133
0.00209347
0.00655881
0.00670119
0.00516589
0.00552241
0.00328892
0.00717819
0.00200172
0.0046552
0.00228582
0.00271358
0.00198011
0.00297967
0.00147266
0.00212404
0.0021508
0.0072435
0.00590311
0.00373781
0.00154054
0.00127552
0.00142348
0.00159171
0.00231898
0.00181523
0.00721843
0.000341147
0.00467889
0.00482849
0.00478145
0.00669304
0.00425245
0.000528735
0.00103498
0.00146686
0.00729206
0.00678856
0.00314679
0.00309151
0.00356023
0.00385941
0.0027197
0.00170521
0.00676641
0.00113881
0.00062122
0.00672348
0.00510968
0.00546828
0.00148621
0.00731895
0.00758658
0.00369167
0.00366339
0.00638573
0.00669908
0.0058694
0.00510379
0.00429976
0.00368459
0.00705183
0.00534292
0.00606741
0.00670025
0.00712795
0.00683351
0.00673292
0.00376743
0.00519816
0.00525758
0.00301206
0.00727412
0.00723705
0.00368434
0.00430583
0.00293259
0.00327199
0.00449835
0.0022469
0.00533505
0.00370201
0.00630914
0.00525177
0.00593659
0.00529037
0.00104139
0.00698308
0.00652992
0.00698349
0.00477074
0.00371837
0.00284747
0.00415404
0.00293282
0.005722
0.00614614
0.00297474
0.00508322
0.00243158
0.00407133
0.00360127
0.00642076
0.00539559
0.00512428
0.000881926
0.000813177
0.0022322
0.000165688
0.000701457
0.000691811
0.00715172
0.00692725
0.00687669
0.000795436
0.00713851
0.00671554
0.00505488
0.00610315
0.00673659
0.00165683
0.00230044
0.00323223
0.00250497
0.00234364
0.00171453
0.00254532
0.00118665
0.000447267
0.000411158
0.00251053
0.000847771
0.00190013
0.000996539
0.00119476
0.00113748
0.00167238
0.000271426
0.000790098
0.000256368
0.000497692
0.000649746
0.000270453
0.00104014
0.00121941
0.000989265
0.000191527
0.000922675
0.000271646
0.00498699
0.00464887
0.00718616
0.00713188
0.00710404
0.0059837
0.00537042
0.00639865
0.00360799
0.00241007
0.00175578
0.00380063
0.00725218
0.00341273
0.00224445
0.00188504
0.00705323
0.00703888
0.00699019
0.00711035
0.00528066
0.00719279
0.00709225
0.00303874
0.0071065
0.00707961
0.00678172
0.0071224
0.00232284
0.00107819
0.00364094
0.00446747
0.00328547
0.00535789
0.00699266
0.00277931
0.00428298
0.00568292
0.00594722
0.0033141
0.00696589
0.00527017
0.00680671
0.00604883
0.0069932
0.00537034
0.0069175
0.00529646
0.00481279
0.00575517
0.00318349
0.00739257
0.00615306
0.00691608
0.00349312
0.00435175
0.00606925
0.00727068
0.00718813
0.00588212
0.00570343
0.00576502
0.0052085
0.0022975
0.00388634
0.00484135
0.00105721
0.00094872
0.00156582
0.00262615
0.00710922
0.00563867
0.00650915
0.00403399
0.0058402
0.00160131
0.00581883
0.00717926
0.00722814
0.00440307
0.00680181
0.00226022
0.00599617
0.00533646
0.00681099
0.00696365
0.00667448
0.00572335
0.00700863
0.00458917
0.00700299
0.00305102
0.00400241
0.00624901
0.00691859
0.00463677
0.00489377
0.00668742
0.00721015
0.00570396
0.00552332
0.00717488
0.00423278
0.00438742
0.00441761
0.00396669
0.00301938
0.00384429
0.00717544
0.00271241
0.00700557
0.00534267
0.00350937
0.00679776
0.00259243
0.00684676
0.00726241
0.00736917
0.00667149
0.00718688
0.00618853
0.00288148
0.0054036
0.00600677
0.00728786
0.00217867
0.00127987
0.007458
0.00296831
0.00510531
0.0069627
0.00622295
0.00385464
0.00401633
0.00692479
0.00571946
0.0072022
0.00671367
0.00476423
0.00182308
0.00379781
0.00579794
0.00539577
0.00538728
0.00152016
0.00170053
0.00720658
0.00191645
0.0070836
0.00709129
0.000726127
0.0066209
0.00745299
0.00610609
0.00726304
0.00701725
0.00635833
0.00393711
0.0022246
0.000974429
0.000720458
0.000303947
0.000872626
0.00634559
0.00717716
0.00708189
0.00543036
0.00608624
0.00368508
0.00158721
0.00598405
0.00101544
0.000580782
0.000657802
0.00709792
0.00509254
0.000324907
0.000701046
0.00504449
0.000608731
0.00501767
0.00516583
0.00642942
0.000329724
0.000372944
0.00068449
0.00715578
0.00606103
0.000414971
0.000620016
0.00719713
0.00717859
0.0028992
0.00209478
0.00170391
0.00667048
0.00348555
0.00483109
0.00530373
0.00461924
0.00472027
0.000647299
0.00737138
0.00233148
0.00322743
0.00620399
0.00693613
0.00684005
0.00664453
0.00696296
0.00624529
0.00362679
0.00648261
0.00296798
0.00467649
0.00576619
0.00583123
0.00690378
0.00258704
0.00537941
0.0043007
0.00469765
0.00370673
0.0010362
0.00689459
0.00136935
0.00150563
0.00247571
0.0061254
0.00539223
0.00536149
0.000161728
0.00677985
0.0010069
0.00527581
0.0052744
0.00375066
0.00431545
0.00702648
0.00590808
0.00489539
0.00597931
0.00264615
0.00528627
0.00385269
0.0049824
0.00476294
0.00147436
0.00323312
0.00402294
0.0035903
0.00716821
0.00642618
0.00680439
0.00603302
0.00099189
0.000877496
0.00481615
0.00537928
0.00422841
0.00141035
0.0041247
0.00441467
0.00433764
0.0064185
0.003844
0.00192517
0.00362038
0.00146711
0.000967901
0.00623438
0.00419261
0.00574756
0.00104399
0.00249122
0.00442875
0.00304983
0.000962891
0.00578599
0.00216744
0.00526736
0.00745178
0.00693547
0.00524913
0.00200137
0.00175292
0.00711275
0.00729564
0.00509829
0.00738326
0.00606056
0.00535559
0.00731286
0.00716588
0.00417446
0.00607293
0.00535695
0.00220105
0.00548859
0.00392191
0.00689708
0.00576333
0.00665957
0.00618763
0.0072719
0.00738042
0.00712246
0.00732255
0.0072694
0.00707407
0.0064861
0.00756357
0.00733851
0.00612553
0.0071236
0.00716698
0.0036778
0.000347558
0.00680032
0.00703423
0.00546848
0.00668036
0.00722366
0.000401433
0.00566154
0.000622816
0.00722363
0.00704173
0.00463963
0.00502813
0.00531644
0.00104843
0.00118103
0.00441939
0.00470441
0.00232666
0.00738935
0.00669008
0.00341493
0.00457929
0.00318381
0.00631717
0.00438415
0.00355213
0.00390564
0.00314656
0.00401522
0.00734259
0.00676058
0.0066533
0.00678294
0.00703287
0.00703327
0.00732022
0.00558381
0.0069117
0.00720936
0.00311892
0.00708519
0.00686447
0.00730376
0.00688711
0.00405461
0.00214182
0.00491169
0.00258136
0.00499892
0.00343764
0.0024131
0.00656478
0.00727853
0.00235109
0.00487432
0.00516747
0.00260112
0.00635459
0.00154062
0.00554755
0.00549623
0.00535084
0.00622172
0.00185018
0.000483363
0.00233907
0.00322145
0.00572183
0.00248453
0.0060737
0.0033283
0.00121167
0.00586435
0.000467924
0.00689436
0.00566598
0.000921145
0.00558939
0.00380143
0.00440979
0.00546412
0.00524099
0.00333155
0.00590848
0.00287645
0.00646484
0.00643112
0.00700859
0.00154754
0.00282872
0.00644107
0.00713193
0.00298555
0.00715875
0.00298184
0.00635683
0.00720972
0.00605582
0.00467413
0.000832049
0.00097761
0.00243303
0.00136893
0.000184786
0.00111077
0.00382578
0.00419978
0.002519
0.00720578
0.00218982
0.00153838
0.00607182
0.00513171
0.00255416
0.00569664
0.00556964
0.00201856
0.00442344
0.00633463
0.0051084
0.00149979
0.00133299
0.00388217
0.000871895
0.000826387
0.000917721
0.00676342
0.00707972
0.00368165
0.00402707
0.00516777
0.00340639
0.000775624
0.000113245
0.00311194
0.00230172
0.00727726
0.00095672
0.00257259
0.00160552
0.00433967
0.00057356
0.00165786
0.00126989
0.000218973
0.00194488
0.0010993
0.000725077
0.000186891
0.000338114
0.000519027
0.0012551
0.000849447
0.00698273
0.00453686
0.00713027
0.00449725
0.00701654
0.000582492
0.0047849
0.00307986
0.00254424
0.00267922
0.00244782
0.00669624
0.00731185
0.00507003
0.00737498
0.00714541
0.00266593
0.00653434
0.0012041
0.000873389
0.00120131
0.00111871
0.00224776
0.00590386
0.00170427
0.00175398
0.000148617
0.00223629
0.00136316
0.000786348
0.000672186
0.000545396
0.00092823
0.00162907
0.00181759
0.000692091
0.0043914
0.000323909
0.00050263
0.00486365
0.00502755
0.00559335
0.00486709
0.000483772
0.00609726
0.000437397
0.00357624
0.00463325
0.00547813
0.00290888
0.00123132
0.00105078
0.00205763
0.000250257
0.00120577
0.00065574
0.00062839
0.00590471
0.00127015
0.000593027
0.00142924
0.0021245
0.00263678
0.00179146
0.00183802
0.00586492
0.000793334
0.000764572
0.00105188
0.00489241
0.00133892
0.00347406
0.0018108
0.00371786
0.00137339
0.00539702
0.0057831
0.0023661
0.00124621
0.000464354
0.000895845
0.00078194
0.000419312
0.000877648
0.000755445
0.00671856
0.0053196
0.00674311
0.00312337
0.00329696
0.00318076
0.00649526
0.00249448
0.00708085
0.00598119
0.00463639
0.00602632
0.00456943
0.00274254
0.00710112
0.00496658
0.0072961
0.00591036
0.00624481
0.00448899
0.00248916
0.00407882
0.00284764
0.00265302
0.00272935
0.00315934
0.00417915
0.00520182
0.00679574
0.00751062
0.00145341
0.00567798
0.00559319
0.006186
0.0060153
0.00262229
0.00295963
0.00392106
0.00289728
0.00250022
0.00275081
0.00373406
0.00463718
0.00684021
0.00686604
0.00566566
0.00552514
0.00416823
0.00643279
0.00703054
0.00412344
0.00499578
0.0030182
0.0053632
0.00326521
0.00427486
0.00403095
0.00297721
0.00310583
0.00582561
0.00613423
0.00430802
0.00365941
0.00413207
0.00440849
0.00484793
0.0054075
0.00412861
0.00464026
0.00681534
0.00571167
0.00614985
0.00631077
0.00664003
0.0048554
0.00383748
0.00473678
0.0035338
0.00691681
0.00565155
0.00455548
0.00481487
0.00522135
0.00533221
0.00335464
0.00516136
0.00529587
0.00590535
0.0050678
0.00334803
0.00269521
0.00673982
0.00029743
0.00102681
0.000638155
0.000330286
0.00704193
0.00326638
0.00342851
0.00569846
0.00343001
0.00351785
0.00336007
0.00435617
0.00597782
0.00156906
0.00571488
0.00350605
0.00149278
0.00313637
0.00543005
0.00627441
0.00518752
0.00498776
0.00317482
0.00519034
0.00623831
0.00367915
0.00568646
0.00578325
0.00538591
0.0048185
0.00297104
0.00668931
0.00278667
0.00665369
0.00698275
0.00459582
0.000746304
0.00176102
0.00168261
0.000605511
0.00629321
0.000922499
0.000613754
0.000336345
0.000398066
0.000634285
0.000575189
0.000327268
0.000403932
0.000423194
0.00100039
0.00279405
0.00300938
0.00665751
0.00438189
0.000869052
0.00694467
0.00673654
0.000603455
0.00695222
0.000134252
0.0038361
0.00631361
0.00704647
0.0069676
0.00651465
0.00659163
0.006913
0.00707754
0.00698186
0.00701503
0.00662235
0.00699167
0.0070451
0.00581671
0.00620606
0.00618585
0.00529488
0.0052364
0.00525927
0.00707672
0.00257295
0.00672138
0.00368131
0.00323606
0.00552899
0.00612952
0.00705022
0.00694508
0.00615796
0.00675919
0.00268912
0.00435857
0.00711743
0.00560897
0.00549017
0.0034592
0.00662064
0.00396231
0.0028617
0.00408435
0.0059413
0.00599837
0.00714706
0.00712124
0.00702314
0.00353507
0.00684415
0.00690245
0.00638986
0.00637619
0.0069097
0.00702878
0.00370493
0.00602307
0.00435748
0.00246659
0.00277845
0.00169122
0.00234316
0.00630874
0.00723643
0.00579844
0.00674499
0.00645275
0.00713369
0.0059027
0.00270271
0.00719163
0.0065299
0.00535859
0.00111174
0.000879612
0.00523299
0.00143433
0.00601335
0.00430873
0.00705654
0.00532933
0.00693817
0.00653913
0.00681787
0.00502541
0.00542019
0.00680593
0.0068441
0.00274855
0.00344577
0.00538795
0.00399962
0.00680722
0.00676046
0.00724141
0.00602997
0.00327164
0.00178728
0.00134519
0.00264294
0.00445078
0.00546209
0.00547812
0.0011854
0.00293589
0.00528223
0.0068237
0.00636157
0.000722195
0.00174149
0.00360559
0.000183797
0.00452263
0.00669226
0.00672338
0.0068843
0.00697265
0.00685204
0.00637509
0.00622656
0.00353862
0.00035748
0.00707536
0.000313561
0.00149498
0.00477909
0.00180272
0.00111188
0.00388782
0.00152315
0.000870231
0.00154036
0.00547551
0.000855651
0.00695237
0.00671962
0.00747992
0.004486
0.00631573
0.00362339
0.000737095
0.000898666
0.00034668
0.000586635
0.00216701
0.000839801
0.00128814
0.00751807
0.00732579
0.000894012
0.00728508
0.00359368
0.00442354
0.00498525
0.0035825
0.00352664
0.00500935
0.00669201
0.00693794
0.00700636
0.00593073
0.00397566
0.00328178
0.00585766
0.00572085
0.00404754
0.0063619
0.0034274
0.00485147
0.00712575
0.00173435
0.00214359
0.00142537
0.00725206
0.00646687
0.00699202
0.00595573
0.0067557
0.00591192
0.00631111
0.00378123
0.00607285
0.00686649
0.00667325
0.0051254
0.00287694
0.00322967
0.000736697
0.00624111
0.00382537
0.00522933
0.00521018
0.00723813
0.00704892
0.00559858
0.00634934
0.00664307
0.000591955
0.00283471
0.00680585
0.00551005
0.00436255
0.00447735
0.00545582
0.00609446
0.00675119
0.00238403
0.00270818
0.00317661
0.00333432
0.00575831
0.00681878
0.00561882
0.00126755
0.00103879
0.000252239
0.00221724
0.00193698
0.003319
0.00509192
0.00758242
0.00591248
0.00694663
0.00391142
0.0069085
0.00220214
0.0033258
0.00345143
0.001385
0.00315107
0.000156574
0.000664227
0.00142723
0.00383842
0.00142011
0.00118915
0.0022119
0.00493953
0.00333025
0.00754991
0.00526452
0.0052829
0.00186038
0.00350768
0.00297218
0.00190581
0.00438331
0.00506657
0.00433753
0.00344087
0.00114298
0.000123142
0.00140942
0.00541406
0.00244534
0.00191227
0.00115952
0.00188554
0.00248303
0.00100494
0.00205916
0.00577486
0.00468232
0.000732292
0.00390416
0.00481387
0.0053671
0.0073402
0.00695352
0.002329
0.00524372
0.00354561
0.00633376
0.00164677
0.00135713
0.00125778
0.00162822
0.00276956
0.00706796
0.00513698
0.00633379
0.00559205
0.00737254
0.00657439
0.00650326
0.00662512
0.00749742
0.00509159
0.00692286
0.00364868
0.00683928
0.00722597
0.00734109
0.0065911
0.00701813
0.00664523
0.00278926
0.0012267
0.00441902
0.00672978
0.00433568
0.00451143
0.00712749
0.00495177
0.00703823
0.00376943
0.00442604
0.00666334
0.00422718
0.00150597
0.00704568
0.00680482
0.00408928
0.00693821
0.0062064
0.00404948
0.00288555
0.00643711
0.0018851
0.00680995
0.00702916
0.00442302
0.00458216
0.00688069
0.0045961
0.00555784
0.00404968
0.00621359
0.00659223
0.00257588
0.00667058
0.00233917
0.00314938
0.00687324
0.00493814
0.00679053
0.0026177
0.00307018
0.00637869
0.00134941
0.000653155
0.00345305
0.00199184
0.00719517
0.00568935
0.00536825
0.00475937
0.00633387
0.00706361
0.00251073
0.00691317
0.00686566
0.00601132
0.00569196
0.00152022
0.000980922
0.00397134
0.00587103
0.00719414
0.00708326
0.00704872
0.00461191
0.00717123
0.00708341
0.00714505
0.00314755
0.00577197
0.00666641
0.00663332
0.0069366
0.00370464
0.00747429
0.00656372
0.00327119
0.00526557
0.00578815
0.00546147
0.00624785
0.00311591
0.00335283
0.00685311
0.00576935
0.00725081
0.00688073
0.00498572
0.00216253
0.00414514
0.00726742
0.000262244
0.00507766
0.0038555
0.000321227
0.0029351
0.00171175
0.00209095
0.00055062
0.00265982
0.00445474
0.00155225
0.0011968
0.000473198
0.00228995
0.000252495
0.000325559
0.00718903
0.00619833
0.00538144
0.00712257
0.00489518
0.000701941
0.00186436
0.00220153
0.0011525
0.00140796
0.000648328
0.00142873
0.000964232
0.00189961
0.00414472
0.000637698
0.000826164
0.000636316
0.00443868
0.000251126
0.000744155
0.00176708
0.00175783
0.00249478
0.002305
0.0051676
0.00462544
0.00600107
0.00604475
0.00593573
0.00622207
0.00734954
0.00729516
0.001628
0.00730809
0.0036718
0.00728523
0.00723752
0.00635742
0.00218271
0.00734731
0.00732799
0.00707247
0.0046151
0.00725832
0.00583478
0.0068836
0.00690242
0.00680081
0.00719082
0.00714178
0.0068744
0.0065995
0.00637169
0.00618127
0.00379296
0.00718016
0.00573664
0.00438068
0.00321898
0.00476683
0.00312571
0.0034019
0.00174972
0.00249377
0.00690749
0.00680897
0.0070867
0.00537797
0.00479009
0.00235038
0.00344541
0.00701817
0.00301183
0.00267452
0.00117831
0.000908357
0.0014399
0.00236146
0.00430828
0.00447777
0.00657227
0.00741174
0.00692436
0.00025133
0.000493946
0.00690925
0.00707808
0.000512859
0.00703765
0.00438766
0.00476047
0.00645181
0.00741278
0.00590625
0.00656462
0.00110966
0.00134481
0.00122389
0.00116957
0.00535543
0.00663754
0.00667222
0.00507073
0.00661206
0.00665707
0.0063129
0.00577717
0.000534012
0.00452783
0.00104325
0.00385585
0.00606605
0.00694435
0.0062822
0.00549513
0.00398984
0.00679086
0.0069066
0.00684605
0.00669275
0.00667192
0.006917
0.00718722
0.00714792
0.00657945
0.00677558
0.00678475
0.00652809
0.00709723
0.00705476
0.00522969
0.00368318
0.00325978
0.00600908
0.00456056
0.00280125
0.00239673
0.00243772
0.003137
0.00344193
0.00307435
0.00285457
0.00402149
0.00666389
0.00555244
0.00326469
0.00351077
0.0047834
0.00524431
0.00554239
0.00553051
0.00515421
0.0049677
0.00490741
0.00503551
0.00315524
0.00527141
0.00563678
0.00535091
0.00695299
0.00276198
0.00634978
0.00466012
0.00260041
0.00518225
0.00463226
0.0050225
0.00351859
0.00539454
0.0054388
0.00386377
0.00521134
0.00567237
0.00532831
0.00541253
0.00532612
0.00272039
0.00309749
0.00612235
0.00621874
0.00499
0.00526173
0.00543442
0.000157981
0.000343049
0.0002902
0.000424795
0.000368509
0.00529286
0.00511152
0.00514587
0.00117298
0.00586633
0.00523249
0.00685848
0.00453031
0.00685094
0.00700188
0.00477879
0.00584391
0.00755717
0.00128016
0.00618647
0.00575792
0.00609542
0.00394417
0.0069079
0.00457607
0.00349456
0.0039952
0.00479279
0.00672614
0.00601723
0.00354113
0.00358508
0.00273774
0.00564088
0.00657964
0.0069449
0.00647861
0.00537201
0.00709303
0.00461725
0.0044411
0.0073395
0.00291066
0.00260363
0.00311571
0.00400912
0.00315776
0.00238527
0.00501233
0.00445977
0.00642318
0.00624534
0.00400591
0.00638266
0.00311088
0.00131654
0.00456014
0.00615136
0.00328123
0.00611395
0.00448983
0.00561276
0.000746304
0.00449
0.00449749
0.00684938
0.0053698
0.00699611
0.00708352
0.00702855
0.00487773
0.00694386
0.000664604
0.00623864
0.00588817
0.00690652
0.00612366
0.00339756
0.00715491
0.00592485
0.00612046
0.00695972
0.00610438
0.00338981
0.00315665
0.00263299
0.00344224
0.0055823
0.00658474
0.00655283
0.00744275
0.00563349
0.0060706
0.00606526
0.00431847
0.00439457
0.00565835
0.00637498
0.00713743
0.00431746
0.0075447
0.0068322
0.00174054
0.00753365
0.00711815
0.00645296
0.00387943
0.00418638
0.00387475
0.00701794
0.00481283
0.00351478
0.00400598
0.00695911
0.00595523
0.00388585
0.00651323
0.00722144
0.00351931
0.00130446
0.00110212
0.000698337
0.00495566
0.00592845
0.00743131
0.0072444
0.00409667
0.00740764
0.0019984
0.00317423
0.00525367
0.00732993
0.00300908
0.000876883
0.00224349
0.00628054
0.00610921
0.0037956
0.00450027
0.00723257
0.0070428
0.00581817
0.00330898
0.00721874
0.00522041
0.00531589
0.00185296
0.000750945
0.0059486
0.000362773
0.00398053
0.00551795
0.0055281
0.00701198
0.00703327
0.0071235
0.00680391
0.00562858
0.00593927
0.00531905
0.00453872
0.00441887
0.00557303
0.00162974
0.00628129
0.00272453
0.0033387
0.00303094
0.00357951
0.0071883
0.00427744
0.00671718
0.00711859
0.00652556
0.00399882
0.00194429
0.000810484
0.00125504
0.00126347
0.00142593
0.000446582
0.00400754
0.00354326
0.00153381
0.000164277
0.00145037
0.00027143
0.00666918
0.00741574
0.00720139
0.00616019
0.00196232
0.00423901
0.00675754
0.00687435
0.00670721
0.00583444
0.00672948
0.00211825
0.00319061
0.0040982
0.00674997
0.000604013
0.0037534
0.000346799
0.00153604
0.00177974
0.00162226
0.00225091
0.00552769
0.00756676
0.00543266
0.00720851
0.00505174
0.00459846
0.000363293
0.00135856
0.000855163
0.00189275
0.00329972
0.00347921
0.00299571
0.00199209
0.00192249
0.00459244
0.00676268
0.00345372
0.00684067
0.00572001
0.00643345
0.0062972
0.00270214
0.00502048
0.00691145
0.00584536
0.00679516
0.00544467
0.00742687
0.00352806
0.00675466
0.00746847
0.00523974
0.00652763
0.00226778
0.00132952
0.00118021
0.00639411
0.00552892
0.0038676
0.0071089
0.00584006
0.0071222
0.00733928
0.0047459
0.00659838
0.00477468
0.00108327
0.00730541
0.00307672
0.00739994
0.00702843
0.00684436
0.00689897
0.00744269
0.00660144
0.00347781
0.00533442
0.00566208
0.00601734
0.00684536
0.00361102
0.00349779
0.00581675
0.00261258
0.00303396
0.00293414
0.00674598
0.00301087
0.00513373
0.002091
0.00474741
0.00617585
0.00390458
0.00314135
0.00391818
0.0044326
0.00268151
0.00315919
0.0031174
0.00692453
0.00676658
0.00513184
0.00709844
0.00548547
0.00549393
0.00602344
0.00520963
0.00696267
0.00685273
0.00605875
0.00670764
0.00608435
0.00652713
0.00481265
0.00682013
0.00512457
0.00497361
0.00621679
0.00613405
0.00720054
0.00264075
0.00262939
0.000785006
0.00709543
0.00477817
0.00588415
0.00642049
0.00354476
0.00665834
0.00728593
0.00634775
0.00592416
0.0044187
0.00188246
0.00546978
0.005439
0.000401692
0.00127328
0.00277297
0.000718926
0.00687665
0.00703233
0.00695763
0.00600631
0.00685637
0.003762
0.00700008
0.00704698
0.0072198
0.00706829
0.00162175
0.00371534
0.0049434
0.00660871
0.00640827
0.0069276
0.00651579
0.00702968
0.00671006
0.00649193
0.0071514
0.00666801
0.00630049
0.00498588
0.00160348
0.000551934
0.00102471
0.00503809
0.00601034
0.000615502
0.0071251
0.00728694
0.00458118
0.0070744
0.00690695
0.00421851
0.00594274
0.00686023
0.00145769
0.00535823
0.00062815
0.00072728
0.00577563
0.000652066
0.00227512
0.00122616
0.00681385
0.00317367
0.00548399
0.00140373
0.00203976
0.000487054
0.000215923
0.000221978
0.00380442
0.000793678
0.00455144
0.00647012
0.00626829
0.00646945
0.00534765
0.0018662
0.00170356
0.00203505
0.00327289
0.000939038
0.00178474
0.00681405
0.00686173
0.00721687
0.00682035
0.0021171
0.00330893
0.00350104
0.0040449
0.00728561
0.0071273
0.00719907
0.00641719
0.00716235
0.00724028
0.0071865
0.00384223
0.00174653
0.00655178
0.00236528
0.00374086
0.00568971
0.00661537
0.000673705
0.000410625
0.0025667
0.000959482
0.00110512
0.000231927
0.000720853
0.00711004
0.00370754
0.00634364
0.000600077
0.00322084
0.00097199
0.00142412
0.00449009
0.00324527
0.00168677
0.00580248
0.00566089
0.00097104
0.00175351
0.00144894
0.00749643
0.00325026
0.00688435
0.00454431
0.00655771
0.00673705
0.00285866
0.00431333
0.00648268
0.0053005
0.00577424
0.00330311
0.00592277
0.0041984
0.00527627
0.0056746
0.00629724
0.00606437
0.00457073
0.00365039
0.00338547
0.00136722
0.000375323
0.00222988
0.00713615
0.00574251
0.00346343
0.00289479
0.00536872
0.00707063
0.0071105
0.000890178
0.000483104
0.00038908
0.00693825
0.0005712
0.000305534
0.000170432
0.0070814
0.00329456
0.00415709
0.0064461
0.00684356
0.00492366
0.00675191
0.000881061
0.00717907
0.00305821
0.00705823
0.00704794
0.00690699
0.00305026
0.00562055
0.0034854
0.00236428
0.00272229
0.00299728
0.00534373
0.00312034
0.00585803
0.00282295
0.00359341
0.0026275
0.00611526
0.00380474
0.00593291
0.00570446
0.00578879
0.00328808
0.00596245
0.00529221
0.00639621
0.00710731
0.00527701
0.00467713
0.00703672
0.00702076
0.00622129
0.00368426
0.00492019
0.00455492
0.00715239
0.0034335
0.00173878
0.00538396
0.0045726
0.0071078
0.00570056
0.00703973
0.00667426
0.00626578
0.00683524
0.00540087
0.00666274
0.00618812
0.00688859
0.00705018
0.00722282
0.00731377
0.00627571
0.00696855
0.00671694
0.000542535
0.00197064
0.00182939
0.00215305
0.000856217
0.00614645
0.00535621
0.0035356
0.00371877
0.00450394
0.0024854
0.00647147
0.00610926
0.00490108
0.00077522
0.000832525
0.00568969
0.0051654
0.00632337
0.00677909
0.00690305
0.00630867
0.00706122
0.00690201
0.00259243
0.00259113
0.00452308
0.00188308
0.00197446
0.00423603
0.00123087
0.00296257
0.000973832
0.00319194
0.00144635
0.00614841
0.00241734
0.00221999
0.00133985
0.00123153
0.00284714
0.00522088
0.00118448
0.00324298
0.00714065
0.00239774
0.000606855
0.0032924
0.00145769
0.00468032
0.00326657
0.00486912
0.00500711
0.00519525
0.00638151
0.00350151
0.00246015
0.000146963
0.00141857
0.00295536
0.0066648
0.00691559
0.00693971
0.00545212
0.00551286
0.0046886
0.00500181
0.00195213
0.000983518
0.00411655
0.00170594
0.00596474
0.00705375
0.00682577
0.00130706
0.005851
0.0071351
0.00682352
0.00709175
0.00202044
0.00139544
0.00116803
0.00377752
0.000760397
0.00148387
0.00452323
0.00288358
0.00309471
0.00114668
0.00140807
0.00270441
0.00137941
0.000852825
0.00109116
0.00116876
0.000946656
0.0013761
0.00105544
0.0072589
0.00719016
0.00721453
0.00130421
0.00392385
0.00513932
0.0043256
0.00565265
0.00351585
0.00143191
0.00282837
0.000190666
0.00713025
0.00292429
0.00350427
0.00131797
0.00297228
0.000902009
0.00163325
0.000929148
0.00395104
0.00697321
0.00726069
0.00158428
0.00676888
0.00614109
0.00684806
0.00680741
0.00583851
0.00106703
0.00203361
0.000871908
0.00124756
0.000791285
0.000678212
0.00565072
0.00629049
0.00658391
0.00710981
0.00655783
0.00669992
0.00662903
0.00611015
0.00264332
0.00380509
0.00586469
0.00717933
0.0049841
0.00725367
0.00373539
0.00543916
0.00581177
0.00658082
0.00469815
0.00621852
0.00553013
0.00635843
0.00570224
0.00354179
0.00336135
0.00452145
0.00673389
0.00674496
0.00703881
0.00589538
0.00640914
0.00586685
0.00719382
0.00149734
)
;

boundaryField
{
    outlet
    {
        type            calculated;
        value           nonuniform List<scalar> 0();
    }
    walls
    {
        type            nutkWallFunction;
        blending        stepwise;
        value           nonuniform List<scalar> 
202
(
0.000338893
0.00035169
0.000316882
0.000343318
0.000352552
0.000348029
0.000441201
0.000436918
0.000351367
0.000433697
0.000308183
0.000355695
0.000282424
0.000312325
0.000388561
0.000286676
0.000349296
0.000391079
0.000352122
0.000342396
0.000274886
0.000280038
0.000332489
0.000279391
0.000343206
0.000359688
0.000275677
0.000346906
0.000340443
0.000259678
0.000328484
0.000307189
0.000340443
0.000419521
0.00045347
0.000424757
0.000418939
0.000350174
0.000345231
0.000281384
0.000276177
0.000272231
0.00032536
0.000324479
0.000319298
0.000330012
0.000324825
0.000309102
0.000331379
0.000326223
0.000326588
0.000541697
0.000320697
0.000316124
0.000315139
0.000406779
0.000447624
0.000312186
0.000452005
0.000312894
0.000450423
0.000314854
0.000313132
0.000367374
0.000305852
0.000348262
0.000327143
0.000300739
0.00030994
0.000406017
0.000352244
0.000323772
0.000335088
0.000341463
0.000366123
0.000467085
0.000328752
0.00029845
0.000357925
0.000362072
0.000394453
0.000336044
0.000388426
0.000390238
0.0003927
0.000470609
0.000332143
0.000339406
0.000551914
0.000267015
0.000523677
0.000382077
0.000394272
0.000445774
0.000331017
0.000328473
0.000413127
0.000351679
0.000355564
0.000323285
0.000377096
0.000512188
0.000272344
0.000334982
0.000323265
0.000608325
0.00041687
0.000324439
0.000501666
0.000602781
0.000407106
0.000298579
0.000361412
0.00028552
0.000257288
0.000242901
0.000402168
0.000426973
0.000416728
0.000421943
0.000329374
0.000510634
0.00030182
0.000388533
0.000306645
0.000421463
0.000511691
0.000308077
0.0003022
0.000297293
0.000516474
0.000646789
0.000277642
0.000437496
0.000277619
0.000355628
0.000437613
0.000300155
0.000366632
0.000323825
0.000398941
0.000328393
0.000407804
0.000403233
0.000284964
0.00049259
0.000319588
0.000288405
0.000339855
0.000335664
0.000547772
0.000323618
0.00031849
0.000383637
0.000531163
0.000315739
0.000404915
0.000399262
0.000393548
0.000460718
0.000403784
0.00044843
0.000368813
0.00045365
0.000505613
0.00050007
0.000341078
0.00033585
0.000406199
0.000454218
0.000390574
0.000351067
0.000355761
0.000259776
0.000483183
0.00057732
0.000336554
0.00048871
0.000360253
0.000341687
0.000353068
0.000394764
0.00024584
0.000175549
0.000568735
0.000333679
0.000328218
0.000424304
0.000338957
0.000391513
0.000400427
0.000175099
0.000344367
0.000578018
0.000340498
0.000395493
0.000345879
0.000367256
0.000372205
0.000341524
0.000371927
0.000412022
)
;
    }
    inlet
    {
        type            calculated;
        value           nonuniform List<scalar> 0();
    }
    model
    {
        type            nutkWallFunction;
        blending        stepwise;
        value           nonuniform List<scalar> 
57
(
7.16527e-05
5.51416e-05
7.46624e-05
9.58696e-05
9.55839e-05
9.31113e-05
0.000104498
9.36333e-05
0.00011828
0.000112576
9.24795e-05
8.90666e-05
9.20206e-05
0.000112421
0.00011846
9.30228e-05
0.000105402
9.65177e-05
5.5836e-05
5.74798e-05
5.35233e-05
5.50124e-05
7.47178e-05
0.000109577
6.58613e-05
7.41051e-05
8.13269e-05
8.11729e-05
8.07131e-05
9.352e-05
0.000102374
0.000116172
6.5404e-05
6.72548e-05
9.23777e-05
8.99588e-05
6.69429e-05
6.68157e-05
6.45196e-05
6.5247e-05
6.80277e-05
6.156e-05
0.000102656
0.000103148
9.29317e-05
6.78111e-05
6.43381e-05
9.00742e-05
9.30889e-05
6.49315e-05
0.000113835
8.60176e-05
8.50291e-05
8.75688e-05
8.54083e-05
8.63948e-05
8.78805e-05
)
;
    }
    procBoundary4to1
    {
        type            processor;
        value           nonuniform List<scalar> 
43
(
0.00658055
0.0031941
0.00265622
0.00671649
0.00316488
0.00295526
0.00705151
0.00607649
0.00695776
0.00474507
0.00406453
0.00467271
0.00376156
0.00531706
0.00543231
0.002833
0.0034346
0.00254125
0.00464312
0.00724742
0.00352787
0.00453867
0.00344181
0.004155
0.00337343
0.00387526
0.00348695
0.00734704
0.00272341
0.00559789
0.0037238
0.00523897
0.00603132
0.00704615
0.00250549
0.00654075
0.00611944
0.00640113
0.00514252
0.00573357
0.00371158
0.00580317
0.00379854
)
;
    }
    procBoundary4to2
    {
        type            processor;
        value           nonuniform List<scalar> 
118
(
0.00358881
0.00203184
0.00210139
0.00465755
0.00184055
0.00334663
0.00316281
0.00316281
0.000649566
0.00289222
0.00447894
0.00333837
0.004128
0.00204484
0.000716329
0.00480661
0.00137151
0.00357016
0.00340236
0.00559397
0.00165647
0.00566479
0.00359045
0.00514247
0.00449438
0.00573898
0.00378802
0.00378802
0.00737762
0.000814116
0.00305633
0.0023215
0.00391603
0.00371902
0.00565834
0.00162784
0.0063915
0.00571429
0.00177765
0.0072644
0.00233972
0.00736767
0.00719685
0.002097
0.00261442
0.000538564
0.00515881
0.000918228
0.00145178
0.00167828
0.00298689
0.00745598
0.00741778
0.00697302
0.00474783
0.00747384
0.00396699
0.00692698
0.00503578
0.00110661
0.00501842
0.00632036
0.00549469
0.0025896
0.00328571
0.00350608
0.00176791
0.000803752
0.00667978
0.00127755
0.000705646
0.00225985
0.00282945
0.00636792
0.00732596
0.00059784
0.0051996
0.00339242
0.00489508
0.00376466
0.00334663
0.0074684
0.000317954
0.00623242
0.00644407
0.00492431
0.00493357
0.0049601
0.00348997
0.00216586
0.00669512
0.00351906
0.0068611
0.00364939
0.00744061
0.00623242
0.00437228
0.00270322
0.00149654
0.00297767
0.00338565
0.00251007
0.00121225
0.00641764
0.00359813
0.00084583
0.00370594
0.00174291
0.00311
0.00464583
0.00547548
0.00298757
0.000503319
0.00685638
0.00572033
0.00696884
0.000803752
0.001186
)
;
    }
    procBoundary4to3
    {
        type            processor;
        value           nonuniform List<scalar> 
176
(
0.00450336
0.00322074
0.00658205
0.00686736
0.00708141
0.00448653
0.00437531
0.00227088
0.00436236
0.00280674
0.000307865
0.00228845
0.00462343
0.00388894
0.00659627
0.00275539
0.00549726
0.00117599
0.00484609
0.00673919
0.00425617
0.00169029
0.001109
0.00209186
0.000378785
0.000756519
0.000773884
0.00116652
0.00222746
0.00128702
0.00413597
0.00572702
0.00365215
0.000834451
0.00655471
0.00280836
0.00680732
0.000393234
0.000866288
0.00187789
0.00187789
0.00178399
0.000833399
0.000833399
0.000429861
0.00107195
0.00107195
0.00187071
0.00277823
0.00313299
0.00434318
0.00168099
0.000152127
0.00178156
0.00489872
0.00314488
0.00673919
0.00607971
0.0046174
0.0060461
0.00103346
0.00557389
0.00199145
0.00123506
0.000626416
0.000626416
0.00149142
0.0045651
0.00454576
0.00366247
0.00101912
0.00492818
0.00126652
0.00131945
0.00142294
0.000267782
0.000498482
0.0047442
0.00110349
0.00223205
0.00310346
0.00360071
0.000257432
0.00726123
0.00172108
0.00172108
0.000743202
0.000772157
0.00666221
0.00694881
0.00694069
0.003415
0.00639983
0.00208551
0.00555897
0.00465108
0.00674677
0.00474061
0.00578539
0.00720454
0.00119262
0.00387352
0.00407479
0.000733265
0.00502884
0.00303405
0.00384744
0.00453633
0.00304742
0.00383676
0.00265491
0.0010056
0.00327474
0.00182806
0.00286058
0.00151455
0.00324361
0.00174577
0.00174577
0.0062817
0.00156919
0.00145853
0.00235402
0.00703544
0.00111403
0.00392404
0.00520149
0.00654073
0.00478303
0.00556626
0.0055583
0.00198639
0.00647345
0.00720915
0.00343425
0.00343513
0.0047442
0.0010919
0.00636922
0.00169029
0.00170775
0.000729642
0.0057316
0.00115258
0.0021671
0.00418895
0.00641391
0.00684444
0.00691477
0.006219
0.00617347
0.00428489
0.00517118
0.00691397
0.000610174
0.000704865
0.00060471
0.00237802
0.000377621
0.00374736
0.00721897
0.00726896
0.00274063
0.000687422
0.000717521
0.00628091
0.00621433
0.00598142
0.000792969
0.00392823
0.00569667
0.00691477
0.00732406
0.00607417
0.00295074
0.004902
)
;
    }
    procBoundary4to5
    {
        type            processor;
        value           nonuniform List<scalar> 
222
(
0.00393501
0.0035164
0.00301865
0.00104255
0.00450771
0.00371539
0.00203704
0.0060569
0.00443853
0.00131418
0.00169688
0.00614694
0.00590694
0.00435654
0.00421037
0.0016129
0.000747821
0.00175578
0.000938898
0.00332063
0.00644527
0.000559575
0.000479045
0.0064751
0.00379248
0.00157486
0.000683245
0.00222766
0.00514857
0.00585095
0.00147001
0.00216533
0.00530814
0.00380265
0.0016129
0.00312696
0.00586964
0.00282496
0.000594248
0.00329082
0.000901113
0.000659415
0.00361007
0.0032224
0.00540385
0.000381575
0.000992885
0.00279195
0.000478271
0.000812354
0.00124373
0.00105539
0.00440124
0.00668238
0.00369891
0.00109663
0.00146749
0.00146749
0.0032224
0.00143391
0.00348852
0.00522459
0.000397391
0.00126987
0.00663067
0.0046658
0.000797128
0.00592268
0.0051249
0.00395178
0.00107751
0.000857641
0.00264845
0.00264845
0.00056114
0.00516398
0.00694004
0.00575476
0.0013371
0.000832032
0.00417687
0.00103005
0.000250344
0.00240476
0.000743407
0.000462544
0.00245855
0.000228998
0.00585095
0.00349832
0.00198952
0.00197341
0.0012644
0.000950679
0.00416569
0.00145777
0.00103954
0.00120885
0.00539873
0.00423097
0.00190469
0.000542701
0.00277423
0.00559796
0.00198122
0.00177052
0.00707395
0.00716977
0.000759409
0.000965176
0.00134891
0.00125234
0.001623
0.00355229
0.000711754
0.00103148
0.00579654
0.00549967
0.00135843
0.00411297
0.00230242
0.00346499
0.00594605
0.00217336
0.00558539
0.00526219
0.00332187
0.00378412
0.00506546
0.00110285
0.00210525
0.00180398
0.00108292
0.00315262
0.00442085
0.00433877
0.00179796
0.00625016
0.00613992
0.00392346
0.00652694
0.00681044
0.00323963
0.00323969
0.00435654
0.00262928
0.00203996
0.00135971
0.00361647
0.000791287
0.00460234
0.000502736
0.00342578
0.00662943
0.00335959
0.000888426
0.00091292
0.00266561
0.00196427
0.00259751
0.00316916
0.00195457
0.000902736
0.00660763
0.0050179
0.00386591
0.00178209
0.000911105
0.000327579
0.00324828
0.00452533
0.000797128
0.00322337
0.00548845
0.000889815
0.00522896
0.00271517
0.0031374
0.00119751
0.00569357
0.00509412
0.000677921
0.0030294
0.000791287
0.00307338
0.000889815
0.00322783
0.00149259
0.000792342
0.00107957
0.00327563
0.000862606
0.000673004
0.00387562
0.00327292
0.00390978
0.00360997
0.00210319
0.0018136
0.0018136
0.00311059
0.00106035
0.00355137
0.00670376
0.00575754
0.00098668
0.00229008
0.00134771
0.000466296
0.0017286
0.00275389
0.00253115
0.00306737
0.0064071
0.00325468
0.00223945
0.000920321
0.00289901
0.00185448
0.000964227
0.00105988
0.000917028
)
;
    }
    procBoundary4to6
    {
        type            processor;
        value           nonuniform List<scalar> 
32
(
0.00486174
0.00486602
0.00700534
0.00698157
0.00540592
0.00673022
0.00669718
0.00512517
0.00376182
0.00476511
0.00646458
0.00580551
0.00694152
0.00703712
0.00464582
0.0035788
0.00701228
0.00596524
0.00374327
0.005154
0.0063758
0.00697636
0.00585441
0.00594
0.00657634
0.00672766
0.00367331
0.00631759
0.00605138
0.00473675
0.0054641
0.00475528
)
;
    }
    procBoundary4to7
    {
        type            processor;
        value           nonuniform List<scalar> 6(0.00501876 0.00313928 0.00367301 0.00536529 0.0053938 0.0026325);
    }
}


// ************************************************************************* //
