/*--------------------------------*- C++ -*----------------------------------*\
| =========                 |                                                 |
| \\      /  F ield         | OpenFOAM: The Open Source CFD Toolbox           |
|  \\    /   O peration     | Version:  2506                                  |
|   \\  /    A nd           | Website:  www.openfoam.com                      |
|    \\/     M anipulation  |                                                 |
\*---------------------------------------------------------------------------*/
FoamFile
{
    version     2.0;
    format      ascii;
    arch        "LSB;label=32;scalar=64";
    class       volScalarField;
    location    "0.0263738";
    object      nut;
}
// * * * * * * * * * * * * * * * * * * * * * * * * * * * * * * * * * * * * * //

dimensions      [0 2 -1 0 0 0 0];

internalField   nonuniform List<scalar> 
3948
(
0.00180141
0.00249133
0.0056848
0.00121901
0.00118844
0.00643847
0.00122148
0.00121781
0.00314453
0.00708645
0.00411633
0.00454939
0.00158484
0.00177517
0.00080152
0.000663093
0.0008835
0.00440234
0.00109407
0.00473897
0.00300261
0.00150252
0.00440771
0.0058658
0.00451708
0.000805485
0.0048135
0.00155612
0.0030019
0.00413588
0.00245228
0.00163652
0.00220956
0.00243778
0.00063105
0.00528412
0.000501571
0.00166981
0.000571261
0.000800833
0.000664095
0.00176067
0.00211387
0.00214956
0.00585274
0.00190661
0.00226402
0.00225293
0.000922314
0.000713576
0.00485895
0.000711924
0.0004981
0.000446735
0.000588887
0.000854586
0.00696086
0.00220274
0.000603677
0.00554793
0.00154468
0.00142419
0.00172167
0.00248124
0.00263242
0.00228188
0.00345068
0.0036052
0.00292136
0.000401827
0.00235673
0.00190705
0.000389149
0.0069445
0.00461536
0.00592401
0.00492655
0.00276711
0.00102544
0.00272598
0.00128965
0.0013703
0.00359949
0.00579296
0.00143517
0.00111496
0.000538716
0.00102655
0.00284019
0.00682839
0.00193021
0.00612611
0.00199989
0.00306201
0.00456753
0.00247098
0.0025232
0.000825201
0.00633651
0.00604608
0.00508254
0.0034037
0.00176104
0.00551874
0.00389047
0.00305243
0.00435922
0.00251217
0.000925679
0.00217521
0.00356395
0.00169747
0.00347985
0.00347066
0.0019813
0.00561746
0.00320211
0.00239851
0.00193846
0.000167018
0.00293229
0.00619699
0.00148996
0.000525128
0.00244877
0.00569627
0.00257956
0.00127487
0.00128868
0.00244437
0.00282936
0.00660334
0.00128329
0.00104349
0.00557969
0.000901757
0.00377977
0.00118095
0.000730248
0.00379967
0.00114108
0.00271764
0.00663824
0.00520979
0.00223185
0.00472023
0.00570002
0.00227587
0.00061485
0.0026928
0.00624107
0.00201539
0.00351424
0.00203616
0.00408652
0.00507083
0.00613761
0.00333954
0.0018109
0.0025296
0.00430785
0.00244232
0.00639272
0.00658773
0.00695939
0.0061439
0.00194449
0.000860408
0.00322794
0.00167578
0.00317625
0.00461723
0.00365874
0.00120058
0.000583541
0.00652604
0.00357715
0.00117948
0.00502994
0.0050852
0.00218158
0.000733265
0.00122845
0.00221845
0.00641075
0.0017183
0.00139409
0.00533899
0.00291284
0.00398593
0.00320633
0.0025815
0.00607077
0.00381816
0.00487091
0.005437
0.004959
0.00200453
0.0035536
0.00288643
0.0031219
0.00590946
0.000434958
0.00372415
0.00203502
0.00425316
0.00201261
0.00115636
0.00174365
0.00212458
0.00493729
0.000566463
0.00419657
0.0036281
0.00520519
0.000647674
0.00531831
0.00141007
0.000852707
0.00481651
0.000862391
0.00194513
0.00198248
0.00602976
0.00335168
0.00569659
0.00248432
0.00461378
0.00677831
0.00242906
0.000910787
0.000691532
0.00316792
0.00223967
0.00212321
0.00128581
0.00384083
0.00206708
0.00551543
0.000173053
0.00272488
0.00439045
0.00501264
0.00242702
0.00217035
0.00488695
0.00262216
0.00205438
0.00576158
0.006911
0.00602012
0.00490312
0.00687913
0.00361156
0.000982804
0.00174818
0.0020721
0.000657489
0.00303139
0.00520344
0.00404449
0.00141346
0.00180538
0.000294388
0.00058097
0.00155617
0.00174452
0.00359821
0.000813103
0.000912911
0.00373841
0.00358331
0.00461688
0.001404
0.00149016
0.00327361
0.00167116
0.00286656
0.00223413
0.00140611
0.00211382
0.00281407
0.000920763
0.00106703
0.0030857
0.00432845
0.00319585
0.00244102
0.0021569
0.00374741
0.00139538
0.00295439
0.00285273
0.00206729
0.00142124
0.0026331
0.00166958
0.000838994
0.00119136
0.00114906
0.000972936
0.000405384
0.00613105
0.00179436
0.0039245
0.00587556
0.00617376
0.0023033
0.00057024
0.00334621
0.00683252
0.00350669
0.00193276
0.00129485
0.00669171
0.00583125
0.000864273
0.000485441
0.00188517
0.00121419
0.000882006
0.00182385
0.00182244
0.0012388
0.00572591
0.00505252
0.00581573
0.00562193
0.0042193
0.00478705
0.00132815
0.000569923
0.000507319
0.00214123
0.000796496
0.00654532
0.000167813
0.00310549
0.00159174
0.000913143
0.00104272
0.00218483
0.00135831
0.00155062
0.00239712
0.00215603
0.00155945
0.00111394
0.00185311
0.00164856
0.003686
0.0012472
0.0015361
0.000861892
0.00204107
0.00574953
0.005646
0.00184914
0.00619434
0.00354309
0.000852174
0.00376965
0.000477624
0.00159586
0.00278982
0.00174151
0.0046316
0.00607691
0.00487956
0.00473832
0.00403256
0.00332728
0.0027283
0.00187022
0.00178984
0.000831832
0.000863917
0.000818047
0.0046783
0.00345018
0.00250199
0.00204381
0.00409269
0.00308488
0.00124471
0.00110947
0.00162152
0.000530468
0.00186147
0.00187639
0.00214391
0.00306462
0.00281739
0.00281902
0.00648962
0.00600422
0.0057821
0.00668444
0.00599202
0.00073395
0.00360282
0.00550694
0.00632758
0.00365648
0.00498778
0.00442093
0.000909325
0.00264726
0.000582987
0.00301082
0.00680602
0.00689468
0.00400224
0.00294694
0.0035259
0.00404321
0.00443294
0.00580324
0.00281529
0.00649594
0.00657602
0.00642213
0.00112868
0.001041
0.00112461
0.00135485
0.00586012
0.000736597
0.00678536
0.0025624
0.00208261
0.00298101
0.00180838
0.00199881
0.000603919
0.00103415
0.00075043
0.00110639
0.0010206
0.002002
0.00354803
0.00408404
0.000302242
0.00221167
0.00365389
0.00249101
0.000422119
0.00543329
0.0016329
0.00548015
0.00116713
0.00281074
0.00494388
0.00688902
0.000599906
0.00397393
0.00267919
0.00270603
0.00313767
0.00458763
0.00279756
0.00343546
0.00595304
0.00145362
0.00337163
0.00302694
0.00304376
0.00351348
0.00244872
0.00081923
0.000661204
0.00167883
0.000435351
0.00156451
0.00337956
0.00323112
0.00290042
0.00413976
0.00362776
0.00187203
0.00226505
0.00186833
0.0027194
0.00702442
0.00706821
0.00709752
0.00444986
0.00167289
0.00222971
0.00246751
0.00103663
0.00142476
0.0018546
0.00186112
0.00437814
0.000422215
0.000492574
0.00125893
0.00241581
0.0021205
0.00162985
0.0023701
0.00313015
0.00206209
0.00158611
0.00432331
0.00324
0.000621012
0.00379224
0.00336143
0.00585226
0.00344172
0.00246424
0.00165143
0.00175377
0.00155107
0.00134017
0.00653037
0.000763092
0.000781509
0.00080852
0.000749144
0.00103016
0.00249165
0.00115384
0.00136118
0.00198697
0.00256022
0.00328947
0.00216832
0.0025851
0.000564898
0.0052266
0.00600335
0.0059818
0.00442595
0.00360009
0.00180488
0.00274324
0.00691839
0.00585019
0.00634278
0.00190928
0.00162922
0.00157462
0.00144105
0.00281368
0.00488479
0.00565923
0.0058195
0.00593571
0.00411796
0.00641307
0.00689176
0.00480862
0.00324944
0.00419783
0.00289868
0.00356547
0.00575738
0.00463338
0.00229236
0.0033242
0.00310739
0.00349303
0.00677257
0.00342928
0.00115987
0.0030095
0.00296821
0.00243425
0.00685768
0.0067456
0.00607638
0.00457836
0.0037287
0.00682862
0.00518985
0.00677367
0.00383314
0.00352982
0.00472348
0.00366396
0.00340924
0.00304771
0.00279066
0.00180109
0.00209781
0.00689192
0.00709865
0.00691096
0.0050552
0.00276313
0.00333673
0.00223597
0.00405353
0.00356602
0.00420903
0.00166492
0.00144403
0.000701578
0.001514
0.00260895
0.00183104
0.00352602
0.00705037
0.00679394
0.00699379
0.00232185
0.000901199
0.000827755
0.000658593
0.000794907
0.00536747
0.00577527
0.00323499
0.00627258
0.00500263
0.00226696
0.00514363
0.00413235
0.00330841
0.00306807
0.00468732
0.00222124
0.00174115
0.00272089
0.00187222
0.00166513
0.00581254
0.00303497
0.00431055
0.00426134
0.00185363
0.00484526
0.00683533
0.00451321
0.00276281
0.00588954
0.00439758
0.00169565
0.00285185
0.00667704
0.00155947
0.00177731
0.00609431
0.00344534
0.00345814
0.00214257
0.00464686
0.00416262
0.0026529
0.00221156
0.00349923
0.00479137
0.00665536
0.00276663
0.0025972
0.00489759
0.00166062
0.00112807
0.00295216
0.00170067
0.00270482
0.00152735
0.000334767
0.00302511
0.00679168
0.00243614
0.00623315
0.00358316
0.00655224
0.00585252
0.00347595
0.00271704
0.00474108
0.00159356
0.00132612
0.00325128
0.00237797
0.00269979
0.00284169
0.00704125
0.00152139
0.000545339
0.00254568
0.00374864
0.00196746
0.00390562
0.000558339
0.00440362
0.00131696
0.00253435
0.00121932
0.00322669
0.00198185
0.00211029
0.00187859
0.0013497
0.00140809
0.00584601
0.00466609
0.00146756
0.0023929
0.00225039
0.00591598
0.00198739
0.00439886
0.00569504
0.00281113
0.0030812
0.00482524
0.00319148
0.002979
0.000421659
0.00207493
0.00356612
0.00298685
0.00193761
0.00126424
0.00308669
0.00175946
0.00611166
0.00183611
0.00704755
0.00018854
0.00344792
0.00405565
0.000353482
0.000557104
0.000799808
0.00424791
0.000784904
0.00087588
0.000858544
0.00369096
0.00156623
0.000758243
0.00213811
0.00204465
0.000702779
0.000880192
0.00236549
0.00168001
0.000661942
0.0006446
0.000777586
0.000927005
0.00596935
0.00270171
0.00102835
0.00316465
0.00402933
0.000818828
0.00188807
0.00060534
0.0019193
0.00346153
0.00224374
0.00399395
0.00681084
0.00182649
0.00447318
0.00561485
0.00327017
0.000895298
0.00239265
0.00627551
0.00566127
0.0069513
0.00704779
0.00679179
0.000533346
0.00533476
0.00107611
0.00224812
0.00158371
0.00648954
0.00229086
0.00600806
0.00276405
0.0063258
0.00490614
0.00584209
0.00205963
0.00192993
0.00514738
0.0012278
0.00605558
0.0062163
0.00311411
0.00124824
0.00086618
0.00323228
0.000990637
0.0013361
0.0043631
0.0022208
0.00207773
0.0021497
0.00434691
0.00306918
0.0069567
0.00557243
0.000365201
0.00105717
0.00531391
0.00358009
0.00101592
0.00180293
0.00385628
0.00546009
0.00280416
0.00365001
0.00121451
0.00648749
0.00277914
0.00060253
0.000658383
0.000843363
0.00171944
0.00109558
0.000622682
0.00201383
0.000970172
0.00111987
0.00181865
0.000560025
0.0029592
0.00319627
0.000712082
0.000697329
0.00592213
0.000485041
0.00382125
0.00115658
0.00116911
0.00441985
0.00122421
0.00511852
0.00412264
0.00183044
0.000651604
0.00101306
0.00050633
0.00096249
0.00360728
0.00285525
0.000830529
0.00451721
0.004343
0.00372418
0.00415607
0.00319607
0.00411928
0.00334675
0.00158215
0.00191383
0.00334456
0.00566209
0.00256714
0.00420035
0.00453243
0.000361821
0.00217596
0.00180429
0.000898166
0.00138009
0.00124562
0.00146314
0.00597332
0.00300248
0.00147905
0.00220614
0.0004453
0.00564202
0.00257245
0.00164575
0.0019671
0.00130882
0.0012403
0.00132841
0.00343367
0.00184637
0.00123976
0.00638316
0.00228958
0.000958709
0.00130399
0.000799347
0.00617865
0.00163058
0.00323115
0.00115006
0.000975027
0.000965342
0.000599723
0.00569664
0.00291687
0.0050815
0.000580376
0.000576788
0.00145516
0.00161211
0.00271677
0.000505043
0.00185521
0.00118213
0.00658159
0.00330892
0.00656587
0.001876
0.00682839
0.00314082
0.00532995
0.00695532
0.000483652
0.0033661
0.00168684
0.000517002
0.000877665
0.00138453
0.00602589
0.00354446
0.00140013
0.00653472
0.00282764
0.000872046
0.00124884
0.00337133
0.00460502
0.00376437
0.000984421
0.000893349
0.000632855
0.00371766
0.0012392
0.00641776
0.0061562
0.00328692
0.00164518
0.00109178
0.00238939
0.00568939
0.00634732
0.000670117
0.000820293
0.00198415
0.00362965
0.00176249
0.00300264
0.00637737
0.00100987
0.00119394
0.00162714
0.00169286
0.00148672
0.00184579
0.00110784
0.00152163
0.000632484
0.00151044
0.00573395
0.00412414
0.00411312
0.00229662
0.00204491
0.000633149
0.00130657
0.00683092
0.00308856
0.0049597
0.00565079
0.00546099
0.00218161
0.00624446
0.00266406
0.00263044
0.00497554
0.00235864
0.0057334
0.00574807
0.00523916
0.00274648
0.00629957
0.0031908
0.00628079
0.000956335
0.00103904
0.00116994
0.00189345
0.00107971
0.000848448
0.00157477
0.00182176
0.00469144
0.000970234
0.00254238
0.00200214
0.000645513
0.000585754
0.0061022
0.00489067
0.0068071
0.0018674
0.00504304
0.00368958
0.0056318
0.00710142
0.00368624
0.00221167
0.000843294
0.0020075
0.00484398
0.00142724
0.00101462
0.00559943
0.0050685
0.00266407
0.00431982
0.00192264
0.00290133
0.00189584
0.000640829
0.00272751
0.00448697
0.00325708
0.00251644
0.00605889
0.00518566
0.0019691
0.00107338
0.00377215
0.00284481
0.00139628
0.00601221
0.00127284
0.00322114
0.00266072
0.0030339
0.00185306
0.00441401
0.00399655
0.00279794
0.00234963
0.00124632
0.00124676
0.000619492
0.000225801
0.00167891
0.00186649
0.00211133
0.000372574
0.000517577
0.000599215
0.000347404
0.00113905
0.00432094
0.00233673
0.000621659
0.00135725
0.00321761
0.0050039
0.00127738
0.00122848
0.00236924
0.000908339
0.000466057
0.000440374
0.00146061
0.0056508
0.00278028
0.00513681
0.00203904
0.00194372
0.00166962
0.0014331
0.00155064
0.000925076
0.000881957
0.00535402
0.00522975
0.00639242
0.00200542
0.00353874
0.00134212
0.00050109
0.00505596
0.000852186
0.00123457
0.00189868
0.00541167
0.00422394
0.003601
0.00252879
0.00151744
0.0013639
0.0013012
0.00131052
0.000734201
0.00195554
0.000890532
0.00156131
0.00592618
0.000176715
0.00263115
0.00676771
0.00348444
0.00447968
0.00699331
0.00586154
0.00707383
0.00126548
0.00208081
0.000986829
0.0016551
0.000532963
0.00175505
0.00100512
0.00490935
0.00326256
0.00309546
0.00602183
0.00204624
0.00229042
0.000767756
0.00475954
0.00143943
0.00139738
0.00144858
0.000853292
0.0050045
0.0043481
0.00273364
0.00141557
0.00181865
0.00181926
0.000777369
0.00205992
0.00108697
0.000363348
0.00053693
0.00020621
0.00295526
0.00146875
0.00477456
0.00596572
0.0051814
0.00159165
0.000742306
0.00115331
0.000736567
0.000759118
0.00192977
0.00178116
0.00213877
0.00146031
0.00128284
0.00203081
0.00130693
0.00225365
0.00137432
0.00141239
0.00438897
0.00225032
0.00532969
0.005858
0.00189783
0.000488918
0.000320989
0.00115451
0.00104229
0.000344376
0.00272376
0.000757652
0.00309794
0.000987606
0.00138428
0.00179923
0.000758716
0.000841834
0.00102435
0.00105229
0.00580876
0.000783781
0.00516152
0.00466065
0.00102999
0.00249933
0.00404878
0.00387071
0.00417943
0.00431783
0.00360252
0.00132029
0.0013016
0.00116403
0.00184934
0.00122211
0.00117891
0.00111952
0.00217742
0.0017359
0.0018643
0.00233591
0.00230395
0.00172659
0.00208499
0.00175486
0.00257165
0.00198779
0.00615741
0.00195628
0.00194625
0.00245717
0.00395236
0.00151976
0.000952506
0.00259067
0.00331794
0.000784526
0.0022499
0.00258127
0.00607277
0.00228182
0.00312169
0.00147944
0.00457443
0.0020955
0.00313436
0.00168367
0.00142492
0.00140241
0.00398736
0.000699646
0.00121351
0.00182646
0.000866575
0.0023171
0.00649275
0.00688403
0.00211972
0.00212876
0.00209572
0.00202553
0.00227294
0.00254819
0.00126177
0.00201879
0.0066747
0.000914306
0.00116546
0.00100559
0.00217009
0.00252266
0.00194642
0.00111509
0.00193081
0.00225752
0.00142531
0.00218938
0.000921184
0.00182644
0.00277248
0.000201892
0.000253003
0.000659207
0.000870258
0.00165414
0.00113662
0.00126322
0.00171939
0.000600896
0.00256499
0.00159355
0.000729103
0.0050653
0.00317594
0.0027405
0.00216418
0.00175904
0.00555537
0.00226627
0.00114139
0.00198193
0.00152959
0.00523713
0.000181897
0.000733488
0.00144233
0.000413258
0.000766222
0.00417553
0.00626751
0.00156711
0.00645107
0.00434115
0.00362832
0.00478659
0.00390894
0.0060281
0.00691972
0.00175904
0.00553938
0.00170347
0.00708539
0.00668938
0.000343471
0.00504521
0.00395977
0.000641267
0.00307414
0.00208
0.000533529
0.00331105
0.00122519
0.00151
0.000389713
0.0018644
0.00101738
0.000238575
0.00212204
0.00107219
0.000550643
0.00216037
0.00058265
0.00080725
0.000786026
0.0014569
0.00114545
0.00528598
0.00193669
0.00362373
0.00243778
0.00100719
0.00101074
0.00245537
0.000715361
0.00161709
0.00218179
0.000331434
0.00185307
0.000863086
0.00584602
0.00711705
0.00103944
0.00159882
0.00177932
0.000447853
0.000398436
0.00203562
0.00612076
0.00115103
0.000551393
0.000962654
0.0057352
0.00190102
0.0059051
0.00299459
0.007142
0.00198551
0.00332154
0.00407349
0.00246539
0.00570339
0.00691897
0.00459303
0.00308154
0.00392593
0.00606457
0.000513824
0.00706194
0.000672459
0.0017843
0.006429
0.00126654
0.00137919
0.00453781
0.00106126
0.00242632
0.00534048
0.000667568
0.00164487
0.00211271
0.00569142
0.00117327
0.00599213
0.00108123
0.00390043
0.000618697
0.00140648
0.00134858
0.00402553
0.00287574
0.00275787
0.00322834
0.00140041
0.00183693
0.00468095
0.00159706
0.00116806
0.000529837
0.00145045
0.000842211
0.00531911
0.00651483
0.00426358
0.00192817
0.00291542
0.00168208
0.00504798
0.00390014
0.00260056
0.00143832
0.00120947
0.00393238
0.00101736
0.00224089
0.00185125
0.0024967
0.00156803
0.00115791
0.00117802
0.00112319
0.00585666
0.0049356
0.00266985
0.00445963
0.00237462
0.000836017
0.00224787
0.00484591
0.0056535
0.0016572
0.000534867
0.00431908
0.00346041
0.00702763
0.00120498
0.0037645
0.00455526
0.00217832
0.0034377
0.00444757
0.00204256
0.00250964
0.00334063
0.00200746
0.00190904
0.000642421
0.00680005
0.00317662
0.00700432
0.001077
0.0065344
0.00667094
0.00701298
0.00193184
0.00203435
0.00407495
0.00464687
0.000643006
0.00205661
0.00440294
0.00181776
0.00310875
0.000377807
0.00079974
0.00570367
0.00399146
0.00246717
0.00434517
0.00111733
0.00456228
0.00331992
0.00185954
0.00631816
0.00174431
0.0017607
0.000261399
0.00558812
0.000960769
0.00240673
0.00655654
0.00678923
0.00194616
0.00460082
0.00338193
0.00130357
0.00621541
0.00658626
0.00414439
0.00206164
0.00342912
0.00141359
0.00114011
0.00579541
0.00185695
0.00529806
0.000826949
0.00495459
0.00281591
0.00298296
0.00462569
0.0040697
0.00229344
0.0059102
0.00382876
0.00345559
0.00195835
0.00382355
0.00598242
0.00279453
0.00278869
0.00588309
0.00501024
0.0027893
0.00505095
0.00600356
0.00611601
0.00353091
0.00278234
0.000753991
0.000764873
0.000351818
0.000514514
0.00138713
0.00133126
0.00135342
0.00180367
0.000514553
0.0026196
0.00165299
0.00432507
0.00656524
0.000820709
0.00365761
0.00611409
0.0055488
0.00526153
0.00454696
0.0055111
0.00494884
0.00223821
0.00227856
0.00123748
0.000851827
0.00223115
0.00293625
0.00623774
0.00556404
0.000997384
0.000722627
0.00320029
0.00218777
0.000432647
0.000694177
0.00138914
0.00148246
0.00119296
0.00145123
0.00696901
0.00408669
0.00591684
0.0066989
0.00196578
0.000990481
0.000937254
0.000450627
0.000698941
0.0011192
0.00197934
0.00379303
0.000586774
0.00196424
0.00184315
0.00214374
0.000870571
0.00099783
0.000943261
0.00129132
0.000999672
0.000602121
0.00211619
0.000953645
0.00409904
0.00479364
0.00408417
0.00174621
0.00208469
0.00461513
0.00397939
0.00676755
0.00552976
0.00033929
0.00299182
0.000476218
0.00184323
0.000327739
0.00126217
0.00362834
0.00384756
0.00139887
0.00314854
0.00177294
0.00706259
0.000328206
0.000404447
0.00100562
0.0011336
0.00107153
0.00189089
0.00327221
0.006841
0.00377958
0.000631113
0.000642769
0.00109608
0.00402206
0.000350862
0.00676623
0.00325875
0.000904125
0.000562725
0.00267544
0.00336817
0.00110008
0.00242113
0.00046322
0.0014696
0.00295967
0.000338405
0.000759804
0.000871248
0.000711479
0.000615425
0.00155476
0.0015217
0.00148023
0.000989392
0.00108339
0.00142023
0.00180939
0.000684673
0.000930228
0.000851964
0.00301728
0.00104381
0.00114857
0.00120775
0.00617609
0.00700755
0.00697165
0.00640557
0.00585546
0.00143792
0.00329142
0.00456623
0.00104814
0.00216361
0.000854696
0.002447
0.000636413
0.00456289
0.00116395
0.00108997
0.00100155
0.00640725
0.00244922
0.00144639
0.00692349
0.00464779
0.000557575
0.00159086
0.00163253
0.00233906
0.00365976
0.00102583
0.00362715
0.0017877
0.00456659
0.00574892
0.00131915
0.00666713
0.00599328
0.00443997
0.00611774
0.00606727
0.0039138
0.00178537
0.00209872
0.00217589
0.00200076
0.0056962
0.00448664
0.0017845
0.00150957
0.00645139
0.00701987
0.00124362
0.00143172
0.00112298
0.00150216
0.0022121
0.0040982
0.00302485
0.00500721
0.00591529
0.000928207
0.00638266
0.00122885
0.00205574
0.00206189
0.00231177
0.00490884
0.00217629
0.00277092
0.000360994
0.00203716
0.00434897
0.000626833
0.00243693
0.00246984
0.00514737
0.00201463
0.000707316
0.000567348
0.00109841
0.000540732
0.00110579
0.00489659
0.00111848
0.00110262
0.000685453
0.00240682
0.000804039
0.00142655
0.00262482
0.00429138
0.00170194
0.00248698
0.00504585
0.00458957
0.00404336
0.00249865
0.00166324
0.00070556
0.00226407
0.0036042
0.00305939
0.00226322
0.000492752
0.00159082
0.00082046
0.00252263
0.00140623
0.00379043
0.00405633
0.000337988
0.000892448
0.000788919
0.00106631
0.00472248
0.00112595
0.00118729
0.00121253
0.000572576
0.00183674
0.000867742
0.00157376
0.00113172
0.00116411
0.00151155
0.00152471
0.000655934
0.00362352
0.00583548
0.00318162
0.000783239
0.00435949
0.00387391
0.000844609
0.00264916
0.000904885
0.000996004
0.00153957
0.0019457
0.00170735
0.001732
0.00506561
0.0013616
0.00171348
0.000726075
0.000932486
0.00132145
0.00142909
0.0036919
0.00493336
0.00393654
0.00325673
0.00207186
0.00276609
0.0025878
0.0058179
0.00603412
0.00149136
0.00291769
0.00370311
0.000730627
0.00110913
0.0020909
0.00360237
0.00311914
0.00188982
0.00230459
0.00321396
0.00466696
0.00418091
0.000649854
0.00124471
0.00351458
0.00100168
0.000670781
0.00128843
0.000709217
0.00058759
0.000697515
0.000364389
0.00120215
0.00466554
0.00141001
0.00418292
0.000667913
0.00236509
0.000652675
0.000807126
0.00135208
0.0020244
0.00137593
0.00274568
0.00305382
0.00277957
0.00037685
0.00383035
0.00712689
0.00503256
0.000500957
0.003897
0.00294182
0.00418471
0.00122072
0.00249773
0.00614266
0.000266326
0.000906868
0.000912627
0.0010171
0.00116532
0.000948377
0.000890781
0.00251495
0.00346682
0.00146288
0.00610655
0.000822062
0.00191378
0.00312155
0.000681588
0.00303004
0.0036522
0.00370659
0.00285574
0.00315086
0.00267128
0.00258864
0.00205118
0.0028648
0.0044517
0.000841813
0.000426537
0.00217743
0.00180098
0.00294894
0.00300579
0.00444638
0.00525709
0.00562327
0.00096392
0.00409514
0.00287322
0.00218698
0.00202536
0.00438179
0.00329944
0.0024561
0.00335564
0.00221459
0.00257789
0.00586984
0.00645821
0.002118
0.00283366
0.00593744
0.00188019
0.0061537
0.00118725
0.00248759
0.00157502
0.00102263
0.000814576
0.00048346
0.000621885
0.000406122
0.000620045
0.000341468
0.000859834
0.00100034
0.000114167
0.00150509
0.00415037
0.000621726
0.000793002
0.00101277
0.00350299
0.000993064
0.000606425
0.00045293
0.000575849
7.61301e-05
0.00221675
0.00172144
0.00381154
0.00300916
0.00289699
0.00293869
0.00177909
0.00038353
0.000592434
0.00103972
0.00261177
0.00134941
0.00659273
0.0043079
0.00364333
0.00380914
0.00351095
0.00488397
0.00631816
0.00630333
0.00197084
0.00127018
0.00333678
0.00265352
0.00433431
0.00280075
0.0026815
0.00234841
0.00266551
0.0007072
0.00274875
0.00147865
0.00189596
0.0041328
0.00516465
0.00297355
0.00310752
0.00388141
0.0022152
0.00257456
0.00121445
0.00426281
0.00236495
0.00177364
0.00526202
0.00531527
0.00471937
0.00495482
0.00236295
0.00533496
0.00361451
0.00114536
0.00224161
0.00651538
0.00196051
0.00140566
0.00332604
0.00267549
0.000907408
0.000602436
0.00341778
0.000721153
0.00230491
0.0048844
0.0036031
0.0026194
0.00384294
0.00491932
0.00370424
0.0042248
0.00260708
0.00340777
0.00234913
0.00199502
0.000613431
0.00449267
0.00408038
0.00220761
0.00309141
0.00122262
0.000606549
0.000958533
0.00105756
0.000625056
0.00621824
0.00470291
0.00631452
0.00597467
0.00588692
0.00580268
0.0031144
0.000949949
0.000941515
0.00132598
0.000721126
0.00125482
0.00143074
0.00177663
0.000461782
0.00186273
0.00292044
0.00271828
0.00232646
0.00179685
0.00109549
0.00172231
0.00215069
0.00208319
0.00149295
0.00159345
0.00174888
0.001731
0.00125673
0.00106192
0.00196305
0.00190047
0.00306925
0.00180486
0.00135113
0.00174551
0.00186878
0.00174066
0.00106776
0.00242154
0.00621892
0.00303756
0.00147003
0.000444446
0.00112133
0.00564645
0.0058283
0.00645047
0.00422895
0.00629967
0.000498702
0.000595596
0.000813018
0.00664842
0.000446691
0.000682927
0.00239665
0.000948468
0.0025535
0.00206604
0.00135598
0.00164046
0.00197296
0.000832907
0.00243362
0.0035037
0.00289757
0.00153103
0.00338212
0.0042282
0.00282923
0.00341847
0.00383295
0.00208863
0.00313768
0.000910562
0.00187787
0.0015526
0.00681216
0.00526784
0.00301143
0.00478846
0.00654907
0.00660397
0.00345842
0.00507103
0.00183243
0.00687292
0.00301037
0.00598783
0.00453979
0.00386887
0.00165319
0.00448757
0.00502347
0.00228085
0.00664653
0.00443266
0.00591118
0.00256801
0.00101457
0.00244119
0.00339005
0.00609959
0.00216783
0.00639075
0.00118184
0.00366086
0.00135944
0.00314369
0.00217299
0.000475521
0.000815264
0.00391905
0.00419434
0.00110202
0.00192765
0.00306418
0.00296196
0.00510302
0.00518516
0.00293602
0.000677723
0.00135011
0.00615827
0.000933659
0.000454573
0.000667119
0.00262024
0.00298199
0.00188593
0.000882367
0.00346904
0.0016271
0.0025402
0.00108271
0.000857841
0.00131533
0.000730769
0.000433184
0.00486285
0.00229798
0.00334672
0.00395858
0.00668279
0.00663312
0.00336912
0.00462769
0.00550124
0.00629058
0.00631735
0.00358617
0.00175049
0.00219686
0.00343109
0.0015471
0.00186369
0.00465307
0.00159711
0.00200535
0.00286116
0.00264589
0.00163048
0.00495213
0.00511995
0.00515781
0.000968697
0.000541851
0.00172067
0.00100828
0.00161431
0.000861012
0.00224963
0.00277243
0.00259888
0.00463478
0.00108377
0.00162411
0.006605
0.00178921
0.00132484
0.00183623
0.00299204
0.00249496
0.000651785
0.00135926
0.00180631
0.00673808
0.00686854
0.00510126
0.00656733
0.000981548
0.00418545
0.000643613
0.00391969
0.00425556
0.00406922
0.00692553
0.00408242
0.000878667
0.00212442
0.0011519
0.000628213
0.00117254
0.00185514
0.00129881
0.0026838
0.00488135
0.00479799
0.00168939
0.00274817
0.0065749
0.0060382
0.000885345
0.00260613
0.000580944
0.0009341
0.00145893
0.00130836
0.000404547
0.00254747
0.000575159
0.00250783
0.000923203
0.00252858
0.00500947
0.00115412
0.00336278
0.00164875
0.00411932
0.00142927
0.000922066
0.000648169
0.000839429
0.000568138
0.00157224
0.000108107
0.000606185
0.000656233
0.000218038
0.00209543
0.00131368
0.00468767
0.00386046
0.000811948
0.00127094
0.00129477
0.00353722
0.00152013
0.00283396
0.0035502
0.00140364
0.00294889
0.00421885
0.00477451
0.00182584
0.004493
0.00238669
0.00344272
0.00454562
0.00708082
0.00409528
0.00366155
0.00354453
0.00162345
0.00318348
0.00341295
0.0037424
0.00347972
0.00238807
0.00413577
0.00437046
0.00251487
0.00211662
0.00246561
0.00408949
0.00420812
0.0029377
0.00403474
0.00547753
0.00259994
0.00348049
0.0021653
0.00232869
0.0021694
0.00311877
0.00224974
0.000823212
0.00130154
0.00166739
0.000411052
0.00158049
0.00170529
0.00603066
0.00489679
0.00591644
0.00584257
0.00569159
0.00254497
0.00543868
0.00706856
0.00470044
0.00432015
0.00404481
0.00348122
0.00464007
0.00679404
0.00701184
0.00519884
0.00712791
0.00701169
0.00702308
0.00458859
0.00447766
0.00570752
0.00144028
0.00591594
0.0014021
0.000925697
0.0003056
0.00105793
0.00157858
0.000711095
0.00138579
0.000583469
0.00131035
0.000891513
0.000795996
0.00150654
0.00386077
0.0024203
0.00293566
0.00355241
0.00289119
0.0014662
0.00202867
0.00143441
0.0031534
0.00183911
0.00203035
0.00533724
0.00596415
0.00598324
0.00182589
0.00419475
0.00182895
0.00314444
0.00131095
0.00445039
0.00703046
0.000689367
0.00506642
0.00393033
0.00126259
0.00547407
0.00526379
0.00213422
0.000136754
0.00385892
0.00370391
0.00556059
0.00638159
0.00663234
0.0065939
0.0066198
0.000924004
0.0062157
0.00576371
0.00233777
0.00176708
0.00191452
0.00269356
0.00242405
0.00205938
0.0015335
0.000185249
0.00211439
0.00289099
0.00369655
0.0064078
0.00712275
0.00288753
0.00568576
0.00625184
0.00100503
0.00437853
0.00131456
0.00409534
0.00365508
0.0046173
0.00244625
0.0025792
0.00452595
0.00103055
0.000672028
0.00129515
0.00562539
0.00633504
0.00124844
0.00209093
0.0016414
0.00135572
0.00154227
0.0053878
0.00627413
0.00455016
0.00131637
0.00178574
0.00143342
0.00168643
0.00617608
0.00640124
0.0009088
0.000918628
0.000513333
0.000439503
0.000747767
0.00073322
0.00488872
0.00486146
0.00574808
0.000905771
0.000918606
0.00142739
0.00122254
0.00125014
0.00121813
0.000881833
0.00380127
0.00362595
0.00299125
0.00116958
0.00120353
0.00119881
0.000828012
0.00207235
0.000614861
0.00325395
0.00314047
0.00189424
0.00155288
0.00426519
0.000807715
0.000936316
0.000424891
0.00101281
0.000471777
0.00145971
0.00660297
0.00103237
0.00643488
0.00211018
0.0038734
0.00381369
0.00196666
0.00457581
0.00127972
0.00636058
0.00443093
0.00101965
0.00399345
0.00212682
0.0020768
0.000616519
0.00337856
0.00268552
0.0016296
0.00205416
0.00216334
0.00222914
0.00103377
0.00159956
0.00167937
0.00159626
0.00248286
0.00154592
0.00163155
0.00147569
0.00213096
0.00168726
0.000556083
0.00143219
0.000620716
0.00455228
0.00140185
0.00134445
0.00159749
0.00155398
0.000717377
0.00072853
0.00130245
0.00129926
0.000374617
0.000779283
0.00150833
0.000198236
0.000804999
0.00271667
0.00201576
0.00129099
0.00104662
0.000683149
0.00162734
0.00132405
0.000428523
0.00276957
0.00431402
0.0017631
0.000303977
0.000867223
0.00130734
0.00103697
0.00063576
0.00240598
0.00372821
0.00235154
0.00585807
0.00146529
0.00259798
0.00181374
0.000954802
0.00685255
0.000917646
0.000963914
0.00330187
0.00173465
0.00215869
0.006685
0.00514273
0.00494181
0.00156068
0.000142508
0.00153826
0.00189967
0.00314476
0.00457994
0.000522292
0.00417347
0.0043141
0.00602704
0.00325037
0.00199249
0.00145306
0.00361654
0.00386084
0.00355892
0.0019931
0.00613951
0.00611332
0.006073
0.00626275
0.00527494
0.00217621
0.0026213
0.000960844
0.00107884
0.000961298
0.00138169
0.00190588
0.00474225
0.000702099
0.00494988
0.00601399
0.00488214
0.00537579
0.00486987
0.00472029
0.00482982
0.00515843
0.00230607
0.0058724
0.00177097
0.0010276
0.00448367
0.00285622
0.00373949
0.00415609
0.000669231
0.000924154
0.00106675
0.0018739
0.00151179
0.00424043
0.000180595
0.00420818
0.000233714
0.00368089
0.000800669
0.00353579
0.00313138
0.00415487
0.00277689
0.00400023
0.0017621
0.00578803
0.00567397
0.0023072
0.00507159
0.00559272
0.00557417
0.00392996
0.000451919
0.00470052
0.00653658
0.000957423
0.00102964
0.000817831
0.00581271
0.0014329
0.00454224
0.00672972
0.00580718
0.000686814
0.0025825
0.00641578
0.00695221
0.00688934
0.00186355
0.00205892
0.00178448
0.00206849
0.00131401
0.00353854
0.00126963
0.000731469
0.00627762
0.00174039
0.000583857
0.00213692
0.00165612
0.00065181
0.00612639
0.00311722
0.00155111
0.00362507
0.00186382
0.00273832
0.00237398
0.00143969
0.0015438
0.00199531
0.00058691
0.00214891
0.00127495
0.000901798
0.00141963
0.0060811
0.00256878
0.00326206
0.00416799
0.000905958
0.000655432
0.00193977
0.00133261
0.00107543
0.00338468
0.00216936
0.000854484
0.000650625
0.00055696
0.00100426
0.00117486
0.00173632
0.00104345
0.000739932
0.000216635
0.000516221
0.00111846
0.00114965
0.00153475
0.00161986
0.00681459
0.00588121
0.00157772
0.00286216
0.00116449
0.000816967
0.00201524
0.00166747
0.0031058
0.00323388
0.00136316
0.00305184
0.000514027
0.00184663
0.00135188
0.00120547
0.000785038
0.00137988
0.00176296
0.000391359
0.00176295
0.00166042
0.000890556
0.000978671
0.000949328
0.0011279
0.00162287
0.00276277
0.00128725
0.003344
0.00144719
0.00268581
0.00298431
0.000950982
0.000997492
0.00153617
0.00126118
0.00116101
0.000928151
0.00124204
0.0021896
0.00307415
0.00198023
0.000605965
0.00322553
0.0049506
0.00342159
0.00334462
0.00456979
0.00177635
0.00328083
0.00335106
0.0041412
0.00210948
0.00158454
0.00248158
0.000517558
0.00213706
0.000910373
0.00088418
0.00107125
0.000695179
0.000509242
0.000555922
0.000935788
0.00187642
0.000988935
0.000909525
0.0010912
0.000961942
0.00068225
0.0012961
0.00128771
0.000228606
0.000727622
0.000642782
0.00190088
0.00164283
0.00479941
0.00213747
0.00320956
0.00180551
0.00471505
0.00296272
0.00279559
0.00364644
0.0016579
0.00129196
0.00211748
0.00221292
0.00268308
0.0019038
0.00599274
0.00631907
0.00610284
0.0039768
0.00511951
0.00622888
0.00590996
0.00689293
0.00618649
0.00117623
0.00447435
0.00678837
0.00661151
0.00508931
0.00105601
0.0047496
0.002105
0.000290768
0.00607026
0.00221405
0.00185673
0.00131116
0.00155314
0.00132278
0.00258316
0.00181814
0.00453156
0.00686692
0.00491639
0.00484792
0.00675746
0.00619306
0.00198164
0.000816059
0.00180057
0.00285723
0.00113376
0.00191219
0.00221902
0.000900825
0.00193527
0.0059757
0.002132
0.00708023
0.00155204
0.000897199
0.00156519
0.00650156
0.00335432
0.00550202
0.00635659
0.00591076
0.0019668
0.00192872
0.00267082
0.00645218
0.00577416
0.00607606
0.00652975
0.00280369
0.00582035
0.00514445
0.00556546
0.00420868
0.00478315
0.00341377
0.00409036
0.00549154
0.00407065
0.00440264
0.00180088
0.00453616
0.00601839
0.00570942
0.00303947
0.00205654
0.00104061
0.00272643
0.00223361
0.00445932
0.00395664
0.00618398
0.00669032
0.00679823
0.00408681
0.00623142
0.00638552
0.00612158
0.00130866
0.00165736
0.0020339
0.00402711
0.00198077
0.00465334
0.00347867
0.00353616
0.00622334
0.00418744
0.000401606
0.00702368
0.000497314
0.00473542
0.00324443
0.000587861
0.00519342
0.00548249
0.00403305
0.00494846
0.00459395
0.000839071
0.000762842
0.000305514
0.000463654
0.00101634
0.00398928
0.00362472
0.000163924
0.000460835
0.000930303
0.00499273
0.00217132
0.00181949
0.00182622
0.00425138
0.00303212
0.00264562
0.0033435
0.00353496
0.00515049
0.00103174
0.00145704
0.00188519
0.00116108
0.00623122
0.00219989
0.00355155
0.00647808
0.00460628
0.0025702
0.00480916
0.00667593
0.00166028
0.00403354
0.00565051
0.00563928
0.00697363
0.00275085
0.00569693
0.0020669
0.00548211
0.00316629
0.000547173
0.000927221
0.00173878
0.00138062
0.00261902
0.0029431
0.0024101
0.00125418
0.00396382
0.00165355
0.000996894
0.00119879
0.00359916
0.00346495
0.00362065
0.00143054
0.000607452
0.0017119
0.00544418
0.00215279
0.0015609
0.00257336
0.000576205
0.00161227
0.000646672
0.00151777
0.000525115
0.00100144
0.000716786
0.00174805
0.000722265
0.00265761
0.000412831
0.00132962
0.00317765
0.00479647
0.0028554
0.00634617
0.000583627
0.0022329
0.00162488
0.00224923
0.00169872
0.000805482
0.000411652
0.000930381
0.00341425
0.000955692
0.00269769
0.00176397
0.00571935
0.00291467
0.00195157
0.00178
0.000885224
0.00161229
0.00151512
0.000812214
0.00173301
0.000530851
0.00121132
0.00142998
0.00292341
0.0020767
0.000967342
0.00205592
0.0023099
0.000494136
0.00181186
0.000729828
0.000606619
0.000453968
0.00444548
0.000451356
0.00120136
0.00296349
0.00482568
0.00467277
0.00484892
0.000462187
0.00235361
0.00670845
0.00655254
0.00261816
0.004408
0.00225264
0.00481601
0.000984635
0.00341968
0.000446961
0.00123106
0.000593306
0.000537618
0.00344432
0.00176258
0.00445791
0.00105917
0.00156559
0.0011232
0.00263615
0.00617978
0.00510197
0.00567659
0.00585842
0.00604623
0.0048548
0.0061191
0.00651891
0.00265129
0.00695826
0.00710845
0.00678393
0.00657615
0.00641667
0.00250575
0.00254306
0.00163003
0.00106064
0.00286553
0.000941202
0.00190761
0.00169921
0.00218194
0.00443545
0.00601694
0.00322437
0.00436986
0.00143914
0.00301918
0.0025507
0.0024023
0.00224138
0.00247188
0.00218318
0.00386423
0.0059395
0.00284097
0.00449831
0.000531892
0.000844443
0.00245851
0.00522333
0.00473121
0.00378456
0.00489247
0.00349839
0.00309587
0.00349394
0.00214481
0.000850223
0.0015888
0.00484325
0.00146297
0.00376666
0.0017832
0.00215265
0.00172896
0.00258566
0.00213287
0.00121522
0.0036869
0.001071
0.00126973
0.00202442
0.00123921
0.00221017
0.00143769
0.00167973
0.00164771
0.000770198
0.00175587
0.00138579
0.00302523
0.00278489
0.00268885
0.00153038
0.00440066
0.00262933
0.000891114
0.000992069
0.00228692
0.00187484
0.00260548
0.0044068
0.000208765
0.00388709
0.00285586
0.00486141
0.00675109
0.00695107
0.00565835
0.00379187
0.00590814
0.00514599
0.00586603
0.00318037
0.00217524
0.00123895
0.00310504
0.00378431
0.00221741
0.00282123
0.00175296
0.00178677
0.001174
0.0017032
0.00201753
0.0049628
0.00438628
0.00476933
0.00285779
0.00649664
0.00685331
0.00239889
0.000330107
0.000404416
0.00419662
0.00204911
0.0033811
0.00312536
0.00323986
0.00108126
0.00575166
0.0063998
0.00241286
0.00305886
0.0037815
0.00412117
0.0055085
0.000531783
0.000480176
0.00112588
0.00208049
0.00338918
0.00578905
0.0031387
0.00563317
0.00147945
0.00516276
0.00374371
0.00097524
0.003368
0.00137732
0.00176331
0.00315313
0.00407314
0.00374855
0.00427571
0.00192877
0.00191279
0.000977207
0.00115205
0.00559748
0.00463506
0.00421089
0.00270232
0.00195051
0.00179058
0.0021356
0.00132854
0.004319
0.00153829
0.005434
0.00235086
0.00508453
0.00514981
0.00257154
0.00139273
0.00260372
0.00283801
0.00334365
0.00332177
0.00327552
0.0013992
0.00143032
0.00187697
0.000680986
0.00215725
0.00242478
0.00616435
0.00171939
0.00240036
0.00227719
0.0022699
0.00256018
0.00584173
0.000702514
0.00605686
0.00287042
0.00130849
0.00110696
0.000987202
0.00256257
0.00478036
0.00170792
0.00166224
0.00175743
0.00169156
0.00502711
0.00539466
0.00378495
0.00100719
0.00180664
0.00636094
0.00514171
0.00402114
0.00579998
0.00518952
0.00655212
0.00529154
0.003452
0.00350644
0.00101356
0.000433904
0.00040106
0.000916243
0.000765241
0.000715702
0.000488993
0.00125239
0.000632516
0.000942495
0.000979949
0.000488576
0.000308073
0.000312615
0.000130831
0.000174743
0.000227207
0.00286748
0.000372681
0.00067231
0.000964308
0.000828896
0.000921288
0.000846994
0.00298268
0.000551401
0.000452209
0.00708114
0.000750344
0.002365
0.000476356
0.000649547
0.00399203
0.0014673
0.00173147
0.00145081
0.0017841
0.0024258
0.00218031
0.00215823
0.00103392
0.00387745
0.00230588
0.00329182
0.00423148
0.00431048
0.00512086
0.00506982
0.00412992
0.0070222
0.00179967
0.00130629
0.0063091
0.00136163
0.00193665
0.0037423
0.00481394
0.00376648
0.00412853
0.00448392
0.0040998
0.00180424
0.000563366
0.00111678
0.00245115
0.000581505
0.00674155
0.00265054
0.00119479
0.0016461
0.00259428
0.00133644
0.00230469
0.00197796
0.00199592
0.00548689
0.00661948
0.0024384
0.00645543
0.00306837
0.00692068
0.00532176
0.00438244
0.0037728
0.00517555
0.000870895
0.000572865
0.00114085
0.000883233
0.000318767
0.00149938
0.000505018
0.00124076
0.000848936
0.000951591
0.00139001
0.00191533
0.00106185
0.00175666
0.000114312
0.000973329
0.00165683
0.000556372
0.00185707
0.0048137
0.000812081
0.00187114
0.000877984
0.00351668
0.00322971
0.00202541
0.00243718
0.00191971
0.00194474
0.00330035
0.00262778
0.000850417
0.000511404
0.00350356
0.000418604
0.0019359
0.0019261
0.00150246
0.00105383
0.00416444
0.00248732
0.00229464
0.00257581
0.0027778
0.00282692
0.0030431
0.0024368
0.00146364
0.00164785
0.00105471
0.00031329
0.00330204
0.00269276
0.00645042
0.00671245
0.00686342
0.00371402
0.00175226
0.00153422
0.00175972
0.00227931
0.00352362
0.00259835
0.00544596
0.00313115
0.0045491
0.00181595
0.00510471
0.00615911
0.00689493
0.00685257
0.00547604
0.00273541
0.00421946
0.000792935
0.00375412
0.00411689
0.00536256
0.000618133
0.00601232
0.00126591
0.000909071
0.000697219
0.00203242
0.00257639
0.00425545
0.00173916
0.00678388
0.00283567
0.0027759
0.000916094
0.000973194
0.000648789
0.0012117
0.000521758
9.65873e-05
0.00293124
0.00199249
0.00340672
0.000647604
0.00675939
0.000637048
0.000907245
0.00182004
0.000426485
0.000914046
0.00126873
0.000983607
0.000607917
0.00133523
0.00185281
0.00183406
0.00259925
0.00405543
0.00214235
0.0049155
0.00423854
0.00642064
0.00294292
0.00433042
0.00156005
0.00464893
0.00545213
0.0051542
0.00371568
0.00421835
0.00480856
0.00652934
0.00607885
0.00406591
0.00213471
0.00616465
0.00166744
0.00229702
0.00282669
0.00463297
0.00550481
0.00444364
0.00533224
0.00545905
0.00252324
0.00188206
0.00278504
0.00689049
0.00714688
0.00704374
0.00668321
0.00644824
0.00452444
0.00238053
0.00599992
0.00184629
0.00217175
0.00692721
0.00233168
0.00699617
0.00108885
0.000267061
0.00272556
0.00442608
0.00275636
0.00415589
0.001905
0.00208877
0.00125082
0.00055235
0.00200768
0.00213523
0.00435838
0.00462162
0.0036175
0.00675414
0.0023251
0.000641732
0.00564874
0.00208743
0.00222725
0.00171983
0.000443625
0.00020844
0.00608207
0.00475037
0.00164458
0.0017483
0.00207266
0.00276484
0.00607268
0.00521217
0.00712065
0.00247371
0.00241231
0.00328709
0.00319651
0.000798771
0.00062416
0.000420014
0.00145346
0.0013767
0.00295408
0.00609882
0.00494013
0.00617135
0.00353319
0.00507563
0.00345196
0.000641577
0.00116454
0.00095489
0.00025226
0.000775534
0.00530459
0.00334421
0.00620417
0.00349771
0.000647027
0.00105353
0.000882848
0.00539225
0.00275484
0.00219727
0.0024584
0.00262922
0.00314892
0.00163849
0.00192509
0.00272151
0.0021098
0.00144636
0.00485914
0.00382492
0.00198495
0.00183925
0.00184831
0.00145261
0.0019931
0.00390125
0.00148973
0.00228554
0.00384273
0.00261387
0.000610988
0.00190074
0.000474253
0.0065272
0.00668152
0.00403337
0.00573318
0.00634198
0.00284333
0.0034849
0.00325838
0.00706095
0.00261843
0.00693098
0.00673411
0.00689143
0.00295089
0.00214418
0.00325781
0.000509518
0.00128911
0.000758235
0.0016073
0.00118319
0.00454988
0.00200751
0.00288583
0.0025533
0.00241751
0.00192915
0.00239307
0.000227613
0.00127178
0.00164867
0.00195402
0.00172847
0.000583734
0.00118933
0.00460743
0.00245911
0.00335137
0.00345047
0.0012024
0.00703745
0.000326748
0.00201929
0.00222611
0.00387903
0.00370651
0.00561023
0.00589571
0.00425439
0.00693383
0.00619659
0.00583918
0.00406193
0.00426135
0.00476898
0.00269247
0.00433542
0.00642949
0.000708955
0.0014943
0.00146602
0.00258655
0.00285426
0.00174834
0.00102775
0.000450416
0.00160971
0.00586533
0.000606973
0.00026924
0.00212952
0.00587152
0.00109756
0.000489275
0.000586353
0.000575385
0.000495863
0.000879314
0.00283672
0.00572594
0.000293036
0.00155365
0.00126085
0.000813687
0.00143126
0.00429543
0.00367271
0.00481713
0.00353198
0.000844361
0.00627249
0.00593304
0.000628966
0.00198
0.00115075
0.000550996
0.00170542
0.000940322
0.00153585
0.00361163
0.0034274
0.000874512
0.00248796
0.00232995
0.000832971
0.000739343
0.00345031
0.00421244
0.00302026
0.00257642
0.00230911
0.00130823
0.000611107
0.000833113
0.000513625
0.00071455
0.00527505
0.0061485
0.000997056
0.000772803
0.000573514
0.00142029
0.000664717
0.000928108
0.00339363
0.00218778
0.00218636
0.00209353
0.00226257
0.00344485
0.00595634
0.00709083
0.000856578
0.00709744
0.00700755
0.000633506
0.00227396
0.00130761
0.00204762
0.00169152
0.00157017
0.00145182
0.00172698
0.00179368
0.0023754
0.00453987
0.0058388
0.000772753
0.00445038
0.00100063
0.00368568
0.00307949
0.00082669
0.00051083
0.000380073
0.000803451
0.00164149
0.000558404
0.0015617
0.000423893
0.000358716
0.00478143
0.00230057
0.00264228
0.00121078
0.00124559
0.0022551
0.00126836
0.00100284
0.00101594
0.00261491
0.00161721
0.00275231
0.0018478
0.00626915
0.00125284
0.00112083
0.00135939
0.00137701
0.000756766
0.000474173
0.00042326
0.000868457
0.000936947
0.000919213
0.00114564
0.00102793
0.000937009
0.000869869
0.00229018
0.00330925
0.00144712
0.00248513
0.00131441
0.00267455
0.000480328
0.000484392
0.000360965
0.000584911
0.00456197
0.00112209
0.000894026
0.00153135
0.00424105
0.000852195
0.00139187
0.00157095
0.000701178
0.000795046
0.00125004
0.00663007
0.000584492
0.000709589
0.000487309
0.000464731
0.000193521
0.00657963
0.00643298
0.000805831
0.00647026
0.00223429
0.00270659
0.00183702
0.0060897
0.00212779
0.0003842
0.000282455
0.00134329
0.000927773
0.000223825
0.00035235
0.000716774
0.000661595
0.000654705
0.00229851
0.003308
0.00440139
0.00270105
0.00449972
0.00320304
0.00275805
0.00447834
0.00234948
0.00145695
0.000334796
0.00328299
0.000416341
0.0017236
0.00226579
0.00361662
0.000377632
0.000628248
0.000156906
0.000756819
0.00124604
0.00118855
0.000199724
0.00107543
0.000489779
0.00192512
0.00198205
0.000922583
0.00163922
0.00140021
0.000560557
0.00214028
0.00243835
0.00583641
0.00358913
0.00141039
0.00192436
0.00385776
0.00328603
0.00364668
0.00298227
0.00409774
0.00273852
0.00151983
0.00287399
0.00260483
0.00117181
0.00395196
0.00235788
0.00223901
0.00648571
0.00564259
0.00674987
0.00351395
0.00448518
0.00692736
0.00568779
0.00680623
0.00486997
0.00536328
0.0066865
0.00249954
0.00707714
0.000919462
0.00263084
0.00239493
0.00160817
0.0017425
0.00068327
0.00192403
0.00348416
0.00408564
0.00372601
0.00269841
0.00294464
0.000856392
0.000547828
0.00124765
0.00692401
0.00235153
0.00107867
0.00176125
0.00165355
0.00486439
0.00505239
0.00448376
0.00673547
0.00386572
0.00165702
0.000449743
0.000802699
0.00654346
0.00699082
0.00596923
0.006963
0.00690455
0.00210733
0.00153438
0.00110272
0.0019451
0.000992384
0.00126303
0.00254164
0.00158317
0.00262382
0.00283757
0.00364095
0.00540337
0.00540358
0.00700661
0.0070143
0.00304556
0.00496907
0.00189317
0.00155989
0.00438842
0.00379328
0.00395266
0.00313746
0.00182782
0.00147624
0.00163664
0.00264545
0.00343824
0.00171204
0.00427706
0.00612875
0.00336331
0.00247875
0.000972608
0.00277457
0.00361099
0.00477405
0.00701656
0.00181503
0.00308126
0.00353383
0.000855381
0.00643086
0.00186202
0.00222447
0.00679379
0.00103973
0.000287786
0.00113863
0.000887598
0.00322573
)
;

boundaryField
{
    outlet
    {
        type            calculated;
        value           nonuniform List<scalar> 0();
    }
    walls
    {
        type            nutkWallFunction;
        blending        stepwise;
        value           nonuniform List<scalar> 
28
(
0.000294914
0.000211941
0.000319899
0.000299764
0.000382764
0.000187407
0.000227195
0.000377642
0.000185467
0.00021527
0.0002026
0.000213174
0.00020059
0.000272303
0.000195037
0.000223149
0.000234722
0.000271633
0.000226166
0.000199042
0.000205313
0.000326227
0.000322148
0.000220002
0.000215184
0.000419825
0.000226261
0.000348187
)
;
    }
    inlet
    {
        type            calculated;
        value           nonuniform List<scalar> 0();
    }
    model
    {
        type            nutkWallFunction;
        blending        stepwise;
        value           nonuniform List<scalar> 
136
(
0.000101803
0.000102325
7.66657e-05
7.68053e-05
7.67993e-05
6.212e-05
6.20574e-05
6.42726e-05
6.17789e-05
7.7117e-05
7.71939e-05
9.19432e-05
0.000102187
0.000100891
6.22954e-05
0.000136109
0.00013531
6.97412e-05
6.31164e-05
6.72626e-05
6.7216e-05
7.47329e-05
6.75314e-05
0.000149895
0.000115677
6.97929e-05
6.70019e-05
6.89122e-05
6.4326e-05
9.75208e-05
0.000140888
0.000109833
6.77093e-05
6.86065e-05
7.43769e-05
6.76132e-05
6.55397e-05
6.15029e-05
6.71373e-05
0.000128159
6.84608e-05
6.43446e-05
0.000126361
0.000159017
7.98546e-05
0.000114954
7.90933e-05
6.9032e-05
6.58992e-05
6.08596e-05
9.76823e-05
6.77583e-05
9.71258e-05
6.24593e-05
6.16498e-05
6.77035e-05
6.1901e-05
6.72306e-05
6.48951e-05
0.000149222
0.000111512
7.9265e-05
7.54475e-05
8.12204e-05
0.000117745
7.17496e-05
0.000110073
0.000105706
8.37568e-05
5.39464e-05
3.70075e-05
5.09471e-05
5.87969e-05
9.72892e-05
0.000141523
0.00011792
9.66171e-05
5.88109e-05
4.06555e-05
5.60082e-05
6.23832e-05
0.000131275
0.000117318
0.000154869
9.90384e-05
3.99242e-05
4.92353e-05
4.92996e-05
0.000127389
0.000128653
0.000129035
0.00010243
8.61028e-05
0.000105623
4.93848e-05
5.83245e-05
4.95782e-05
4.95247e-05
4.92272e-05
3.51275e-05
3.47037e-05
6.41513e-05
3.98894e-05
7.5202e-05
0.00012169
6.4489e-05
0.000100788
7.52645e-05
4.91723e-05
3.9889e-05
9.92795e-05
0.000123401
9.77298e-05
0.000108825
9.84369e-05
5.5158e-05
0.000127359
0.000132454
0.000110119
0.000109728
5.88906e-05
5.55705e-05
6.20295e-05
3.46049e-05
4.8242e-05
6.14511e-05
0.000107043
0.000109125
4.76374e-05
9.85744e-05
0.000156063
0.000107977
9.88885e-05
0.000125903
0.00012835
9.97633e-05
)
;
    }
    procBoundary2to1
    {
        type            processor;
        value           nonuniform List<scalar> 
103
(
0.00336562
0.00466658
0.00206255
0.00273191
0.000680076
0.00677098
0.00635017
0.00617194
0.00417465
0.00492896
0.00393385
0.00405158
0.00554428
0.00643395
0.00688767
0.00677924
0.00669937
0.0042472
0.00652989
0.00652506
0.00607393
0.00586436
0.00206255
0.00541758
0.00477843
0.00705163
0.00651451
0.00144684
0.00353918
0.00400694
0.00639086
0.00651676
0.00342911
0.00336562
0.00706508
0.00685046
0.00334718
0.00583839
0.0023829
0.00394091
0.00246288
0.00613882
0.00657864
0.00293593
0.00552461
0.0051967
0.0059564
0.00706263
0.00415409
0.00572802
0.00698367
0.00300763
0.00602514
0.00467337
0.00537483
0.00626507
0.00393056
0.00566463
0.00368281
0.00460307
0.000311136
0.00328275
0.00688284
0.00204673
0.00182184
0.00555708
0.00579928
0.00570025
0.00423344
0.00573575
0.00247588
0.00583628
0.0042676
0.0039734
0.00241154
0.00423344
0.00492216
0.00653118
0.00663411
0.00447764
0.00202661
0.00579997
0.00570025
0.00245981
0.00286832
0.0057261
0.00450627
0.00536558
0.00492292
0.00601385
0.00288647
0.00550882
0.00650587
0.00691895
0.00558441
0.00379171
0.00342667
0.00454442
0.00585049
0.00396671
0.00367685
0.00257485
0.00697185
)
;
    }
    procBoundary2to3
    {
        type            processor;
        value           nonuniform List<scalar> 
93
(
0.00249021
0.00142214
0.000837064
0.0014116
0.00447251
0.00302279
0.00102029
0.00506431
0.00466393
0.00552104
0.00277419
0.00469551
0.00261986
0.0029484
0.0029484
0.00285433
0.00289311
0.00229568
0.00181313
0.00498962
0.00323526
0.00146091
0.000626604
0.00471847
0.0022331
0.00302366
0.0055812
0.00317179
0.00458276
0.00385383
0.00210125
0.00592562
0.00165343
0.000932396
0.00189272
0.00172873
0.0035375
0.00345714
0.00345714
0.00352269
0.00217158
0.00285871
0.0021553
0.000886199
0.000595855
0.00585281
0.00489366
0.00129682
0.000411317
0.0056197
0.00173361
0.00572161
0.00211964
0.00206007
0.00173361
0.00367872
0.00289242
0.00330351
0.000397368
0.00136167
0.0034466
0.00439876
0.00554969
0.00399541
0.000909167
0.000802209
0.00330351
0.00314636
0.00274236
0.00463891
0.00261175
0.00374563
0.00286333
0.00173713
0.00580305
0.00357212
0.00252723
0.00231029
0.00193118
0.00381447
0.00447251
0.00274786
0.00437619
0.00305018
0.00554077
0.00334119
0.00296097
0.0020485
0.00323382
0.000915291
0.00055457
0.00204556
0.00154207
)
;
    }
    procBoundary2to4
    {
        type            processor;
        value           nonuniform List<scalar> 
118
(
0.00402968
0.00171006
0.00284989
0.00495058
0.00216374
0.00241726
0.00531071
0.00476688
0.00131352
0.00309434
0.00295109
0.00368946
0.00493541
0.00218985
0.000901939
0.00581825
0.00172582
0.00477063
0.00382641
0.00710174
0.00211644
0.00650094
0.0058808
0.00674503
0.00534346
0.00686444
0.00454869
0.00343376
0.0072188
0.000804766
0.0024938
0.00218985
0.00471175
0.00350338
0.0049206
0.0020343
0.0068209
0.00638624
0.00219376
0.00716147
0.00190417
0.00712199
0.00594962
0.00381278
0.00265478
0.000139735
0.00718493
0.000956439
0.00172625
0.00135057
0.00283399
0.00721382
0.00718628
0.00710059
0.00706333
0.00718257
0.00700062
0.00708547
0.00697619
0.000948641
0.00530955
0.00708305
0.00512273
0.00177845
0.0026667
0.00331222
0.00168273
0.000895064
0.00719926
0.00113381
0.000528151
0.00239367
0.00212793
0.00702713
0.00715374
0.000580909
0.00684601
0.00490108
0.00539294
0.00301896
0.00346429
0.0072091
0.000566386
0.00659797
0.00593959
0.00566112
0.00566978
0.00499904
0.00393344
0.0016644
0.00676504
0.00537049
0.0070422
0.00710659
0.00719506
0.00516626
0.00380108
0.00273097
0.00162045
0.00321307
0.00269474
0.00345804
0.00133619
0.00696166
0.00497934
0.00087549
0.00451365
0.00329189
0.00308368
0.00441194
0.00543956
0.00244851
0.000232873
0.00703986
0.00716429
0.00708726
0.00172222
0.000901939
)
;
    }
    procBoundary2to5
    {
        type            processor;
        value           nonuniform List<scalar> 
94
(
0.00117524
0.00158734
0.00553867
0.00193703
0.0015901
0.00239469
0.00118856
0.000876409
0.00209855
0.00156922
0.00146746
0.00195686
0.00221824
0.00140916
0.00245686
0.00150014
0.00242329
0.00103248
0.00208639
0.0010899
0.00448218
0.00493581
0.00383567
0.0017309
0.00164278
0.0023105
0.00119821
0.00182653
0.0011713
0.00585317
0.00109754
0.00189432
0.00178302
0.00105027
0.00362072
0.00281062
0.00225933
0.00108603
0.00236799
0.0016006
0.00253614
0.00104534
0.00104534
0.00373954
0.0038708
0.00120172
0.00685361
0.00314166
0.000622872
0.00104193
0.0044999
0.0044999
0.00175177
0.00134046
0.00165034
0.00177673
0.00204274
0.00206683
0.00423766
0.00135456
0.0043597
0.00175961
0.00184771
0.00170954
0.00429426
0.00149918
0.00156409
0.00144612
0.00133795
0.00224771
0.00126688
0.00265134
0.00340657
0.00169254
0.00130258
0.00159552
0.00185253
0.00541236
0.00133413
0.00244855
0.00495117
0.00328794
0.00230785
0.00196153
0.0018364
0.00219337
0.00297
0.00490759
0.00152971
0.000962339
0.00231754
0.00136554
0.00166984
0.00093095
)
;
    }
    procBoundary2to7
    {
        type            processor;
        value           nonuniform List<scalar> 6(0.00320063 0.00509879 0.00559512 0.00238711 0.00327155 0.00575201);
    }
    procBoundary2to8
    {
        type            processor;
        value           nonuniform List<scalar> 2(0.0036038 0.00315368);
    }
}


// ************************************************************************* //
