/*--------------------------------*- C++ -*----------------------------------*\
| =========                 |                                                 |
| \\      /  F ield         | OpenFOAM: The Open Source CFD Toolbox           |
|  \\    /   O peration     | Version:  2506                                  |
|   \\  /    A nd           | Website:  www.openfoam.com                      |
|    \\/     M anipulation  |                                                 |
\*---------------------------------------------------------------------------*/
FoamFile
{
    version     2.0;
    format      ascii;
    arch        "LSB;label=32;scalar=64";
    class       surfaceScalarField;
    location    "0.0263738";
    object      phi;
}
// * * * * * * * * * * * * * * * * * * * * * * * * * * * * * * * * * * * * * //

dimensions      [0 3 -1 0 0 0 0];

oriented        oriented;

internalField   nonuniform List<scalar> 
7606
(
0.000613223
-0.00116732
-0.000252748
0.000806848
-0.00220659
-0.00375522
0.000539189
0.00542262
-0.0334493
-0.00374995
0.0335652
-0.000973887
-0.000419134
-5.2308e-05
0.00144533
0.000976385
-0.000500006
0.00107692
-0.0015533
-0.00240879
-0.00609331
-0.00199766
0.0104998
0.000273431
-0.000270934
0.00183001
-0.00308796
0.0189986
0.00822399
-0.0183789
-0.00884368
0.00131791
-0.0031197
-0.00962154
0.0114233
0.00182003
0.00499071
0.0122084
0.00102443
-0.00427258
-0.000258513
0.00350666
-0.00173742
0.000854757
0.00155159
-0.000668923
-0.00164478
-0.000704606
0.000611964
5.3023e-05
-0.000724481
1.84186e-05
0.00065304
0.000654936
9.25623e-05
-0.00042304
-0.000324458
0.000153694
0.000430487
-0.000793488
0.000209307
-0.0162547
0.0108636
-0.00402925
0.00942031
0.000904277
0.000647739
-0.00060748
-0.000944536
0.00128307
-0.00180465
0.00828887
-0.00776729
-0.00779594
0.00947676
-0.000397752
-0.00222834
0.000168719
0.00229683
-7.96354e-05
0.00319401
-0.0425029
0.00278276
0.00387456
6.59866e-05
-0.0067233
0.00638915
-0.000927309
-0.00469744
-0.000764405
-0.000405522
2.9187e-05
0.000506742
-0.000130407
-0.00594577
0.00792965
0.000798875
-0.00161466
0.00692788
-0.00114597
-0.00416725
0.0219059
0.00894274
-0.000462853
-0.0021821
0.0024271
0.000217847
-0.00355027
0.00225622
0.00265655
-0.00136249
-0.000215246
-0.00206869
0.00255561
-0.000271669
0.00170724
-0.000867636
-0.00224836
0.00140876
-0.000563823
0.00187767
0.0023638
-0.00367765
0.00102744
-0.000402614
-0.000367388
-0.000257441
-0.00978435
0.0040959
0.00198791
0.00370055
0.000345796
5.91883e-05
-0.000404984
0.00132459
-0.000860403
0.00122284
-0.00168702
-5.82162e-05
-3.25878e-05
0.000356394
-0.00026559
0.000398328
9.50434e-05
0.000276923
-0.000770295
0.000537273
-0.000441819
7.2606e-05
-0.00016806
0.00227667
0.000874423
-0.000710604
-0.00244048
-0.00201574
-0.00122338
0.0024192
0.000819922
-0.00216897
-0.000660001
0.000813224
0.00237539
0.00232689
-4.72386e-05
-0.00465505
-0.0004915
-0.00172573
0.000993855
0.000362515
-0.000794861
0.00259369
-0.00216135
0.00276877
1.29508e-05
-9.81892e-05
2.31676e-05
-2.32051e-05
9.82266e-05
-6.02063e-05
0.00022668
0.00010727
-0.000273743
-0.00373516
0.000551786
0.000153227
0.00303015
-0.00018038
2.19847e-05
-0.000173024
-0.000494283
0.000420787
0.000246521
-5.28115e-05
0.000181914
8.60208e-05
-0.000215124
0.000379737
0.000176073
-0.000608621
-0.000196288
0.00028429
0.000557547
-0.000645549
0.00465847
0.00836143
-0.00831572
-0.00470417
-0.00126633
-0.00251545
0.00255318
0.0012286
0.000411809
-0.00041281
-0.000356474
0.000357475
0.0125702
-0.00293499
-0.00700688
0.000452391
0.00453166
0.00161084
-0.00659488
0.00212112
0.00281062
0.00174117
-0.0265323
0.026189
0.0003433
-0.00282445
-0.000475245
0.00252953
0.000770158
-0.000447015
-0.0028559
0.000478471
0.000197278
0.00123945
-0.00121763
-0.0002191
0.00209188
-0.00198645
0.0110668
-0.0111723
-0.000944165
0.00993525
0.00319806
-0.0121891
-0.00334406
-0.0015363
0.0022002
0.00268015
-0.000260223
-3.35886e-06
-8.49404e-05
0.000348522
0.00290695
-0.00421825
0.000292431
0.00101887
-0.00056348
0.00020237
-0.000416705
0.000777814
0.000552644
-0.000280551
-0.000241442
-3.0651e-05
-0.00185651
0.0027511
-0.0117964
0.0109018
-0.0164031
0.0117998
0.00619913
-0.00159581
-0.0034853
-0.00674238
0.00186895
0.00835874
0.0118958
0.0140741
-0.00758718
-0.0183828
0.0013827
-0.00364677
0.00230558
-4.15149e-05
0.000557447
-0.000372746
-0.000204045
1.93434e-05
0.00243683
-0.000239747
-0.00265993
0.000582283
-0.00020583
0.000428969
-0.000805422
0.000524141
0.000166872
-0.00010873
-0.00493963
-0.000172889
0.00724861
-0.00213609
-0.0064802
-0.0043268
0.012822
-0.00201499
-0.000415787
-0.000186636
5.32003e-05
0.000549223
1.84576e-05
8.98964e-05
-0.000661759
0.000116094
0.000551977
-6.31286e-06
0.000587487
-0.000386804
-3.38107e-05
0.000165458
0.00521974
-0.00170603
-0.00367916
0.0271905
-0.00617564
-0.0117156
-0.00929922
0.00558647
-0.00391125
-0.000442635
-0.00123258
0.00361004
-0.00540876
0.00223605
-0.000437324
0.00128872
0.00245828
-0.00153334
-0.00221366
0.000627439
0.00541404
-0.00581759
-0.000223897
-0.00346364
-1.41951e-05
-0.00871786
0.0121957
-0.00130142
-0.00308652
0.00355107
0.000836869
-0.00424688
-0.000114235
0.00209276
0.00226835
0.000455017
3.81371e-05
-0.000119215
-0.000373939
-0.00984475
0.000477863
0.00944482
-7.79338e-05
-0.000160043
0.00129189
0.0043959
-0.00552774
-0.000487103
0.00848206
0.000100714
-0.00809567
0.00713163
0.000179241
-0.00819745
0.000886573
0.00242834
-0.00106861
0.00301146
0.0020101
-0.00477776
-0.0024209
0.00518856
0.00215494
0.000235629
-0.0030098
0.00061923
-0.000415096
0.00259056
0.000618919
-0.00279438
-0.000342356
0.00165144
0.00188332
-0.0031924
0.0154142
-0.00693396
-0.00575216
-0.0027281
-0.000197902
-0.000249735
0.000687444
-0.000239807
0.00595656
-0.00497607
-0.00470535
0.00372486
0.00555294
0.00221308
-0.00976627
0.00200025
-0.000949921
0.002571
-0.000794303
-0.000826772
0.0631813
-0.0345559
-0.024205
-0.00442048
6.01671e-05
0.00275807
0.000650098
-0.00346833
-0.000957697
0.00303065
0.000122243
-0.011074
0.0125027
-0.000192925
-0.00123582
-0.00330963
-0.000483649
-0.000412636
0.00420591
0.00319657
-0.00155759
-0.000484354
-0.00115463
0.000612798
-0.00117177
0.000234656
2.98383e-05
-0.000264494
-0.00208132
0.00179285
-0.00426059
0.0074167
0.00344342
-0.00614518
-0.00471494
0.00288828
0.00179154
-0.0025959
-0.00208392
-0.000479068
0.00156359
0.0016547
-0.00183993
-0.00217772
0.00236295
0.00586088
0.0017822
0.00140707
-0.00147545
-0.000299491
0.00497151
0.00109101
0.00107589
0.000431455
-0.00259835
-0.000173381
-0.00116691
0.000561183
0.000779107
-0.00346083
-0.00285655
0.0020705
0.00296411
-0.00120464
-0.000558418
-0.00120105
0.0318206
-0.00704526
-0.00887971
-0.0158956
-0.000461809
0.00143784
-0.000232185
-0.000743841
-0.000912164
0.000290358
-5.31997e-05
0.000675006
-0.00816006
0.00792059
-0.0021169
0.00235637
0.000230225
-0.000837249
-0.000283174
0.000890198
-0.00338133
0.00164942
0.00257922
-0.000847312
0.00217359
-0.000681353
9.25215e-05
-0.00158475
-8.36193e-05
-0.00197731
-0.000755369
0.0028163
0.00412416
-0.00500635
0.010584
-0.00970179
-0.000789393
-0.000185592
0.000115942
0.000859043
0.000671899
-0.00534061
-0.00143653
0.00610524
-0.00962388
0.0145054
-0.00966729
0.00148557
0.00228736
0.000554256
-0.00432718
-0.000978659
0.000626881
0.00050209
-0.000150311
0.00414797
-0.00448032
-0.00288502
0.00321737
0.0139325
0.00239294
-0.0159369
0.000722002
-0.000824583
-0.00188702
0.0019896
0.00202979
0.000196342
-0.00201664
-0.000209497
-0.0137764
0.00145239
0.0146106
-0.00228654
0.00327868
0.000845717
0.00654516
-0.0106696
0.0261486
-0.0277419
0.00159327
-0.00262684
0.00231864
0.00267281
-0.00236461
-0.00125174
-0.000925812
0.00138717
0.00079038
0.00261336
0.00839142
0.0072156
-0.00140468
-0.00182404
0.00438188
0.00659511
-0.00994746
-0.00102954
-0.00160322
-0.00318754
0.00308607
0.00170469
0.00277903
0.0015008
-0.00318882
0.000472219
0.00261354
-0.00458122
0.00149546
0.00405784
-0.0017354
-0.00420332
0.00188088
-0.00169624
0.00327439
-0.00104492
-0.000533238
0.00905223
-0.00805502
0.00307804
-0.00407525
0.00174481
-0.00997845
0.0111722
-0.00293852
-0.000300359
-0.00544304
0.0104019
-0.00961896
0.00860769
-0.00546893
0.00161253
-0.00309667
0.0020873
-0.00060316
-0.000318826
0.000176134
0.000695101
-0.000552408
0.00207249
0.00678537
-0.00676599
-0.000485914
0.00215289
-0.00551209
0.00520142
0.00456339
-0.00425272
0.0181335
-0.00781306
-0.0226982
0.0123778
-0.022254
-0.0278329
0.006392
0.000537678
-1.88664e-06
-0.000235897
-0.000299895
0.000662482
-0.000229627
-0.000709582
0.000276727
0.00164099
-0.00489132
-0.00581398
0.00906432
-0.00601624
-0.00170262
0.00235415
0.00536471
0.0019232
-0.000389915
-0.00403611
0.00250282
0.0116335
-0.0241689
0.0306689
0.00162804
-0.00353308
0.0033906
0.00198957
0.000437244
-0.00241719
-9.62986e-06
0.000458907
0.000201241
-0.000248339
0.00214593
-0.00230098
-0.00377975
0.00567171
-0.00336371
0.00171241
-0.00402042
-0.00670379
-0.00173319
0.00567534
0.00276164
0.000527314
0.00243962
-7.86552e-05
0.00208948
-0.00352707
0.00131959
0.000117998
0.0341454
-0.0247927
-0.00417921
-0.00517353
0.000554552
0.00278379
-0.000619425
-0.00271892
-0.0398006
-0.00699174
-0.00310858
0.00466529
-0.00284214
0.00128543
0.0039743
-4.22068e-05
-0.00349324
-0.000438854
0.00124062
-3.81319e-05
-0.00939959
0.00819711
-0.0154563
0.00828672
0.00686197
0.000307649
0.00194117
0.00247103
-0.0117189
0.00730671
-0.000680929
0.00210407
-0.00438491
0.00296177
-0.00170207
0.0114632
-0.00194532
-0.00198089
0.00328854
0.000637674
0.00416312
-0.000712104
-0.00426724
0.000816226
0.000879353
0.00244259
-0.000633686
-0.000398969
0.00310557
0.00145652
0.00127541
-0.00303258
0.00917387
0.00031407
-0.000397596
-0.000351183
0.000434709
0.00674929
-0.00121483
-0.00507323
-0.00046124
-0.0015155
-0.00266091
0.00243455
0.00174185
0.00876359
-0.00965613
0.00186895
-0.000976398
2.2382e-05
0.0010673
-0.00239109
-5.33831e-05
0.000154669
0.000122424
-0.00022371
2.33973e-05
-0.00126535
0.000263296
0.00145568
0.00191283
0.000783871
-0.00417365
0.00258875
0.00323385
-0.00164895
-6.91834e-05
7.54736e-05
-0.000411812
0.00128309
0.00219199
-0.00383845
0.000363368
0.00179105
-0.00265055
-0.0013226
0.0119256
0.00305957
-0.0296248
0.0146396
8.85578e-05
0.000298094
-0.000489272
0.000102621
-0.00337732
0.00186407
-0.011354
0.00113918
0.000864329
-0.00221496
0.000211452
0.00046133
-0.000119628
0.000317843
-0.000659545
-0.0122256
0.00848303
0.00784289
-0.00410033
0.000252788
-6.70644e-05
-0.00050455
-0.000322473
0.00355028
-0.00223976
-0.000988053
-0.00360067
0.00430625
3.49543e-05
-0.000740535
-0.0116098
0.0117701
0.00414106
-0.00430136
-0.000272564
-0.00198597
-0.0037577
-0.0109809
0.0156705
0.0135273
-0.0182169
0.0158927
0.000700102
-0.00900739
-0.00250246
-0.00962588
0.00930059
0.00282775
-0.000692955
-0.0126949
0.00267084
-0.00218495
0.00104913
-0.00153502
-0.000417841
0.000775821
0.000361775
-0.000719756
-0.000426564
0.000966687
-8.79942e-05
-0.000452129
-0.00460756
-0.00239646
0.00206439
0.00179734
-0.00394491
0.00261978
0.00174939
-0.00108678
-2.48857e-05
0.0012082
-0.000904601
-0.000278711
-0.00116408
-0.00257768
-0.00405418
0.00173515
-0.00491307
0.00719568
-0.00401776
0.00921692
0.00271374
-0.00998949
-0.00015903
-0.00026464
0.00042367
0.00416054
-0.000449867
-0.00520687
0.0014962
-0.00723733
-0.00196684
0.0120433
-0.00283912
-0.00847516
-0.00608813
0.019284
-0.00472067
0.00420399
0.00105265
-0.00594778
0.000691144
0.00125976
-0.00140019
0.00334354
-0.00320311
-0.0113251
0.00034018
-0.0149187
0.000540232
0.000602043
0.0027331
-0.00212768
0.00100759
-0.00161301
0.000283115
0.00600517
0.00628195
0.00473031
0.00200214
-0.00854769
0.00181524
-0.000829951
-0.00256275
0.00453431
-0.00114161
-0.00412294
-0.00300714
0.0028913
0.00423878
0.0122481
0.00466903
-0.00233339
-0.0145838
-0.00232319
0.00505478
-0.00480142
0.00206983
0.00141414
-7.09375e-05
-0.000608883
-0.000734316
-0.0013494
0.00248191
0.00148903
-0.00262154
0.00255806
-0.00204934
-0.00148673
0.00097801
0.000360296
0.00022727
7.49153e-05
-0.00275704
-0.000412212
-0.000212078
0.0059967
0.00209596
0.00207381
-0.0101665
-0.00183551
-0.00126485
0.0012709
0.00182945
-0.00216512
0.00031208
0.00237639
-0.00052335
0.00519987
-0.000531367
-0.00128846
-0.00338004
-2.5957e-05
-0.000367786
0.000393743
0.00067558
-0.000140931
-0.000214773
-0.000319876
-0.0012216
0.000465855
-0.00213018
0.00288592
0.00131622
7.09043e-05
0.000617188
-0.00200431
0.000162072
-0.00372698
1.46368e-05
0.00177012
-0.000628384
-0.000242764
-0.000898974
0.0002284
0.000525794
-0.000643252
-0.000110942
0.000148829
-0.00235177
-0.00114111
0.00167225
0.00238903
-0.00168837
-0.0023729
-0.0265287
8.65801e-05
0.000880487
-0.000890941
-7.6126e-05
-0.00144739
0.00113997
0.00249128
-0.00218387
0.00619371
0.00130905
-0.00391
-0.00359276
-0.00155134
0.000670982
0.00108901
-0.000208651
-0.00388659
0.00137821
0.00264575
-0.000137369
-0.00207763
0.00445916
-0.00188717
-0.000494365
0.000945888
0.000656186
-0.00116111
-0.000440968
0.00255632
-0.000312653
-0.00220016
0.00285146
-0.00246946
0.00181816
0.000422094
0.000181759
-0.000373276
-0.000230576
-0.000672978
-0.000506235
0.00102495
0.000154267
-0.00227144
0.00646388
-0.00436533
-0.0020364
0.00181084
0.00254275
-0.00231719
-0.00262441
-0.0012607
0.00361255
-0.00193388
0.00226098
0.000811603
-0.0011387
0.000579809
-0.00135228
0.00284921
-0.00207674
-0.00664357
0.00151075
-0.0044024
0.00953522
-0.00197895
-0.0015112
0.00132502
0.00140199
-0.00123158
0.00375094
-0.000583479
-0.00112863
0.000764243
0.000947865
0.000386685
-0.000626564
-0.00109092
0.0013308
0.0018416
-0.000814001
-2.38813e-05
-0.00100371
-0.000241259
0.00247279
-0.00267494
0.000443413
-0.000999663
-0.000123327
0.00241171
0.00140279
-0.001021
-0.000381788
0.00279196
-0.000770785
0.000152406
0.000443761
0.000169801
-0.000786944
-0.000103151
0.00047242
-0.000499235
-0.000429305
0.000270275
-0.00566349
-0.0125579
0.00661159
0.00294124
0.00166727
-0.00329228
-0.0117918
-0.00724735
-0.00796341
0.00792633
0.000269851
-0.000232769
-0.0104593
0.00258663
0.0059592
0.00191347
0.00334315
0.0003001
-0.0030887
-2.42385e-05
0.000786399
0.00183272
0.00545204
-0.00694659
-0.000338173
0.012465
-0.000294026
-0.00615014
-0.00602083
-0.00148062
0.00400667
-0.00264424
0.000118186
-0.00128903
-0.00133268
0.000421552
0.00121047
-0.00162095
0.00154966
0.00111498
-0.00489432
0.00113922
0.00264011
0.00431625
-0.0186035
0.000113668
0.0141736
-0.000125528
0.00118909
-0.000159289
-0.000115787
0.000169929
0.000329284
-0.000383426
0.00192096
0.00111262
-0.000925801
-0.00210778
0.000676875
0.00113955
-0.000262306
-0.00155412
-0.00140758
-0.000383638
0.00179402
-0.000470874
-0.00113386
0.000629062
0.000975669
-0.00136775
0.000858821
0.00274929
-0.00224036
-0.000171332
-0.000324961
-0.000259579
0.000755872
-0.00517645
0.00975857
0.00365655
-0.00823866
-0.00504756
0.00660377
-0.000884321
0.0138502
8.10536e-06
-0.00464144
0.00499044
0.00955133
0.00376297
0.00133574
-0.0074219
0.00368112
-0.00315936
-0.00135172
-0.000208504
0.000251554
0.000447901
-0.00049095
0.00053111
-0.000668793
0.000291377
-1.35163e-05
1.50504e-05
0.00222677
-0.00298997
0.00221888
0.00013896
-0.000128613
-1.03469e-05
0.000135929
0.00545635
4.30722e-05
0.000283964
-0.000327036
0.00145517
0.0020745
-0.00214697
0.000717802
0.000119742
-0.000399437
-0.000438107
-0.000400988
0.00144067
-0.00119503
0.000155348
-0.000307016
0.000471801
0.000311257
-0.000476043
-0.00232522
0.00190145
-0.00284608
0.00326985
0.000308588
0.000482836
-0.000529245
-0.000262179
0.00038951
-0.0027594
0.00257747
-0.000207584
0.000663508
0.00430707
-0.000463255
-0.00450732
-0.00102132
-0.00326846
0.000828952
-0.000205308
-0.000272082
-0.00128775
0.00176514
-0.000239893
-8.39422e-05
-0.000380701
0.000704536
0.00108877
-0.000387818
-0.00170061
-0.000541421
-0.000440808
0.002378
-0.00139577
-0.00560679
0.00308768
0.0117549
-0.00923574
-0.000682746
0.00048553
0.00190591
-0.0017087
-0.00132772
0.00234422
0.000469553
-0.00148606
-0.000760366
0.000242039
0.000700602
-0.000182275
-0.00176189
0.00314941
-0.000566232
-0.000821295
-0.00314448
0.00690163
-0.0089336
-0.00393809
-0.0138263
-0.00188887
0.0196533
-0.00138182
-0.0211973
0.0190781
0.00350098
-0.0083712
-0.0134199
0.0193823
0.00373763
-0.000877442
-0.00140502
-0.000561908
-0.00016333
-6.4155e-05
0.00447171
-0.00195323
0.00101999
-0.00353847
-0.000349383
0.000282316
-9.62921e-05
0.00016336
0.0014556
-0.0014906
0.000131927
-9.69269e-05
0.00371566
-0.000584643
0.0122832
0.00215549
0.00035068
0.00176848
-0.00587938
0.00768035
0.00419573
-0.00338241
0.00421113
0.00448435
-0.00531307
0.00472772
0.00138688
0.00202546
-0.00814006
0.00233449
-0.00731102
0.00797107
-0.00299454
0.0040647
-0.0133054
0.00336128
-0.00140461
0.00132817
0.003764
-0.00368756
0.00460365
-0.00711804
0.00110978
5.05588e-05
0.000509698
0.0034729
-0.00403316
0.000608009
-0.00383757
0.00328012
0.00339698
-0.00331764
0.000430365
-0.00221737
0.00165453
0.00100936
-0.00044652
0.000415633
-0.00205365
0.00224602
0.00138797
-0.000982706
-0.00449477
0.0040895
0.0258776
0.0198494
-0.0338014
0.00033016
-0.00252002
-0.000328994
0.00251885
-0.00144118
-0.00100375
-0.000665173
0.00311011
-0.00253023
0.00278612
0.00100202
-0.00125792
0.00447488
-5.5524e-05
-0.00408919
0.000295823
-0.000295533
-0.00056377
-7.08276e-05
0.000754608
-0.000387958
0.000494716
0.000324814
-0.00050942
-0.00031011
-7.79236e-05
0.000116225
0.00042673
-0.000465031
-0.00108976
0.000908651
-0.000114429
0.00121588
-0.000365784
0.00156604
-0.00241613
0.00281751
0.000521855
-0.00212348
0.00183107
-0.00514272
0.00422547
-0.000913825
0.0025017
-0.00179074
-0.00215214
0.00131677
-0.00276937
0.00108681
0.00858875
-0.00335773
-0.00503956
-0.000191459
0.00368473
0.00489273
1.12908e-05
0.00421868
0.00223165
-0.0044601
-0.00199023
0.00693952
-0.00465832
0.00193748
-0.00228014
0.00586194
-9.93582e-05
-1.0253e-05
4.11835e-05
6.84277e-05
-0.0025622
-0.000245704
0.00519239
-0.00327152
-0.00211233
-0.00121252
0.00583133
0.000573584
0.00101331
-0.00205637
0.00215805
-0.00214791
-0.0010643
-0.00168211
0.00216856
0.00083627
-0.00439985
0.00139502
-0.00129947
0.0012412
-0.00118708
0.00124535
-0.000944731
-0.00196027
-0.000740524
0.00364553
-0.000284138
0.000180987
0.00325958
-0.00761072
5.25678e-05
0.00956825
0.00592629
-0.00430652
-0.00923049
0.00268201
0.00186161
0.000541949
-0.00508557
0.00180897
-0.00398151
0.00126055
0.000911985
0.00288646
-0.00356911
0.00336466
0.00475131
0.00156523
0.00341551
0.0532719
-0.0518338
0.0164874
0.0037261
-0.0158972
-0.0450413
0.0484568
-0.0117942
0.00220198
0.0255728
-0.0159805
-0.0155316
-0.0279427
0.0153713
-0.0159455
0.00866485
-0.00809064
0.000617112
0.000500989
-0.000674339
4.98729e-05
0.000542022
4.01862e-05
-0.000412117
0.00106334
-0.000691408
0.00089532
0.00196357
-0.00575971
0.00049928
0.00628486
0.000538437
-0.000620036
7.24937e-05
9.10591e-06
-0.00500747
-0.00661244
0.0058602
0.00259619
0.000622319
0.00105056
-0.00426907
0.000584194
0.00847826
0.00195753
0.00188232
-0.00110849
-0.00273137
0.00450878
-0.00355656
-0.000288711
0.0028521
-0.000940791
0.000684882
0.000165805
-0.000351048
-7.49796e-05
0.00171584
-0.000441212
-0.000342743
-0.000931887
0.000126255
3.9286e-05
-0.000136354
-0.000779927
0.000972953
-0.000385656
0.00019263
0.000591136
-0.000281076
0.000376672
-0.000686732
0.00572223
-0.00696927
-0.00648046
0.0077275
-0.00226493
0.00275711
-0.00155524
0.00106305
-0.00292153
0.00254941
-0.00293752
3.99159e-05
0.00019474
0.00122027
-0.00246422
-0.018387
-0.00379627
0.000633482
-0.000561595
0.000153443
0.000488304
-8.01523e-05
-0.0119318
-0.001602
0.00920695
-0.000276127
0.000758561
0.000260854
-0.000743287
-0.00465657
-0.0115934
0.0043182
0.000781869
-0.000398443
-0.000581328
0.0023231
0.0129766
-0.0115841
0.00876441
-0.0144943
0.0137512
-0.0113931
0.000951241
-0.00330926
-0.00029281
-6.64037e-06
0.000273614
2.58364e-05
0.000158869
-0.00369216
-0.00113823
0.00467152
0.00249805
-0.000548124
-0.0009879
-0.00337087
0.000666603
0.00275972
0.00269885
-0.00250246
-0.00295612
-0.0025946
0.00585576
-0.000501436
0.010707
0.00392458
-0.00121734
-0.0019416
-0.00015873
0.00168523
0.0123207
-0.00621207
0.00248925
-0.00859785
-6.87861e-05
-0.0010709
0.00155634
-0.000416656
-0.0515754
-0.00365037
0.0552258
0.00575391
-0.00131972
0.00128383
0.0038452
0.000624884
-0.00180748
0.0019259
-0.00274284
-0.000279991
-0.000934352
-0.00071954
7.99542e-05
0.000128201
-2.83951e-05
-0.00017976
6.48494e-05
-0.000327821
0.0027248
0.00014483
-0.000298633
4.09363e-05
-0.000887161
0.000846224
6.94038e-05
-0.00102832
0.000222869
0.000736045
-0.00193238
-0.00314334
0.00308148
0.00199423
-0.00247376
0.000486204
5.51792e-05
0.000598556
-0.00375128
0.00134524
0.00126829
0.0024493
-0.00175342
-0.00196417
0.00337904
-0.00149361
-0.000617137
0.00269065
0.000906245
-0.00132023
0.00212045
-0.000584708
-0.000330271
-0.00120547
0.00142428
0.0011547
0.000111662
0.018579
-0.0238182
0.0166293
-0.0113901
0.00676543
-0.00355343
-0.00513724
0.00192524
-0.000428748
0.00379231
0.00435454
-0.0077181
0.003543
0.000304792
0.00441511
-0.00146942
-0.00348338
0.0011613
0.0037915
-0.00116894
0.000296947
-0.000710496
0.00158249
0.000645365
-0.0017921
-2.22131e-05
0.00189253
-0.00178666
0.000539492
0.000460154
-0.000842154
-0.0005359
0.0009179
-0.00135119
0.00266611
-0.00116044
-0.000756518
0.0022139
-0.00127494
-0.00123669
-0.0241796
0.016292
-0.0231995
0.000803741
-0.000951517
0.000359953
-0.000212177
0.000488856
0.000339599
-2.47141e-05
0.00107354
0.00182547
-0.00118317
-0.0007624
0.00330359
-0.00334529
0.000804101
-0.00071333
-0.00136334
0.00340851
-0.00133183
-0.00115879
-0.00105966
0.00150512
-0.00198215
0.000175245
0.00450575
0.000290398
0.00249587
-0.00444093
0.00165467
0.00215084
0.000564253
-0.00229341
-0.000421682
-2.72699e-05
0.000216358
0.00264886
-0.00283795
0.00123158
0.00415933
-0.00410781
8.91933e-05
-0.00363517
0.000791755
0.00275422
0.000924038
-0.00109287
0.000239735
-0.000758079
0.00124359
0.000277783
0.00117599
-0.00314427
0.00460198
0.000734277
-0.00134525
-0.00373652
0.00231868
0.00276309
0.00117759
-0.00146918
-0.002303
-0.00103067
-0.00155572
0.000879805
0.00170658
0.000853232
-0.000576018
-0.000994122
0.000716908
-0.00180912
0.000502319
0.000383117
-0.000838458
0.00288368
0.0100679
0.00918072
-0.00833567
0.000175391
0.000407046
-0.000493879
-0.00061015
0.00119394
-0.000543603
0.000947909
-0.000124374
-0.000933247
0.000109713
3.7832e-05
0.000153734
-0.000498581
0.000448688
-6.08522e-05
0.000169611
-0.00130898
-0.000307933
0.00318514
-0.00156823
0.00051878
-0.000166477
-0.000592197
0.000154614
0.000392058
-0.000417927
-0.000128745
0.0016245
0.000618852
-0.00339629
0.00115294
0.00173124
-0.0013475
-0.000186462
0.000517506
0.00281195
0.000534147
-0.0038636
0.00043365
0.00227629
-0.00219244
-0.000347077
0.000656164
0.0019519
0.000450923
-0.000871973
0.000243145
0.000177906
0.00286435
-0.00323314
-0.00941556
-0.00518927
-0.00458248
0.00842402
0.00134773
0.000948727
-0.00270203
-0.00256816
0.00432147
-0.000892249
0.0109071
0.00398628
-0.00362625
0.00480593
-0.00516595
0.00149034
0.00294936
-0.00348408
-0.000955628
0.00788227
0.0123353
-0.0161528
0.00641175
0.00320351
-0.00859986
-0.0010154
0.000356586
-0.00317275
-0.00277317
0.00558934
-0.00138896
0.00780163
-0.00919699
0.00278433
-0.002355
0.0019295
-0.00133639
-0.00100878
-0.000922888
-0.000616075
0.00254774
-0.000860379
6.79158e-05
0.00254478
-0.00175232
-0.000564726
-0.00157578
0.00298284
-0.00165335
0.00304409
0.00238886
-0.0037796
-0.00508223
0.00909982
0.000106578
0.00676908
0.00348369
-0.0130413
0.00278855
-0.00617221
0.00976824
0.00139441
0.00369444
0.00684043
-0.00376578
-0.0070575
0.0106436
-0.0243693
0.0151156
-0.00305273
0.00758174
0.00658208
-0.00041267
-0.00549551
-0.00608992
0.00627983
0.00379637
0.0114079
-0.00743503
-0.00697508
0.00300217
-0.00385874
0.00241716
-0.00218056
0.00362214
0.00113812
-0.00354424
0.00117143
-0.00655124
0.00892405
-0.00223703
-0.00946727
-0.00327547
-0.00112213
-0.00246357
0.00686117
0.00604392
-0.0030767
0.000413493
-0.00338071
-0.00867951
-0.00206022
0.00513294
0.00147033
0.00292024
-0.00977391
0.0217819
-0.00340569
-0.00396276
0.00420319
-0.00331713
0.00165974
-0.00113182
-0.000144801
0.00098078
0.000398952
-0.0053425
-0.00741402
0.00230505
0.0047143
0.000394674
0.00473025
-0.00370435
-4.51215e-05
-0.0041872
-0.00614401
0.00552145
0.00480975
0.000631579
0.00146457
-0.00628335
0.00444024
-0.00425255
-0.00208716
0.00189947
0.0419125
0.00123175
0.00423019
0.000500502
-0.000290453
-0.000595295
-0.00922063
0.00367192
0.0014765
-0.00235885
-0.00339022
-0.00124803
0.0115375
-0.004768
0.00585064
-0.00947146
-0.00301396
0.00663478
-0.00420466
0.0127505
-0.00269518
-0.000291926
-0.00336759
0.00513601
-0.00123499
-0.00794515
-0.000291322
0.00157071
0.00392214
-0.00342036
0.00173621
-0.00877277
0.0133073
-0.00627075
-0.00502528
-0.00465319
0.0114147
0.00347764
0.000125549
0.000905593
-0.00475584
0.00320819
-0.0108674
0.00262723
0.00387035
0.00436982
-0.00119821
-0.00969963
0.0113574
-0.000459553
-0.0024534
-0.00637816
0.00347306
0.00357408
-0.000668982
-0.0114435
0.0250789
-0.00880729
-0.00482814
0.00130928
-0.00131314
0.0021588
0.0073263
-0.0100058
-0.00876392
-0.00609171
-0.00703528
0.00347086
-0.00369473
-0.00705018
0.00617498
0.0115934
-0.00839044
-0.00937799
0.000478502
-0.00251155
0.000744018
0.000140772
0.00114546
-0.000504706
-0.000781525
-0.000893387
-0.000102403
8.3626e-05
0.000993989
-0.000815877
-0.00074002
-0.000439913
-9.81571e-05
0.00250474
-0.00196667
0.00216681
-0.000762982
-0.00173162
0.000327801
-0.0039623
0.00833874
4.00297e-05
-0.00659493
0.00368944
0.00876501
0.0259875
0.0109228
-0.00971985
-0.0163577
0.0203892
-0.00577177
0.00185308
0.0018175
-0.000812364
0.000888245
0.000848158
0.000146733
0.000819122
-0.000258627
0.000873192
-0.000146027
-0.00050649
-0.000220675
0.000652373
0.000116959
-0.000371003
0.00330976
-0.00852481
0.00195227
0.00690149
-0.00554401
-0.00283046
0.00213623
0.000441486
0.000252742
-0.00665325
-0.00862651
0.0306511
0.00364067
-0.00440534
-0.00812733
0.008892
0.00343127
-0.0022903
0.0010858
0.00144475
0.00572732
-0.00349094
0.0046435
9.60445e-05
-0.00266977
-0.000961249
6.19097e-05
-0.00129344
-0.00423226
0.00285593
-0.00667339
0.0115955
0.000230478
-0.00279887
0.00188926
0.000679132
-0.000525325
0.00323459
-0.000806439
0.000869594
0.0019172
-0.0030266
0.00233282
-0.000527818
-0.00352166
0.000855894
0.00186005
0.000805718
-0.00275832
-0.00203434
-0.00372378
0.00851645
-0.00227328
0.00173615
-0.00298453
0.00265058
0.00493022
-0.00352296
-0.0307588
-0.0080203
-0.0130547
-0.00194947
-0.000619039
0.00181199
-0.00958712
0.00726417
-0.00750863
-0.00251386
0.00126608
0.00206425
-0.00506573
-0.00451135
0.00203983
0.00301346
-0.0107868
0.0192539
0.0031928
-0.00240503
0.00296069
-0.000634885
0.000398362
0.0022394
-0.000682084
0.000885277
0.0482943
0.0095138
0.00327688
0.000206501
-0.00432184
-6.15498e-06
-0.00296048
0.00671561
-0.00874775
0.00515457
0.0030398
0.000524104
-0.000304323
0.00190094
0.00213192
-0.000993066
-0.000788624
0.00242956
-0.00170844
6.7496e-05
0.0038827
0.0118645
-0.0163318
-0.00508704
-0.00334747
0.00963959
-0.00120508
0.00495008
-0.00241021
-0.00474646
-0.00424121
0.00225734
0.000479223
-0.00797648
-0.00771135
-0.0118908
0.00588306
0.024519
-0.0157326
-0.00514579
0.0006883
-0.0206133
0.00455815
-0.00205053
0.00967362
0.000420882
-0.00200506
0.000726681
-0.000349294
-0.00392851
0.00524484
0.00139969
-0.00271603
-0.00113251
-0.00183691
0.000931381
0.00203804
0.000708813
0.00217004
-0.00281869
-0.00215724
-0.00118056
0.00126017
4.69694e-05
-6.79237e-05
6.96616e-05
-4.87073e-05
0.00261845
0.00139352
-0.000477575
-0.00353439
0.00341061
0.00292607
-0.000216107
0.00196445
-0.00284687
0.00109853
-0.00656254
-0.00189372
0.00973166
0.017403
-0.0171312
0.000987773
-0.00125956
-0.0197929
0.0176008
0.0106273
-0.00133595
-0.00306231
-0.00622909
-0.00141866
-0.00294406
0.00451155
-0.00237623
0.00253488
0.00076371
-0.000922363
0.00160764
0.00158325
-0.00235462
0.00118264
-0.000484049
-0.00155897
0.000990017
-0.00173476
-1.89805e-05
0.000763725
0.006134
-0.00770547
0.00329344
-0.00172197
0.000983794
-0.000267093
0.00118649
-0.00190319
0.000239662
0.00334311
-0.000206894
-0.000545663
0.0107252
-0.00720078
-0.00510722
0.00158284
-0.000795314
-0.000343772
0.000360619
0.000157988
-0.000174835
0.00029154
-0.0010611
-0.00221779
0.00298735
-0.00327903
-0.00799826
0.0057652
0.0041479
0.000729922
-0.000994402
-0.00203048
0.000676749
0.00130844
4.52901e-05
0.00187791
-0.0010192
0.0032892
-0.00182066
0.00159066
0.000542082
0.00230375
-0.000495616
-0.00328358
-0.000965608
-0.00312213
0.000927779
0.00315996
0.000344521
0.00307666
2.58552e-05
-0.0010005
0.00241695
0.00143565
-0.00107762
-0.00184332
-0.000276134
0.00324831
-3.09364e-05
0.000216378
0.000445203
-0.000865521
0.00020394
-0.00110579
0.000827777
0.000323124
-4.5113e-05
0.00939099
-0.0120795
0.0024562
0.0113207
0.000199174
-0.000263552
0.000493161
-0.00255422
0.00400381
-0.000646497
-0.00308894
0.00952756
0.00441353
-0.0108522
0.00144088
-0.00187097
-0.000578685
0.0102929
-0.00627638
0.00614788
-0.0101644
0.00592004
-0.0148029
-0.012509
0.0213918
9.3556e-05
-0.00355769
0.00267551
0.00263793
-0.00357114
-0.0029953
0.00379896
-0.0105677
0.00724799
-0.00335196
0.00206038
0.00576646
-0.00576138
0.00533415
0.000589302
0.000231627
-3.41867e-05
0.000128043
-0.000325484
-0.00131561
0.00293174
0.00441585
0.0586858
-0.0037627
0.00574054
-0.0298108
0.0357885
0.000269443
0.00132317
-0.000975505
0.00248372
0.00259631
-0.000189122
-0.00286166
0.00674522
0.0316285
0.000798866
-0.0205743
0.00188568
0.00233095
-0.00104608
0.000233712
-0.00377128
0.00545159
-0.0020768
0.000396488
-0.00336456
-0.000502906
1.49029e-06
-0.000386097
0.000640731
-0.000256124
0.000389583
-0.000250195
4.00469e-05
-0.000179435
0.000285092
-8.4161e-05
0.000376616
-0.000577547
0.000908456
0.00499907
-0.00451955
-0.00101055
-2.62127e-05
0.000852985
0.000183776
0.00101487
-0.000742899
-0.000983195
0.000711222
-3.36904e-05
0.000238617
-0.00399685
-0.00241277
0.00267446
0.00214118
0.0012547
-0.000847032
-0.000455588
0.000624755
0.000677866
-0.00499199
0.00277579
0.000772283
0.00144392
-0.00268173
6.33487e-05
-0.000508906
0.000237053
-0.000574063
0.00023316
0.000631261
-0.00882796
0.00115556
-0.00100711
-0.000803873
-0.0016006
0.00344435
-0.000334158
0.000406583
-6.03837e-05
-1.20403e-05
-0.000367307
0.000168862
0.000558741
0.000520595
0.000416336
-0.000515621
0.000203546
0.00419037
-0.0066567
0.00155015
0.000916179
0.000376449
0.00205845
0.000908258
0.00104237
-0.000390056
-0.00152883
0.000876511
9.70867e-05
-0.00169597
-0.00459819
-0.00266448
0.00179819
-0.0007057
6.29754e-05
0.00112826
-0.00159794
-0.000364557
0.00152259
0.000146364
0.00104802
-0.00130787
-0.00197133
0.00223119
-0.00284041
-0.0128739
0.034713
-0.00107992
0.00300545
-0.00258298
0.000657452
0.00425765
0.00893143
-0.00846136
0.0353656
-0.0139187
-0.010524
0.00110291
-0.00298629
0.00139747
0.00852176
-0.00132761
0.00228262
0.00122462
-0.0199169
0.00689885
-0.00097596
-0.00435218
-0.000223337
0.00118402
-0.000300483
-0.0006602
0.0151684
-0.0200561
-0.0064455
-0.00519946
0.0273619
-0.0132102
-0.00895224
0.0027437
-0.000113464
0.000628764
0.00909094
0.00100546
-0.00217266
0.00724434
-0.00718358
0.00211189
0.000632823
-0.0101616
-0.00392397
0.0101475
-0.000828138
0.00237798
-0.000110779
-0.00143906
0.00822279
-0.000754925
-0.00266325
8.70328e-06
0.00103626
-0.000327165
-0.0101057
0.00101158
0.0159821
-0.00688801
-0.0155219
0.000362922
-0.00470135
-0.00624851
0.02453
-0.0135801
-0.000356378
0.0140878
0.000306245
-0.0140377
-0.0160296
-0.00467205
0.0123304
-0.00121226
-0.00333247
0.0107197
0.00478268
0.00897166
-0.00869347
-0.00506086
-0.000554753
-0.000406908
0.00236895
-0.00140729
0.00187066
0.00144055
-0.00168671
-0.00301484
0.000472438
-0.00250516
0.000291663
-0.000499284
-0.000634533
-0.00250547
-0.00416072
0.00598643
0.000736962
0.00126166
-0.00687799
0.0314939
-0.000359271
-0.00112052
-0.000340864
-0.000661627
-0.000148324
0.000938849
-0.000128897
0.000437652
0.00521238
-0.00209734
-0.0035527
-0.000792759
-0.000161147
-0.000557495
0.0015114
-0.000362063
0.00053708
-0.00136127
0.002627
0.00155062
-0.000946783
-0.00323083
-0.00111483
-0.0014742
0.000902805
0.00168622
0.00169364
0.00027209
0.00216865
-0.00413438
0.00304024
0.00789476
-0.0135007
0.00256574
-0.00323746
0.00118923
-0.0137628
-0.00586681
0.0082365
-0.0229782
0.000701703
-0.000242796
-0.000366396
-0.000551567
0.000746631
-0.0165357
-0.00518089
-0.0103202
-0.00235273
0.000440796
0.000526654
0.000164433
-0.00113188
-0.00183777
-0.000889251
0.00103078
-0.00781827
0.0198339
-0.0098073
-0.00220828
-0.0123606
0.0132546
0.000799079
-0.00348285
0.000452689
0.00937915
0.000617697
0.00039718
-0.000477199
0.00394775
-0.00635254
-0.0140767
-0.00117731
3.44757e-06
0.00514816
2.49405e-05
8.509e-05
0.000262187
-0.000372217
0.000110021
-0.000419757
0.00038969
-0.000893167
-0.000406304
0.0059182
0.00378132
-0.00449965
0.00141977
-0.000136753
-0.000606144
-0.000358318
0.000263709
-0.000199343
0.000293952
-0.00179634
0.000834996
-0.00358889
0.00234457
0.00124433
0.000738525
-0.000927714
-0.00202818
-0.00157241
0.00503856
-0.000946841
-0.00251931
0.000512947
-0.000967181
0.000454235
-3.11844e-05
-0.00383653
0.00101116
0.00686436
-0.00147878
0.00080813
-0.000523941
0.000635814
0.00038353
0.00112662
-0.0088538
0.00495159
0.00277559
-0.000245555
0.000105145
-0.00132482
0.00383469
0.00097519
0.00325815
-0.000663227
-0.000111202
-0.000235654
-4.39332e-05
0.000434256
-0.0126469
0.0100828
0.00660803
-0.00404391
0.00167049
-0.000214617
-0.00801758
0.00353685
0.00560735
0.00224871
-0.00286059
-0.00310766
0.000183437
0.00118946
-0.000571586
-9.03999e-05
-3.42498e-05
0.000696235
-0.000851574
0.000166462
0.000630727
5.43844e-05
-0.000436671
-0.000682084
0.00054717
-0.000552658
0.00174746
-0.00180495
0.00416178
-0.00521082
0.000787168
0.00232183
0.000929181
0.0146778
-0.0126687
-0.00412472
0.00211559
-0.00527809
0.00829552
0.0116604
0.00543388
0.0103606
-0.00637673
-0.00941775
-0.00378923
-0.0034456
0.00699485
-0.00701056
0.00113633
-0.00112061
0.0142364
-0.0052287
-0.00704066
-0.000289934
0.0124478
-0.00511721
0.000208997
0.00168294
-0.000369493
0.0131156
0.0053843
-0.0032482
0.00454152
-0.00223266
0.0187562
-0.00578664
-0.00564329
0.00672122
0.00795055
-0.000435351
-0.000336945
-0.0193254
-0.000419829
-0.000588428
0.00100826
-0.0142935
-0.00343751
0.00117126
-0.0242544
-0.0033506
0.0264337
-0.00120991
6.68579e-05
0.000132506
0.000628593
-0.00185749
0.000288693
0.000301353
-0.00136997
0.000622353
-0.000356759
-0.00107553
-0.0179151
-0.00647893
-0.00334883
0.00222332
0.000778434
0.000974114
-0.000293595
-5.81658e-05
0.000480924
-0.000548803
-0.000107017
0.000573134
8.26868e-05
-0.0106922
-0.00407883
0.00383281
0.0109382
0.0128993
-0.0164603
0.00217915
0.000497565
0.00142613
-0.000140344
-0.00149109
-0.000986972
-0.0052502
0.00462251
-0.000120078
0.00325997
-0.00148536
0.000568392
4.78014e-05
-0.00275469
0.00159491
-0.00120702
0.00287504
-0.00108821
0.000299858
0.00042638
-0.000603814
-0.00829912
0.00506611
0.00455502
-0.00132201
-0.00235971
0.00241306
0.00257365
-0.000729096
0.000279549
0.000168471
0.00240979
0.00274667
-0.00303534
0.00216293
0.000995279
-0.00182917
-0.00132904
0.00369397
-0.00533217
0.000144137
-0.00347074
0.000166806
0.0031598
0.000667922
-0.00304813
-0.000255344
0.000398606
0.00188653
-0.00101521
0.000451737
0.000197078
0.000498269
-0.000911874
-0.000601607
-0.000172883
-0.00209703
0.00495399
0.00168456
0.00180568
-0.00054655
-0.00538179
0.00412266
0.00103006
0.00331472
-0.00130939
-0.00303539
0.000238315
-0.000228577
0.000175053
-0.00018479
0.000294291
0.000291973
-0.000310793
-0.000275472
0.00172067
-0.00164535
0.00244874
-0.000656597
0.00158095
0.00252775
-0.00182929
-0.00227941
0.00030473
0.000386384
-0.000202258
0.00078579
-0.00209513
-0.00263801
0.00394734
0.000730368
0.000387076
7.64949e-05
-0.0147229
-0.0213681
0.000813995
0.00232328
-0.000285822
-0.00896907
0.00583592
0.00208056
0.00105259
0.00471799
-0.000732373
0.000153473
-0.00614361
0.0124253
-0.00596193
0.00198532
0.00268317
-0.00752259
0.000510809
-0.00394636
0.00936184
0.000102158
-0.000251155
0.00108969
-0.000940695
-0.000692619
0.00280754
0.000670525
0.000661008
-0.000572972
8.96844e-05
-4.3727e-05
-0.000475262
0.00132676
1.91074e-05
-9.30007e-05
-0.00125287
-6.3499e-05
0.00168318
0.00320772
0.00470936
0.00130337
9.43303e-05
-0.00610706
0.00114442
-0.00173797
-0.00317773
-0.00231295
0.00342399
0.000978443
-0.00863146
0.00562598
-0.00337268
0.00703295
0.00426878
-0.0215482
0.0102464
0.000872899
0.00104484
0.000245188
2.92719e-05
0.000173112
0.00055206
-0.000754444
-0.00373772
0.00225267
0.00176283
0.00208663
0.00330658
-0.00598851
0.00305785
0.00202466
-0.00022869
0.000356384
0.00105492
-0.00118261
-0.000856501
0.000709531
-4.84797e-05
0.00019545
-3.12884e-05
-6.21272e-05
-3.44917e-05
0.000127907
-0.00153868
0.00266582
-0.000135365
0.00102351
-0.00015778
9.45956e-05
-0.000796256
0.00148527
-0.00846264
0.00097586
-0.00273312
-0.00234859
0.00233171
0.00054419
-3.44303e-05
0.000741644
-0.00548033
0.000270613
0.012425
-0.00357396
0.000907578
0.00308679
-0.00488131
-0.00650461
0.000280879
9.51125e-06
-0.000321366
0.000358932
-0.000386949
-0.000904189
0.00145208
0.0041701
-0.00010785
0.000571729
-0.00425764
0.00379376
0.00253495
-0.00228467
4.13626e-05
-0.00367982
0.00211935
0.00739671
-0.000210915
0.000465904
0.000363004
-0.000617993
7.52349e-05
0.000443736
0.000924228
-0.00118962
-0.00017834
0.00103154
0.00208277
-0.000542159
-0.00102413
-0.00109914
-0.000888507
-0.000677217
0.0010218
0.000543927
-0.000423087
0.0002998
-0.000247095
-0.000493612
0.000740707
-0.00301007
0.000483332
0.00176434
-0.00498127
0.00978132
-0.00684116
0.00204112
0.00403438
0.0019396
-0.00150227
0.00186845
-0.00257893
0.000590035
0.000971637
0.00101725
0.00116561
0.00082126
-0.00321845
0.000163031
-0.000832088
2.62933e-06
0.000666428
-4.942e-05
0.000947721
-0.000825891
-7.24103e-05
0.0057975
-0.00468769
-0.0172024
0.0160926
0.000576111
-0.00369797
0.00301401
-0.0127909
0.00707313
-0.00475141
-0.0129426
0.000549864
0.00155135
-0.00527626
-0.00734909
-0.00458431
0.00597936
-0.00296746
-0.0173545
-0.00247404
-0.000227543
-0.0023759
-0.00688954
0.0105114
-0.00124596
-0.0390707
-0.0470606
-0.00158249
0.00797292
-0.00216024
-0.00224063
-0.0306642
0.00780972
-0.00903968
0.00510452
0.000745297
-0.00676191
0.0141732
0.00810443
-0.00977489
0.00636756
0.000992877
0.0187258
-0.00920702
-0.0142202
0.0032061
-0.00229167
-0.00124837
0.000333952
-0.00479907
0.00855601
0.00283817
-0.000564479
-0.000150654
-3.87482e-05
0.000753881
0.00062135
-0.000715098
-0.000442152
0.000967931
-0.000788617
0.000264423
0.000325295
0.000729845
-0.00267843
0.00162329
-0.000635208
-0.000117499
0.000339898
-0.000558749
0.000601841
0.000242001
-0.00133994
3.31084e-05
0.000192009
-7.78473e-05
-0.00136285
0.002508
0.00873063
-0.00159324
-0.000297112
0.000708586
0.000199894
-0.000611368
0.000173786
0.00560316
-0.00394422
0.0022906
-0.00177895
0.00128569
6.81851e-05
6.19347e-05
-9.66968e-05
-3.34229e-05
0.000316381
0.000224912
-0.000243199
-0.00598438
-0.00280617
0.00530525
-0.00707821
0.0162643
-0.0109674
0.00219815
-0.000950584
0.00153509
0.000779783
0.0150648
-0.00638987
0.00607819
-0.00273578
0.00309206
-0.00505407
0.00322808
0.0167524
-0.00568278
0.0018739
0.00393788
-0.00325413
-0.00255765
-0.00310732
0.00325332
-1.16645e-06
-0.000866471
0.000614197
0.000183004
6.92695e-05
0.0403314
-0.0245928
0.00102712
-0.00476586
-0.000197492
-0.000182998
-0.00156898
0.00162669
-0.00164843
-0.00107841
0.00110014
-0.00132999
-0.00895328
0.000121686
0.0100581
-0.00245443
0.000957583
1.97428e-05
0.00198679
0.000840483
-0.00248199
0.0042554
-0.00261389
-0.000538355
0.00213394
-0.00246686
0.000871274
-0.00267844
-0.00021095
0.00090724
0.000513498
0.00353877
-0.00107965
0.000748267
0.000102689
-0.00267015
-0.000894987
0.00209572
0.0107112
-0.0145818
0.00328868
0.000581886
-0.00510545
0.0017223
0.00393537
0.0020345
-0.00345767
0.00174104
-0.00534155
-0.00811273
0.0117132
-0.00365356
-0.00199275
0.000987989
-0.000572432
-0.000546688
0.00132149
-0.00375789
0.00074511
0.00346517
0.0124368
-0.0032149
0.000248986
0.000677299
0.00518664
0.00372849
-0.00653974
-0.000496642
0.000530241
0.000121015
-0.0311627
0.00465769
0.0384008
0.00574411
-0.0167422
0.018031
0.00520747
-0.0037124
0.00180889
-0.00189548
-0.00351407
-0.00975566
0.00730842
-0.00443068
-0.00244191
0.000452789
0.000374108
-0.000626404
0.00301036
0.000138014
0.000727478
-0.000370777
-0.00131168
0.00274149
0.000196873
0.000548809
-0.000642461
-0.000228337
-0.000129981
-0.000250083
-0.000266009
0.000654106
-8.42377e-05
-0.000237827
-0.00127588
-0.00113056
0.00323921
-0.00243112
-0.000412454
0.000111754
0.000343527
-0.000312531
0.000211303
-0.000242299
-0.000335613
0.000228232
0.000339008
-6.70477e-05
7.86346e-05
-1.15869e-05
-0.000423756
-0.000724366
0.000767421
0.000257467
-0.00229311
-0.00179113
0.00382678
0.00259849
-0.00260082
-0.000219129
0.000221458
0.000207755
0.00040006
0.00093021
0.000640106
-0.000576328
0.000797356
-0.00466012
0.00617444
-0.000605856
-0.00146389
0.00107732
-0.00145879
0.000836636
-0.00143965
0.000608785
-0.00225566
-0.0011608
-1.74081e-05
0.000114236
-4.67533e-05
-6.74828e-05
-0.000418191
7.95445e-06
-0.000461736
-0.000397869
0.00137146
-0.000901282
0.00225681
-0.00303032
0.00167479
0.00179893
0.00416045
-0.00520611
-0.00075327
0.00279836
-0.015587
0.00446825
0.00832044
-0.0012858
-0.000103633
-0.000489602
0.00103942
-0.000665218
0.000441343
0.000139714
0.000892241
0.000641525
-0.00124595
-2.54327e-05
0.00062986
-0.000204983
0.000501351
-0.000708485
0.000574966
0.000476871
0.00691212
-0.00528851
0.00546833
0.00374211
-0.00737255
-0.00344504
0.0101521
0.00409438
0.00319853
0.00472866
0.00243029
-0.00108683
-4.79946e-05
0.00176975
-0.000634925
-0.000629004
0.00024907
0.000174951
-0.0232246
0.00718784
-0.00446683
-0.000127285
0.00111017
2.29052e-05
-0.00100579
-0.000955048
0.000411664
0.000596606
-0.0029044
-0.0103986
0.00509087
0.000391495
-0.00956469
0.00199023
0.000843891
0.00205068
0.000761132
0.00081022
0.00114514
-0.000482517
0.00209017
-0.00273057
0.00206973
-0.000167297
0.000180873
0.000569322
0.000124718
-0.000874913
0.00388597
-0.00115392
-0.000533193
-0.00219886
-0.001123
-0.000270637
0.00144073
-4.70961e-05
7.26299e-05
0.000709353
0.0131101
0.00621804
-0.0114076
-4.25141e-05
8.94835e-05
-0.00170292
0.0118494
0.00368951
-0.0162318
-0.00486229
0.00539181
-0.00634396
-0.00374747
0.0116428
-0.0113764
0.00552066
-0.00288188
-0.00523179
-0.016169
0.0142075
0.00934792
0.00223162
-0.000882775
-0.00107452
-0.000274319
0.000844502
-0.00109013
0.000138251
0.000107382
0.00101582
8.32805e-05
-0.000979687
-0.000425724
5.33852e-05
-7.31421e-05
0.000336138
0.000953839
-5.851e-05
-0.000110216
-0.000586181
-0.000258651
-0.00314671
0.00721471
-0.00523208
0.000458645
0.00115927
0.00130031
-0.00291823
0.00189364
0.00182966
-0.00406565
-0.00125456
0.00301276
0.00542129
-0.00169368
-0.00189922
-0.00182838
-0.00312374
0.00212916
-0.00739913
0.00839371
-2.4151e-05
0.000722354
-0.000323312
-0.000374891
0.0038219
-0.00249509
0.00193379
-0.00326059
0.00150688
-0.00315605
-0.00192603
0.00129358
-0.00045438
0.000463413
0.000330854
-0.00114301
0.000348748
-0.00525337
-0.00241902
0.00189408
0.0025892
0.0166221
0.00129523
0.000843001
-0.000998678
-0.000466408
0.00416803
-0.00181931
-0.000846044
-0.0076396
0.00645272
0.00203292
-0.000209972
0.00115807
-0.00120985
0.000261751
0.0348052
-0.00135184
-0.00115756
-0.000677588
0.00156568
0.000269462
-2.71289e-05
0.000296864
9.08831e-05
0.000312496
0.00021263
-0.000281981
-0.000152367
0.000159937
-1.09295e-05
0.00819715
-0.00188047
-0.000778631
-0.000278888
0.00138214
-0.000324617
0.00911315
-0.00346036
-0.00537906
0.00167322
-0.00148343
0.00308869
-0.00440737
-0.00238814
0.00370682
0.000378259
0.0029975
5.72948e-05
-0.000693541
-0.0013771
0.000740295
0.000510238
0.000126571
-8.85793e-05
0.000425311
-0.000279437
0.00175595
-0.00164624
0.000756159
-0.00133213
-0.000195032
0.00174536
-0.00185794
-0.00231871
0.00019514
0.00097794
-0.00137261
0.00136879
-0.00110065
0.00175709
0.000321501
-0.000917247
-0.000272318
0.00308622
-0.00189666
0.00288154
-0.00153154
-3.84867e-05
-0.00131151
0.0144965
-0.00547864
-0.00329562
-0.0019832
0.00137521
-0.00136918
-0.00158629
0.00196409
0.000991384
0.00893592
-0.00280864
-0.0028242
-0.000824843
-0.00332217
0.00255023
0.00159679
0.0058469
0.000207515
-0.00489885
-0.000124418
-2.66127e-05
0.000151031
0.000495447
-0.00114025
0.000644803
0.000887452
0.0010586
0.000372475
-0.000789547
9.24429e-05
5.59513e-05
0.000241189
-0.00179114
0.00233173
0.000115571
5.07261e-05
0.000116094
7.17384e-05
-0.000238558
-0.00299926
0.00575577
0.00197215
0.000560398
3.90897e-06
-0.000749899
-0.000106519
0.0013312
-0.000741841
-0.00177375
-4.20452e-05
6.73393e-05
0.00176645
-0.00179175
0.000493371
-9.05581e-05
-0.000172046
0.000194184
-0.000409698
-2.90361e-05
0.000584362
-0.000145627
-0.00995988
0.00590115
0.000194085
0.00411163
-0.00352047
0.00524572
-0.0106521
-0.011438
0.00944318
0.000287495
-0.00023234
-0.00122451
-0.00307359
0.00544252
-0.00498294
0.00921495
0.00405839
-0.0082904
-0.0117161
0.000512612
0.00622054
0.0115336
0.00254815
-0.00486678
-0.000363732
0.0122888
0.0119784
-0.00931869
-0.00127681
0.00122351
3.88256e-06
0.000176264
0.000668737
-0.00212181
-0.000373328
-0.000366193
0.00141457
-0.00067505
0.00391095
0.00252395
-8.05349e-05
-0.00064454
0.00130232
-0.00127789
0.000859706
-0.000226356
0.000612374
-0.00227985
0.000924582
-0.00194802
-0.00177991
0.00263972
0.00262245
-0.000304561
0.000525834
-0.00151167
0.00313626
0.000296359
0.00377959
-0.00298012
0.00133606
0.00464396
-0.00170496
-0.00427507
6.71128e-05
0.00317253
0.00334147
0.00207303
-0.00281819
0.00294692
0.000165118
0.000146107
0.00510771
-0.00162761
-0.00161755
-0.00871483
0.00367364
0.0121624
-0.00712119
0.000594717
-0.000350103
-0.00161639
0.00178588
5.59465e-05
8.31535e-05
0.00325423
0.000512634
-0.00350839
0.00273725
-0.000811929
0.00107461
2.64156e-05
0.00159308
0.00136406
-0.00226696
0.00116682
-0.000263921
2.42687e-05
-0.00333804
-0.000466346
0.000426284
-0.000123269
0.00959231
-0.00468112
0.00389657
-0.00880776
0.0143903
-0.00898794
0.00418994
-0.00128504
0.00328657
-0.0107164
0.000958216
0.00885716
0.00354199
-0.00552849
0.000297306
0.00192568
-0.0104308
-0.0173436
0.00169705
-0.00344409
-0.000200987
-0.000250927
0.00174824
-0.00249782
0.00089626
0.00114154
-0.000433782
-0.00201944
-0.000868543
0.000589877
0.00142021
0.000935534
0.00360414
-0.0020333
-0.00250638
-0.000871231
0.000401232
0.000650871
0.000628461
-0.000547578
-0.000458066
-0.00198365
-0.00311176
0.00555347
-0.000312898
-2.24409e-06
0.00089449
0.000238061
0.000847749
-0.0019803
-0.0134113
-0.021818
0.012697
0.000361406
0.00224245
-0.00177331
-0.000830539
-0.00100761
-0.000489967
0.00185898
0.00147324
-0.000842025
-0.00197116
-0.00100857
0.00179749
0.000903005
-0.000458047
-0.000286313
0.00178367
-0.00327067
-0.00113487
0.00234023
6.15355e-05
-0.00126689
0.000992113
0.00452067
-0.00115943
-0.000401433
0.000412368
-0.000432699
0.000421764
-0.000632252
-0.00219893
-0.000729503
-0.000296319
-0.00150501
0.00335195
0.000824067
-0.00220714
-0.00083472
-0.00128844
-0.00203838
0.00717466
0.00152141
-0.00252629
0.00227035
0.00401389
0.000159302
-0.000869699
-0.000229788
0.000636974
-0.0019949
-9.10573e-05
3.22763e-05
0.00352557
-0.00188322
-0.00220708
0.00107932
-0.00501939
0.00290884
0.00103123
2.73286e-05
-0.000229025
0.000201696
0.000137875
1.48772e-05
-0.000152752
-0.00117877
0.000607489
0.000181221
7.46491e-05
-0.000298537
-0.00107369
0.00204613
-0.000673904
-0.000428671
0.000169271
-0.000715587
0.00120197
-0.000326393
0.00303049
-0.000978784
9.16236e-05
0.00136577
-0.00400695
0.001603
0.00103818
-0.0018728
-0.00333117
0.00328581
0.00191817
-0.000354894
9.94619e-05
-0.000267735
0.000523167
0.0110314
0.00522862
0.00357384
-0.00113228
0.00588061
-0.0021104
0.00637769
-0.00508069
0.00050193
-0.00314242
0.00197045
0.00044221
0.000729758
0.00145757
8.04599e-05
0.00096367
0.00303148
0.00127282
0.000318684
-0.00103002
0.000486903
-0.00239177
-0.00066097
0.00256584
-0.00100106
-0.00183577
7.74311e-05
0.00152558
0.00232225
-0.00531037
0.00146254
0.000151323
-1.23623e-05
0.000137075
0.000204124
-0.000675358
-0.00170759
0.00114315
-0.00011278
0.000277324
-0.000429187
0.00034711
0.00936687
-0.00621548
0.00644093
-0.00506965
-0.0215735
0.0230259
-0.00446902
0.00626345
0.00684762
-0.00864205
-0.00264495
0.00448271
0.00169909
-0.000164323
-0.0055705
0.00841565
-0.00531709
0.0010749
-0.00417346
0.00493474
0.0100453
-0.00158433
0.00493082
-0.00589806
0.00255157
0.0102181
0.000983006
-0.00825139
-0.00294968
-7.25783e-05
-0.00167004
0.00366583
-0.00831295
0.00358414
-0.0245974
4.60718e-06
-0.00142008
-0.0159471
-0.0117446
0.00487777
0.00219474
-0.000599488
0.000304127
0.00029536
-0.00855202
-0.0026079
0.00188052
-0.0127297
-0.000294976
0.0001182
-0.039126
0.0516241
0.00441606
-0.00358893
0.00459416
-0.000183159
-0.000800031
0.000914007
0.00123794
0.000990532
-0.000282701
0.00106341
-0.000236066
-0.000544641
-0.000729008
3.32007e-05
-7.69754e-05
0.000317388
6.5506e-05
0.000426441
-0.000508791
0.00071584
-0.00042943
0.000222382
3.05284e-05
0.000324439
-4.08969e-05
0.00571829
0.00285386
-0.00761394
-0.00122921
3.71166e-05
6.94322e-05
0.00112267
-0.000616873
0.00097558
-0.000667542
0.00229988
-0.00381729
-0.000453985
0.00045652
-0.000267175
0.000718499
0.0026906
-0.000462174
0.000338452
-5.47718e-06
0.00141121
-0.00049401
-0.000797461
-0.000288122
0.0068795
0.00718523
0.00200573
0.00468293
-0.00231323
-0.00437543
0.00824505
-0.00324278
0.000371765
0.0031082
-0.00104314
0.000426799
-0.000461262
0.000483152
0.000552762
0.000643365
-0.00068318
0.00325146
-0.00161285
8.77368e-06
2.7502e-05
-4.9792e-05
0.00130765
0.000181059
-0.000599916
-0.00283032
0.00126846
0.00216177
-6.57139e-05
-0.000269899
0.00603441
-0.00554518
-0.00108914
0.00271938
-0.00166557
0.000634112
-0.00168792
-0.007191
0.0105636
0.00232719
-0.00823451
-4.74815e-05
0.000822161
0.000252763
-0.0010621
-0.000685157
0.000830011
-0.000841779
-0.000996281
-0.000592933
-0.00020069
-0.00107348
0.000825731
0.000247745
0.001385
-2.23023e-06
0.006478
-0.000888306
0.000904354
-0.00649404
-0.00050411
-0.000403141
5.33573e-06
-5.28172e-05
-0.000528894
0.000607885
-0.00967298
-0.00115323
0.00385752
0.00696869
0.000549174
-0.00466484
0.0134549
-0.012089
-0.019281
-0.00161642
-0.00598137
0.00411495
0.00474657
0.00634269
-0.00536471
0.00202916
-0.000353105
-0.00553479
-0.00533063
-0.00819436
0.000919686
-0.00364518
0.00437491
4.44009e-05
0.00215007
0.00430401
0.00450124
0.00269379
0.00955928
-0.00311245
-0.00914061
0.0086503
0.00285288
-0.00656844
-0.00209712
-0.00544481
9.332e-05
0.00264901
0.00400697
-0.00670717
0.000315529
0.000152294
-0.000467823
0.0105565
-0.00726376
0.00109258
-0.00438533
-0.000388539
-0.00394376
0.0063763
-0.000640996
-0.0106011
-0.000291254
0.000971364
-0.00214509
0.000211283
0.000962441
-0.00389979
0.000998632
-0.00129198
0.000571647
-0.000153885
9.03726e-06
-0.000423387
0.00089119
-0.00110084
0.000633036
-0.00322388
0.00299493
0.00175454
1.04847e-05
-0.000404542
3.91639e-05
0.000193685
-0.00238987
-0.00512867
-0.00479673
0.00464914
-5.33684e-06
0.0095411
-0.00835875
-0.00451482
0.000870995
-0.00100089
0.00163269
-0.00463425
-5.57454e-06
-3.36705e-05
3.04614e-06
0.00168285
-0.00142862
0.000104735
-0.000819561
0.00104883
-0.000334009
0.0150453
0.00411277
-0.0608699
0.00342485
-0.000807995
-0.00458604
0.00196919
-0.000454107
0.00557306
9.34305e-05
0.00179332
-0.00216745
0.00118813
-0.00994146
0.00819608
0.00076267
0.000732527
0.000843385
-0.00270485
-0.000594019
0.000976673
-0.000528681
0.00287373
0.000621508
-0.000576527
0.000509622
0.011036
0.000725685
0.00152937
-0.00827854
-0.00642831
0.000280479
-0.00295532
0.0013261
0.000972377
0.000656846
0.00497672
0.00174484
0.00615392
-0.00108849
-0.00197674
-0.0055275
0.000831104
0.00378885
-0.000171155
-0.00228163
0.000806031
0.000169784
-0.000714961
-0.00082897
0.00464226
-0.00777012
0.0012133
-0.00109516
0.000238236
0.00344204
0.00500546
0.0029775
-0.00157918
0.0035784
-0.00115961
-0.00184369
0.00541637
-0.00127474
0.00292797
-0.00172581
0.000773298
-0.000582571
-0.00088097
-0.00072207
0.00808142
-0.0129268
-0.0399278
-0.00109749
-0.00056378
-0.0177972
0.00262509
-0.00123095
0.00551924
-0.022361
-0.00697642
0.000598012
2.86557e-05
-0.0014254
0.000798734
-0.00307912
0.0019354
-0.000494221
0.00163794
-0.00260548
0.0134661
-0.00221029
0.00924005
-0.00287006
0.000263606
0.00120812
-0.00253382
-0.00131994
0.00354025
-0.00255701
0.0112684
-0.0134103
0.00976948
-0.00762759
0.0057948
-0.0076596
0.00364291
0.00837123
-0.00203849
0.0198654
0.0325615
-0.0058827
0.000636
-0.00477725
-0.0101522
-0.00391882
0.00785193
-0.00925685
0.00532373
-0.000957396
0.000466543
-0.00117919
0.00450456
-9.5493e-05
0.00168069
0.000590497
-0.00128687
-0.00447844
0.0262612
-3.86983e-05
0.000144692
0.00422683
0.0151355
0.00118443
0.00162212
-0.000225201
-0.00940933
0.00131881
0.000590253
0.00109592
-0.00119073
-0.00603731
0.0110527
-0.0102266
0.00196082
0.0205139
-0.000408465
0.0218299
-1.94149e-05
-0.00230265
0.00329878
-0.00271855
-0.000280127
0.00735219
0.00939754
-0.0245628
-0.0136214
0.0103214
0.000254196
0.0230814
-0.00194998
0.00501723
0.00446884
-0.0112077
0.00188405
-0.000142822
-0.00064256
0.000859317
-0.000458563
-0.000363826
-0.000278258
0.00880048
0.00066171
0.0030911
-0.000206697
0.00342415
-0.000719775
-0.00249768
-0.00640297
-0.000378397
0.000396396
-0.000315111
-0.00939174
-0.00271199
0.0144268
0.00180837
-0.0220958
-0.00271214
0.0229995
0.00726205
0.00479529
0.000899462
0.00303588
0.00956395
-0.00780048
0.00804846
0.00033011
0.000133303
-0.0103769
-0.00114295
-0.000122803
0.0168361
0.000368379
0.00299395
0.0155988
-0.0127952
-0.0068883
0.00357489
-0.00578155
0.00909496
0.0303675
-0.0285591
-0.00212012
-0.00137218
0.00504275
-0.00155045
0.000255534
0.0046692
-0.0030311
-0.000827566
0.000206816
0.000644147
0.00706518
0.00100531
-0.00810862
0.000942473
-0.00687334
-0.00213436
0.000219549
-0.00454604
0.00646085
0.00363488
-0.000116508
0.00312549
-0.00592541
-0.00143233
-0.000982329
0.00116603
-0.000590605
-0.000513362
-0.00200774
0.00527204
-0.00111675
-0.000640334
-0.00351495
-0.00329245
0.00623346
0.000151055
-0.00139398
0.00127758
0.00495647
0.00249019
-0.0140816
-0.00448148
-0.0125996
-0.00175273
0.00151014
0.0094067
-0.000363613
-0.00769387
0.00310626
0.0136822
0.00285141
-0.000616497
-0.00045124
-0.000973736
0.00210264
0.000205618
0.00727192
-0.00370306
0.0210068
-0.0245757
-0.000474895
0.00455899
0.000245474
0.0186856
0.00652173
-0.0163175
0.0102861
-0.00970112
0.00361898
-0.00599881
-0.00434347
0.00446269
0.000820676
-0.00473158
-0.0140807
-0.00299867
0.00507591
-0.0173948
0.0057107
0.00660815
-0.000715882
0.00438789
0.0058691
-0.00233659
-0.00696957
0.0104382
-0.001132
-0.00114253
-0.00125077
0.0031178
0.00103213
-0.00289915
-0.000379156
-0.000285983
0.000267543
-0.000104657
0.000112655
1.15812e-05
-0.000226608
0.000582334
-0.000420207
-0.000162127
0.000685456
-0.00215454
0.000130934
0.000127253
-0.000765656
0.000507469
-0.000189217
0.000589978
-0.000926086
0.00164404
0.0018498
-0.000249906
-0.000861371
-0.00474161
0.000692571
0.00338026
0.000668785
0.000681304
-0.00237871
0.000168577
0.00198368
-0.00575841
-0.0014938
0.00526854
-0.00567798
-0.00158282
0.00857871
-0.00170038
0.00183965
-0.00298335
0.00118778
-3.99383e-05
-0.0132184
0.0142779
-0.00125246
-0.0217833
-0.0071931
0.0139153
-0.00196963
-0.00564044
0.00524707
0.00344386
-0.00891335
0.00592022
-0.00213554
0.00253505
-0.00535401
4.57932e-05
-0.0163745
0.0189957
-0.00144997
-0.00246185
0.00349635
0.00468379
0.000342765
-0.00202655
0.00129387
-0.000197586
-0.000177934
0.00452171
-0.000529489
-0.00404774
0.00344817
0.000996441
-0.00657174
0.00193478
-0.00302604
0.00133267
-0.000245366
-0.00117836
-0.000526451
0.000307425
0.000779424
-0.00255417
0.00684191
-0.000439648
-0.00134452
0.00100872
0.000148987
0.000418358
-0.00011841
-0.000448935
0.00116432
0.000509576
-0.00109869
0.000344041
2.69254e-05
0.000114505
-0.000640715
-0.00175394
-0.000734946
0.00135401
0.00140243
-0.00641653
0.00369381
-0.0229526
0.00609673
0.0145247
0.00233115
0.0120586
0.00273959
0.00207055
-0.00170806
-4.96085e-05
0.000557673
-2.6321e-05
-0.000481744
-0.000523358
-0.000400956
0.000465751
-9.14486e-05
-0.000258078
0.000507515
-0.000513856
0.00019
0.000861129
0.000978795
3.90651e-05
-0.000688775
-0.00172664
0.000656937
0.000644461
0.00241988
-0.0048565
-0.000633381
0.00087727
0.00151473
0.000593511
0.00130026
0.000190333
-0.000534116
0.000205498
-0.000119427
-0.000316647
0.00109067
-0.000581649
-0.000802149
-0.000723153
0.000155242
-3.69645e-05
-0.000113378
-0.000478662
0.00285034
-0.00352503
-0.000511246
0.00117078
-0.000882867
0.0011587
-0.00426071
0.000359171
0.00190774
-0.00403282
0.00374763
-0.0236095
-0.000644884
0.000712638
0.00238859
-0.00167511
0.00426609
-0.00235912
0.000922276
-0.00488996
-0.00552888
-0.00380505
-0.0129022
0.000105216
0.000260713
-0.000365929
0.00370457
0.00010571
-0.00278197
-0.00102831
-0.000126333
0.000215902
0.000449763
0.000740983
-0.000563865
0.000136008
0.000446326
-0.000170294
-0.00102386
0.0031881
-0.0120253
0.000653501
0.00170355
-0.00192352
-0.000303383
-0.00352144
0.00488878
-0.0101746
-0.0020712
0.00565646
0.00947458
-0.0130598
-0.000329544
4.91157e-05
1.59348e-05
0.000554817
0.00016287
-0.000618489
-9.91982e-05
-0.00146493
0.000832318
0.000963463
1.91903e-06
0.00121912
-0.000242247
0.000662131
0.00128537
-0.00110919
-0.00083831
0.00136635
0.00178026
0.00149689
0.00388246
-0.00492052
0.00468715
0.00325793
-0.00302456
-0.000272469
-0.000247227
0.000224719
-0.000343328
5.46928e-05
-6.78389e-05
-0.000800357
6.70174e-05
0.00068014
0.00391554
-0.000902444
0.000174101
-0.000248765
0.00456496
0.00757651
-0.000603986
-0.000528686
0.00137324
-0.000960151
0.000115603
-0.000878901
-0.000370172
-0.00754417
-0.00048641
0.00191828
-0.00115367
-0.000278203
0.000298849
0.000736926
-0.00620173
-0.000420388
-0.000509893
0.000368102
0.000562179
0.00293051
-0.000288541
-0.000982238
0.00313739
-0.00252566
0.0013011
0.000256712
-2.93503e-06
-0.000220576
0.000373424
-1.46035e-05
5.75698e-05
-0.00041639
0.000828826
-0.000405076
0.000112436
0.000182759
6.60405e-05
0.00119832
-0.000387712
-0.000149595
0.00064845
-0.000444134
-0.000454051
-0.00244212
0.000827776
-0.000353237
-0.000628433
0.000258517
0.000753748
0.000684645
-0.00022213
-0.000988966
0.000567012
0.000696519
-0.000330241
0.000170488
0.000556592
2.54059e-05
0.00117136
0.000157538
0.0140144
-0.000730797
0.000393644
3.48205e-05
-0.000378591
8.09274e-05
-0.000164483
-0.00164104
0.00985261
-0.0130217
0.00129519
0.0151297
-0.0211126
-0.00180488
-0.00289454
-0.00590171
0.00849511
-0.00181492
0.00287114
3.02542e-05
-0.00420801
0.00299597
0.0025089
-0.0050223
0.000716701
0.000389252
-0.00179111
-0.0037414
0.00278
0.00158371
0.00121865
-0.000904563
0.00160978
0.00198007
-0.000694935
-0.00289491
-4.99288e-05
-0.000171511
-0.000129743
0.00698816
-0.00147283
-0.000481896
0.000730309
-0.000699515
0.000451101
-0.00110471
-0.000158281
0.00121012
5.28713e-05
-0.00827284
-0.0004674
-0.000417527
0.00211109
-0.00142412
0.00605671
-0.0104613
0.00223229
0.011641
-0.0100743
-0.000114374
-0.000255796
0.000662959
-0.000292789
-0.000987986
0.00134957
0.000353498
-0.000752095
-0.00837633
0.0193649
0.00138584
-0.00187333
-0.000303636
-0.000402096
-0.000540221
0.000389618
-8.70355e-05
0.000433074
0.000362547
0.00310448
-0.000523399
0.00544571
0.00218251
-0.000409696
-0.000496197
-0.00859331
-0.0079662
0.00833484
0.00532537
0.0118171
-0.00876413
-0.00837831
-0.00129825
-0.00231343
-0.00143687
-0.00239678
0.00236192
-0.0228691
0.00467392
0.00638143
0.00122165
-0.000645672
-0.000593513
0.00322966
0.00150152
-0.00413767
0.00233237
0.000904057
-0.00406127
0.00348629
0.00051031
-0.00254452
-0.000688984
7.43533e-05
0.00379892
-0.00290207
-0.00855645
-0.000249724
-0.000979991
1.89245e-05
-0.000702446
-0.00036458
-0.000812768
0.000882893
-0.00077257
-0.00257475
0.00104282
-0.000811188
-0.00131456
0.00058707
0.00295848
0.000151875
-0.00292826
0.00534499
0.00925562
0.00581925
0.000653086
-0.000459552
0.000187471
-0.000381004
-0.00414483
0.00450622
-3.27026e-05
0.000348711
-0.00195728
-0.00315332
0.00114838
0.00396223
-0.00237703
0.00112505
-0.000705301
-6.15192e-05
-0.000588033
-0.0010321
-0.00270929
0.00117444
0.00256694
0.00102584
-0.00111227
0.00142021
-0.00289286
-0.00153742
-0.00051279
-0.000283331
0.00048359
-0.00195369
-0.00176358
0.000759717
0.00236792
1.5489e-05
-5.29126e-05
0.00356557
-0.00077183
-0.00166869
0.00372386
-0.000612394
-0.00216459
0.00333262
-0.00792431
0.00848008
0.000303971
0.00174469
0.000399842
-0.000117622
0.00118541
-0.00103025
0.000667009
0.000176309
0.000906292
0.000702581
-0.00238394
-0.00179868
0.00187298
0.00230964
-9.44951e-05
-0.000428392
0.000154629
-5.50382e-05
-0.000103043
3.46484e-05
-0.000225509
-0.00153097
0.000562631
-0.00179288
-0.000799122
0.00012027
0.00155327
-0.00131718
-0.00263865
0.00013818
-0.00210954
0.00379835
-0.00189548
0.000343462
0.00587551
0.0122295
0.00373914
0.00162941
-0.00117818
0.00129705
0.000915863
-0.00166642
-9.72963e-05
3.47082e-05
0.000458141
-3.52238e-05
0.00199646
-0.00028369
-0.00242327
0.000269194
0.0016585
0.00287775
-0.00253979
-0.000179294
0.00249529
-0.00307898
-0.00104257
0.000206537
-0.000243615
-0.000368373
-0.00129397
-0.000590836
0.000212012
-0.000663743
-0.00266494
0.00216648
0.00138506
-0.000496088
-0.0013039
0.000414928
0.00436485
-0.00539372
0.00153414
0.000844739
-0.0006533
0.000423673
-0.00100507
-0.000582905
0.000311213
-0.000387853
0.00083011
-0.00162602
-0.00583033
0.00142737
-0.00213757
-6.05879e-05
-0.000241192
-0.000437155
0.000489129
-0.000435219
0.000156404
-0.000272936
0.000244576
0.0029371
0.000116195
-0.000313119
0.000202778
-0.00040528
-0.00125546
0.000655453
0.00011596
0.000543728
-9.74715e-05
0.0009432
-0.00060753
-0.000735107
-0.000450104
0.000579705
0.000971049
-0.000524662
0.00402089
-0.00383461
-0.00126828
-0.000502625
0.000521282
0.00053616
-0.00813217
-0.00997375
-0.00359598
-0.000753422
-0.000291223
-3.08937e-05
0.000862122
-0.000366307
2.47809e-05
-0.00135618
-0.00120002
-0.00248526
0.00315652
0.00285431
-0.00027469
-0.0015078
0.00128855
0.000493948
-0.00165431
0.00260757
-0.00141133
0.0150547
-0.0103942
0.00480842
0.00225729
0.000398844
0.000279327
-0.000435225
-0.000242946
0.000787718
-0.000616804
0.000355741
-0.0005575
-0.000327468
-8.99906e-05
0.000545981
-0.000738692
0.00834255
0.014885
4.00574e-05
-0.00134461
0.00661755
-0.00229199
0.00209461
0.00605309
-0.00585571
0.00189979
-8.03018e-05
-0.00262157
0.00253915
0.000519666
0.000903
-0.00387461
-0.00189068
-0.000579249
-0.00685803
0.00147422
-0.000638283
0.00159636
-0.000559717
0.00125512
-0.000705619
-0.00236427
-0.00289193
0.00376259
-0.000192272
0.000541133
-0.000440309
-0.00118122
0.000477881
0.000129273
-5.51013e-05
0.00235461
-0.0078825
0.00178823
0.0056444
-0.00341681
0.00500507
0.000828893
-0.00439649
0.00169487
-0.00401301
0.000768637
-0.00196249
0.00629816
-0.00241585
-0.00789533
-0.00426106
0.00267672
-0.00529147
0.00572358
0.00135613
0.000989863
-0.000480558
0.000455471
0.000821166
0.00393002
-0.00117252
0.001227
-0.000372518
-0.000320603
-0.000574918
0.0002738
-0.000518442
0.000337256
-0.000250532
0.000408259
3.81502e-05
-3.4041e-05
-0.000282428
-0.000290265
-6.51191e-05
-0.000207817
-0.000179982
0.000135305
-0.00328165
-0.00360408
0.00351486
-0.00129348
0.000948907
-0.000229526
0.0005741
-0.00435038
0.000356631
0.000141325
-0.000505267
0.000330272
-0.00407647
0.000346266
-0.000164851
-0.000181415
-0.000623381
0.00163438
-0.000878849
0.000400325
-0.00121769
0.00268726
-0.00348894
0.00148039
0.00237437
0.00139009
-0.000801266
-0.00244835
0.000316806
-0.000810418
0.00507666
-0.000411928
0.0234189
-0.00922385
0.00595372
-0.000758373
0.000638508
-0.00215216
0.000522986
0.00610418
0.00269279
-0.000388481
0.00010261
0.000285871
-0.00217532
0.00141616
0.000168314
-0.00160183
-0.000105571
0.000534886
0.000321117
0.00066583
0.00153475
0.000398173
-0.000394457
0.000254566
0.00193086
-0.000363451
-0.000886776
-0.00233967
0.00358989
-0.00415307
0.00331211
-0.00119338
0.000204388
-0.00083362
0.00232185
0.00109537
0.00420266
-0.0035701
0.00167119
0.00133426
-0.000290472
6.43246e-05
-0.00522085
-0.00267743
-0.00764745
0.00602075
0.00337187
0.00644739
0.00224447
0.00379985
-0.0129107
0.00146336
-0.00161425
0.00344198
-0.0040361
0.00363815
-0.00306467
0.00346261
0.00265089
0.000554946
0.00309563
-0.000932979
0.000488246
1.11154e-05
-0.00588556
0.00137967
3.91014e-06
4.63124e-05
-0.000599832
-0.00228
-0.00459336
0.00421581
0.00402436
-0.00233279
0.00049666
-0.00218823
-0.00321935
0.000155694
-0.00503158
-0.000405604
-0.00197591
0.00525425
0.000154707
0.000801651
-0.000325631
-0.0227295
-0.0064858
0.00020518
-0.00327073
-0.00489537
0.000241789
-0.00171416
0.00779157
-0.00323074
-0.0149916
0.000187092
-0.00209083
-0.00291706
0.000910219
-0.00446819
-0.0123022
0.0434658
-0.0305094
0.0446975
0.0031903
-0.00448865
0.00268524
-0.000968336
0.000689526
0.0035824
0.00229543
0.0144402
0.001207
-0.00857332
0.021299
0.0103296
-0.00557145
0.00252419
0.00635385
-0.00116849
-0.00115587
0.000574067
0.00129592
-0.00358699
-0.000347926
-0.000886045
0.000154921
0.000465847
0.000525689
-0.000278205
0.00144418
-0.000908939
0.00108044
-0.000171497
7.33188e-05
0.00045237
0.000335045
-0.000340522
0.000125604
0.000304945
0.000291805
0.000874855
0.000501178
5.68395e-05
-0.00564937
-0.000234921
-0.000140818
0.00171644
-0.00178748
-4.6635e-05
0.00122976
-0.00053976
-0.000448188
-0.000499422
0.000280139
0.000219283
-0.00211937
0.00248084
-8.2349e-05
-0.000193663
-0.00062948
-0.00264379
0.00226951
-0.00087649
0.000973683
0.00314542
-0.00201647
-0.00238141
0.00101585
0.00224207
0.000184741
0.00136246
0.000288761
-0.000602327
0.00046849
-0.00109699
-0.000280438
0.00232121
-0.0019676
-0.000451761
-0.000496016
0.00139087
0.00145975
0.00118832
-0.00621972
0.00977796
0.000602221
-0.00253255
-0.00299695
-0.00561662
0.00605939
-0.00409368
0.00195888
-0.00206853
-0.000276936
-0.00927912
0.00584366
-0.00158094
0.00116128
0.0152092
-0.0176213
0.00125087
0.00492899
-0.000451818
-0.00259206
-0.000401723
-0.000330028
0.000660923
0.00085495
-0.0063521
0.00146106
0.0152602
-0.000682255
-0.000698981
-0.00176447
-0.0041239
-0.00332317
0.00389348
0.00233663
0.00033189
-0.000270474
0.000316258
-0.000377674
0.000173514
0.00147431
-0.000753048
0.00331444
-0.00319521
-0.000782461
-0.00258483
0.00314011
-0.000110934
0.00162216
-0.00214265
0.00708926
-0.0162798
-0.0194573
0.0286478
0.00117342
0.000347141
0.00104675
-0.00391387
0.0125645
0.0015989
0.00271516
0.00125361
-0.0122601
0.00512094
0.00198867
0.000532463
-0.00764207
-0.0161742
-0.000592926
0.00296111
-0.0250444
0.0224795
0.0281611
0.0052
-0.000832614
-0.000484121
0.00325733
-0.000551335
0.00101396
0.000381881
0.000987955
-0.000772665
-0.000262739
4.7449e-05
0.0103291
-0.0108839
0.00514687
0.000300747
0.000491909
-0.000503584
0.00525525
0.000852179
-0.000510466
0.000335412
-0.000178183
-0.00205504
0.00202747
-0.00997828
0.00159991
-0.0149122
0.00802674
0.00520798
-0.00551731
-0.000303064
-0.00380332
0.0138177
-0.00411648
0.000982672
-0.00225991
-0.00460631
0.0100178
-0.010553
0.00142672
-0.000891493
0.00119714
0.00194417
0.000581491
0.000955715
-0.00741711
-0.0041217
-0.00141333
-0.0023447
-0.000158905
-0.000461902
-0.00223622
-0.000290735
0.00329381
8.29918e-05
0.000474865
0.000336637
0.000544719
-0.000128672
-0.000927293
0.000698973
-3.86633e-05
0.000545406
0.000687931
-0.00442661
-0.000232615
0.00587076
-0.00121154
0.000131729
0.00224074
0.00229906
0.00437493
0.00569841
-0.0022107
0.000947299
0.0044537
-0.00431694
-0.0104309
0.00688344
0.000968452
-1.10686e-05
-1.85344e-05
0.000284172
0.00187787
-0.00102882
-0.000849051
-0.00115624
-0.00103379
0.000441842
-0.000442735
0.00234078
0.00113902
-0.00032646
-0.000747015
-0.00277027
0.002362
0.00380311
-0.00289063
-0.00407053
-0.000805497
0.00341563
-0.00297359
0.00035013
-0.00168448
-0.00108113
0.00175715
0.00220552
-0.00229606
-0.00127615
0.00357748
0.00160439
0.00117199
-0.000111778
-0.00186236
-0.00126752
0.00213757
0.00108861
-0.00195866
0.00176195
-0.000900092
0.000310135
0.00164174
0.0002299
0.000957604
0.00148032
-0.0030713
-0.0035542
-0.00307359
0.000319089
0.000454871
-0.000282336
0.000229052
0.00137646
0.000744658
-0.000140597
-0.000853034
0.000248973
-0.000609128
0.00111656
-0.00125265
0.00105601
-0.000352247
-0.00524712
0.00511064
-0.0187492
-0.00961536
-0.000684846
-0.000220554
0.000495471
0.000366279
-0.000398716
-0.0011167
-0.00443382
0.00657922
-0.000248839
0.00113759
-0.000671627
-0.000217126
0.00115758
-0.000718071
0.000308754
0.000234368
0.000502829
-0.0168953
-0.00417623
-0.000732426
-0.000906642
-0.00322523
0.000794235
0.00107606
0.00135493
4.66288e-05
-0.00362789
-0.00109762
-0.00231877
0.00139648
0.00201991
0.000836826
-0.00219675
-0.00200176
0.00316999
-0.000252354
-0.00141045
0.000489991
-0.00254157
-0.0043702
-0.00630084
-0.00721763
0.0178887
0.00109744
0.00954574
0.00580245
-0.00807602
0.0056197
-0.00439395
-0.00622205
-0.0012748
0.0146466
-0.00231131
-0.00262893
-0.0062505
0.0078983
0.0103247
0.00125044
0.00206303
-0.00174205
0.000972609
0.00286801
-0.00520013
0.00689709
0.0110484
0.00485201
0.00073149
-0.00395648
-0.00110743
0.0113976
-0.0069063
-0.00370381
-0.00174484
-0.00287602
0.00299831
0.0132242
-0.00209536
2.65995e-05
-0.00579649
-0.0156924
0.0150723
-0.00296799
0.00218779
-0.00494728
-0.00257762
0.0122396
-0.00617463
-0.0104352
-0.00326107
-0.00327025
0.00121423
0.00635554
-0.0106685
0.00807055
-0.00425748
-0.00395982
0.00453448
0.00453588
0.00316506
0.00687754
-0.00206968
-0.00305536
0.00141084
0.00183246
-0.000961315
0.0180652
0.000299129
0.00359929
0.00261998
0.000830754
0.0020464
-0.00137358
-0.00334448
0.00595547
-0.00307839
-0.000593728
0.000371757
0.00146909
-0.00124712
0.00630659
-0.000509821
-0.00115841
0.0126097
0.0035676
-0.00499419
0.0120702
-0.00134683
0.000542104
0.000582601
0.00429175
-0.00382365
-0.00157349
-5.51699e-05
0.00289904
-0.00127037
-0.00194432
-0.00140426
0.000928778
0.000297904
0.00319358
-0.00213403
-0.000528188
-0.000461143
0.000704664
-0.000243522
-0.00484701
0.00671248
-0.000770104
-0.000386445
0.000995401
2.01955e-05
-0.000167348
0.000322206
0.00019785
-9.08494e-05
-0.00160675
-0.00257187
0.000963721
-0.000285148
0.001994
0.0029989
-9.00024e-05
1.41919e-05
0.000998219
-0.00489706
-0.00245327
0.000167149
-0.000869229
2.774e-05
-0.000286599
0.000240479
0.00022702
-0.0007792
-8.30097e-06
-2.29633e-05
-0.00466341
-3.35559e-05
-0.000584783
0.0008818
-0.000263461
0.00262668
-0.000432644
-0.00384369
0.00164966
-0.00158415
-0.00514301
0.00764685
-0.0109733
0.00188904
-0.0120664
0.0100909
0.00342808
0.011225
-0.000315381
0.0285371
0.0095986
0.0110825
0.00775715
0.00279295
-0.00164174
-0.00117117
-0.0025349
-0.000918577
0.000737146
-0.000445133
0.00303497
-0.00116658
-0.00144685
-0.0108916
-0.00092597
0.000492375
-0.0219946
-0.00487419
0.00015034
-0.00489151
0.00123336
0.001447
0.0035824
-0.0012931
0.0222652
-0.017546
0.00107983
-0.00602252
0.00559647
0.000446657
-0.000271169
2.28301e-05
-0.00135898
-0.000413293
-0.000635291
0.000105121
0.000761865
-0.000457418
-0.00133391
0.000660556
-0.00269935
0.00161729
0.00311637
0.00532323
-2.94164e-05
-0.00102772
0.000638359
-0.00114987
-3.98272e-05
0.0112705
0.00360017
0.0037228
-0.00089705
-0.000746126
0.000876945
-0.00302203
0.00443157
-1.82153e-05
-0.00110546
0.000629811
-0.000857159
0.000832026
-0.011153
-0.0109183
-0.00279433
0.00971551
-0.00133087
-0.00027575
-0.000676383
-0.0143595
-0.00132986
-0.00222086
0.000223804
-0.00338473
0.00231476
-0.00612123
-0.016577
-0.00538157
-0.00207076
1.60742e-05
3.84463e-05
-0.00117196
-0.00104394
0.000937988
-0.000630961
0.00046681
-0.00045666
0.000728554
0.0187605
-0.00561187
-0.0111575
0.00499441
-0.00153598
0.0121134
0.00395081
-0.0020518
-0.000797817
0.00387211
-0.00133316
-0.00221482
0.00551596
0.00976406
-0.0140338
-0.00755768
0.0001574
0.000401603
-0.00101459
0.00364802
-0.00066162
-0.00416371
0.00108299
-0.00185804
0.000854131
0.00121291
0.000595331
0.000690405
-0.000647377
0.000537434
-0.00170841
-8.97685e-05
0.000360043
-0.00123095
-0.000325323
0.00027547
-0.0166793
-0.00064902
0.000586581
7.85127e-05
0.00437342
0.0103201
0.000210543
-0.00833341
0.00136637
-0.000121754
4.67509e-05
3.25703e-05
8.57749e-06
0.000424699
0.000771955
-0.000211741
-8.52301e-06
0.000255952
0.00161827
-0.000497987
0.00036281
-0.000367448
0.000527298
-0.000867885
0.000406567
-0.000303957
-0.0040677
0.000866378
0.000308461
0.00596148
-0.00390795
0.00215758
-0.00421111
-0.00135524
0.00638941
-0.000141606
-0.00048905
0.000198272
-0.000137185
0.000269585
0.00058344
-0.00479289
0.00416753
-0.000207647
-0.000185988
0.00235805
0.0005314
0.000434476
-0.00575876
0.000175305
0.00445467
-0.000358346
-0.000274421
0.00054584
0.00554152
-0.0117121
-0.00174349
-3.78433e-05
-0.00245461
0.000786236
0.00407284
0.00218914
-0.00285602
0.0066212
0.00664798
0.00025596
-0.00424739
0.00051219
-0.000674764
-0.00055988
-0.000630242
-0.00349858
-0.00362209
0.00429578
0.00136614
0.00385122
0.000691154
0.00254773
0.000840572
-0.00535765
-0.00709139
0.00363603
-0.00576848
-0.00110073
0.00064676
-0.00201088
0.00327162
-0.000229953
0.00292905
0.00456047
-0.0033133
-0.00417623
-0.000452443
0.005529
-0.00457727
0.000100433
-0.00294908
-0.00148273
-0.000454819
0.00327731
-0.00133977
0.000898517
0.00229947
-0.00211884
-0.00201623
-0.00155732
-0.00277394
0.00420244
0.000878474
-0.00117363
-0.000478641
0.00302279
-0.00224547
-0.000257201
0.000788508
0.00261
-0.00317797
0.00253842
0.000114742
0.000510671
-0.00103039
0.00125481
-0.00116838
-9.77724e-05
-9.17744e-06
0.000950656
-0.000249226
0.000429915
0.000592748
-0.00643098
-0.0055036
2.61543e-05
0.0100716
-0.00400542
0.00921822
-0.00685291
-0.00240875
0.00563538
0.00265061
0.000846598
0.00334345
0.000360956
0.00406028
-0.00461293
-0.00222129
0.00119187
0.00394824
-0.0115213
-0.00220712
-0.00159577
-0.00444026
-0.00505688
-0.00711928
0.00150886
0.0120113
-0.00359868
0.0149833
-0.00342399
0.00539565
0.00424664
-0.00735172
0.0105361
-0.00388647
0.00544595
0.00131968
-0.000557955
-0.000311958
-0.000353741
0.000205573
0.000136048
-0.00105672
-0.000640155
-0.000916358
-8.83758e-05
-0.000307486
0.00131222
-0.00204665
0.00202655
0.000639139
0.00112818
-0.000484504
0.000687886
0.000225087
-0.000422184
-0.000368967
6.43206e-05
0.000829079
0.000402005
0.000167363
0.000656799
0.00242721
0.000998012
-0.00105791
-0.00127438
-0.00425326
0.00512989
-0.00114947
-0.000963228
-0.00151107
-0.00157188
2.67476e-05
-0.00129617
-0.00212685
-0.000810778
-0.00187793
-0.00393597
0.00229878
0.00392455
-0.00135611
0.00185502
-0.00256025
0.00206134
-0.00418417
0.00170815
0.00284498
-0.00115167
0.00287388
-0.00397385
0.00921054
0.000352066
0.000159733
0.00092109
0.00918404
-0.00324494
-0.00199216
-0.00100905
9.66776e-05
-0.00838232
0.00919
0.00335921
-0.00022157
0.000403038
0.00218748
-0.000569452
-0.00129958
-0.00238992
0.00425896
0.000599405
0.00502713
-6.5073e-05
-0.00609794
0.00991713
-0.00581686
0.00201993
0.00249681
0.00176837
0.000652621
-0.000432543
-0.000124419
0.0020297
-0.000136913
-0.000572756
0.00315839
-0.00366409
0.00107845
-0.00174491
-0.00032154
-0.000880962
0.00358127
0.000744698
0.000218084
0.00166966
0.00132539
0.00420016
0.000134103
0.005304
-0.000522777
-0.000261378
0.00192009
0.00131079
0.00524776
0.0103155
-0.014409
-0.00166528
-0.0114873
-0.00228872
-0.000383316
0.000948378
-0.00635481
0.00495684
-0.00324894
0.00464692
0.000940876
0.00618025
-0.00274621
0.000676011
-0.00239937
-0.00612728
0.00217184
-0.000475805
-6.30682e-05
0.000732328
-0.000580816
-0.00530449
-0.0228932
0.0210607
0.00713699
-0.01863
-0.00105189
0.000721595
-0.000254489
0.000155277
0.000257462
0.00031474
0.000676502
-0.00498622
-0.00423397
-0.00923617
0.0075424
3.67195e-05
0.000400616
8.99023e-05
-0.000448652
0.000309592
0.000539676
-0.00226946
-0.00156902
-0.00995423
0.00165809
2.49879e-05
-6.97661e-05
0.000320638
-0.000178691
4.88213e-05
1.25394e-05
0.000493802
-0.000291854
-0.000599806
-0.000171953
0.00024438
-0.000641899
-0.0103057
-0.00273318
-0.00946675
0.0122959
-0.000226296
-0.00146319
-0.000883476
0.000184898
9.87729e-05
-0.00200719
-0.00151161
-0.000681227
0.00111919
-0.000934157
-0.000146397
0.00139918
-0.00143899
0.00582573
0.00776398
0.00127594
-0.000268976
-0.000967902
-0.00100949
-0.000142769
0.00114692
0.00105726
-0.000436418
0.00249804
-0.00295935
0.00355046
0.000269746
0.0065452
-0.00466133
-0.000729521
-4.90556e-05
-6.18509e-05
-0.00124161
0.000273443
-0.000455776
-0.000325265
-0.00207003
0.000168183
0.000556632
0.000731764
-0.000122335
-0.00098712
0.00200394
0.011632
0.00535186
0.0139057
-0.00662644
0.0119701
5.96213e-05
0.00125275
0.00102786
-0.00472732
0.00266847
0.00184224
-0.00709227
0.00654708
-0.000478808
-0.00316309
-0.00374245
0.00383195
0.000324479
0.000403717
0.000107675
-4.86133e-05
0.0013708
-0.00351746
1.98154e-05
0.00233841
-0.00201787
0.000179196
-0.000298615
0.00163145
-1.49162e-05
0.000711136
-0.00204562
0.00234651
-0.00108179
0.000501736
-0.00139964
0.0013594
0.000438121
-0.000397878
0.00321612
0.00141541
-0.000226215
-0.000878063
0.00157372
0.000571887
4.53708e-05
-0.00219098
0.00110511
0.00131357
-0.00152965
0.00363817
-0.000456702
4.01854e-06
-0.00116865
0.00127452
-0.000983929
-0.000544502
0.00490261
0.00136398
-0.000214046
-0.00118082
0.000200517
0.00118005
-0.00277087
0.00159708
-0.000673921
-0.00129895
-0.000453071
0.00013042
4.47e-05
-8.42457e-05
0.00103611
-0.00128565
-6.865e-05
-0.000161993
7.82764e-05
9.19635e-05
-0.000579817
0.000543805
-0.0015335
-0.000982019
-0.00263435
-0.00047326
-0.000465015
-0.000449908
0.000534585
0.000380338
-0.00034152
4.34278e-05
-0.000995389
0.000693159
-0.000380221
-0.000700651
-0.000895302
-0.00011191
8.56507e-05
0.00232159
0.00311135
-0.00266692
0.000164385
0.00126845
-0.0012747
0.000309742
0.00147951
0.000249317
-0.00242859
-0.000428907
-9.63203e-05
0.000861423
0.00241737
-0.00559178
-0.000311768
0.00187981
-0.000839194
-0.00204886
-0.00190861
0.00313946
0.000222102
0.000138824
4.09963e-05
0.000245751
0.00516267
0.000321085
-0.00124569
0.000182562
-0.00579852
0.000693898
-0.00252427
-0.00710323
0.00319784
0.00144901
0.000249079
-0.000477416
0.00206011
-0.00105414
0.00893581
-0.00373086
0.000169045
0.000624753
-0.0102836
-0.00228004
-0.00933839
0.00799057
0.00864448
-0.00170628
-0.0024845
0.00469488
-0.00314702
0.00341666
-0.00191384
-0.000424154
-0.00707255
0.00244217
0.00702032
0.0106455
0.000335318
-0.00728297
0.00558638
0.00504812
-0.0126267
0.00364538
-0.00368426
0.0126656
-0.00790749
-0.00493451
0.00741956
-0.00705816
-0.00969629
0.00933489
0.011319
0.000614187
-0.00754975
0.0131634
-0.0118622
-0.00555691
0.003011
-0.00162763
-0.00159799
0.00076797
0.000617005
-0.00314457
-0.000786842
0.000454833
0.00573653
-0.00199745
0.000654024
-0.00159388
-0.0065702
0.00610547
0.00212935
-0.00497411
0.00538865
-0.00841401
0.00985192
0.00131319
-0.000549084
-0.00060238
-0.00354597
-0.000950707
-0.00350633
-0.00120424
-0.00207025
0.00543206
0.00127292
-0.00529782
-0.002667
-0.0032101
2.51471e-05
-0.00646548
-0.000112597
0.00169707
0.000121412
-1.11821e-05
0.000375502
-0.000245265
0.000334135
0.00038649
0.000394241
0.000180004
-0.00178639
0.000380349
-0.00019726
0.00342143
-0.00528054
9.98461e-06
-0.00144079
0.00179808
0.00183111
0.00258969
0.00065133
-0.00442796
-0.00206811
0.00134276
-0.00288277
-0.0233641
0.020113
0.0065946
-0.0021647
-0.00519492
-0.00555466
-0.00030047
0.00431166
-0.00570474
-0.00150359
-0.000924988
-0.000802054
0.00121485
-0.00121923
0.000738562
-0.000871048
0.00459771
0.000392918
0.00257804
0.00187672
0.00332312
0.00161787
0.00135042
0.00115526
-0.000531461
-0.00108099
0.000278807
-0.00309414
-0.000904208
-0.00787104
0.00972363
-0.000924513
0.00174718
-0.00041591
0.00266851
0.00453583
0.00109754
-0.00096773
-0.000104658
0.000556794
-0.00108603
0.00136759
-0.0029809
0.000272419
0.000277059
-0.00198742
0.00110072
0.0018102
-0.00117047
0.00657083
0.00090422
-0.00157542
-0.00549424
0.00174615
0.00120652
-0.00132345
0.00160567
-0.000655479
0.00102873
0.000457706
0.000256522
0.000308178
-0.0035514
-0.00106551
-0.00158944
-0.00145367
0.000161259
-0.000882906
-0.00150163
-0.00217586
0.00158968
-0.00115713
-0.000140122
9.4241e-05
0.000524939
-0.000835129
0.000796738
0.00144999
0.000676989
-0.000641032
-2.68107e-05
-4.17391e-05
-6.88311e-05
0.0003256
-0.000360091
-0.000662016
0.00023928
0.000809812
9.88324e-05
0.000559908
-0.00128688
0.000745728
-0.00303151
0.00385967
0.00461924
0.00429653
-0.00550515
0.00109564
0.00238072
-0.00271662
-7.4593e-05
8.63592e-05
-0.000310438
0.000223642
-7.8054e-05
-0.00100156
0.00232841
-5.50595e-05
0.00227451
-0.00274507
-0.000522534
-0.00121327
-0.000134466
-0.00869875
0.00185713
0.000598032
-0.000472351
0.00128846
-0.000617699
-0.00110206
-0.000275315
0.00061076
0.0018999
-0.00164532
-0.000534709
-0.000616176
0.000684573
0.00221399
-0.00124478
0.00227199
-0.000162448
0.00138048
-0.000961753
-0.00131228
-0.000339138
-0.000305247
-0.000883367
-6.71303e-05
-0.00237585
0.000799781
0.0148233
-0.00327242
-0.000566779
0.0017983
0.00203526
-0.00415275
-0.0585294
-0.00132785
-0.00193435
2.51605e-05
-0.000158387
0.00178015
-0.00164693
-0.00279273
0.00184313
0.00119035
0.032222
-1.98646e-05
-0.000133394
0.000759545
0.000302528
5.81029e-06
0.00268851
0.00196129
-0.00519217
0.00315034
-0.00337386
-0.0010242
0.000303276
-0.0010211
0.000619293
0.000397791
0.000203055
7.27071e-05
-6.11259e-05
-0.00073347
0.000160079
0.00133327
-0.00153886
0.00040137
-0.00261434
-0.00444
-0.00110447
-0.00265749
0.0021772
-0.00137266
0.00380603
-0.00099509
0.00391217
0.00723723
-0.00235685
-0.00150158
0.00834503
0.00570175
0.00579908
0.00433945
-0.00306411
0.00505986
0.00228252
-0.00203838
-0.01026
0.0102198
-0.0127475
0.0011319
-0.00306564
0.000240684
-0.00159109
-0.000661972
0.00709694
0.00946226
0.00603927
0.0291248
0.000620701
-0.0141467
0.00251937
0.00570591
-0.00295115
0.00089714
0.000753653
0.000369292
0.00026134
0.00164139
0.00103308
-0.00619022
0.00121291
0.000824116
8.15984e-05
0.00479144
-0.00197412
-0.00273035
-0.00355036
0.00552578
0.00335846
-0.00437683
0.00170958
-0.00365963
-0.0082825
0.00650415
-0.00198485
-0.000576011
0.00210127
-0.00166201
0.00238642
-0.000978199
-0.0010889
-9.58134e-05
0.00269509
0.00086786
-0.0011232
-0.00216698
0.00957801
-0.00090294
0.0180347
-0.00536489
-0.000408361
0.000922215
-0.00159454
-0.00346462
0.00509239
0.00660753
-0.00311383
-0.000732061
0.00834088
-0.00210457
-0.0257426
-0.0198482
0.00452126
-0.00776082
0.0124781
-0.0108576
-0.0105191
-0.000626092
0.0105149
-0.000697105
-0.00206063
0.00859337
0.00298938
-0.00846924
-0.0158797
-0.0109014
-0.00157258
0.00199744
-0.000378233
0.00168516
0.000697365
-0.00212024
-0.00401487
0.000874994
-0.00648283
-0.00587756
0.0124673
-0.00879047
-0.00234382
-0.000210448
-0.0119088
0.0132767
-0.00115746
0.00121787
0.00236508
-0.00171084
-0.00628068
0.00395102
-0.00139344
0.00276291
-0.0014259
0.00853193
-0.002769
-0.00311848
0.00150186
0.0114629
-0.000917101
0.001147
0.000594253
-2.1641e-05
-0.000726852
-0.00226097
0.000761737
-0.0170804
0.00497327
-0.00320337
-0.00109673
0.00038297
-0.000559063
-0.00042258
-0.000152187
4.57401e-05
1.48201e-05
0.000136321
-0.00265734
-0.00384178
0.00010788
0.000572676
0.000722205
0.00449507
-0.000265327
0.000569731
-0.00118486
0.000958589
-0.000811154
-0.00147911
-0.00192847
-0.00407455
-0.00425949
0.00191587
-0.0140772
-0.00222021
0.000882979
0.00301823
-0.00122352
0.00162688
0.00333817
-0.00705481
0.000296301
-0.002327
0.0041012
-0.00265825
0.00273396
-0.00154413
0.00382082
-0.0016437
-0.00284329
-0.00443986
-0.00514942
-0.00567008
-0.00182977
-0.00364417
-0.00133264
-8.18821e-05
0.000135315
0.000894309
-0.00143294
-0.00437478
0.00088376
0.0144561
0.000391085
-0.000552738
0.00178913
-0.00173082
-0.000327687
-0.0133142
-0.00190589
0.000471604
-0.0011637
-0.00257085
0.000469258
-0.000292364
0.000807851
-0.000375072
0.00189136
-0.000267406
-0.00421935
0.00449572
-0.00142477
-0.00199204
0.00267837
0.000868149
0.0035339
-0.00227662
0.000304869
-0.000357966
0.00203852
0.00103502
-0.00310706
0.00378643
0.000487931
0.000120146
-0.0015555
-8.82291e-05
0.000656903
-0.000963319
-0.00979754
-0.00030605
0.000581955
0.000533714
-0.000295648
-0.0010627
2.49303e-06
-0.00110008
0.000452072
-0.00291475
0.00175738
-0.000105983
0.000138209
-0.00301154
0.000433934
-0.000954337
0.00199075
-0.000134264
-0.000878049
0.00216682
-0.000140202
1.75872e-05
0.000797621
-0.000158073
0.00053077
-0.00217108
0.00307234
-0.00528264
-0.00501436
-0.00701469
0.00107428
-0.000871221
0.00379017
0.000446127
-0.0103783
0.00337746
-9.05723e-05
0.000573956
-0.000204564
-0.000203065
-2.17259e-05
0.000958961
-0.00031796
0.0017482
-0.000199817
-0.0028477
-0.000651291
0.000937322
-0.000612348
0.000295926
-0.000876747
0.00118629
-7.24803e-05
0.00665519
-0.00564364
-0.00106366
-0.0071734
0.0116694
-0.000463453
-0.00377159
0.00154711
0.000384542
0.00945173
0.00336457
0.00637349
0.0127926
-0.00202626
-0.00242806
0.000160077
-0.000465919
0.00408214
0.000945181
0.000513202
-0.000216965
-0.00691367
-0.00249789
0.012304
-0.00446902
-0.000569662
0.00232616
-0.0032074
0.00136334
0.001668
-0.00184477
0.00152278
0.0165916
0.0233319
-0.0163728
0.00900643
-0.00290795
-0.000712408
0.000652072
-1.26229e-05
0.00100393
0.00600739
0.00441466
-0.0027121
0.0025501
-0.00119895
0.00212761
-0.00316063
-0.00272413
-0.00105738
0.00133746
0.000473089
0.000112841
0.00119935
0.00191282
-0.000702956
0.00170639
0.0017158
-0.00303892
-0.000967242
0.0012748
-0.00459004
0.000908399
0.00231195
-0.0014444
0.000977859
9.93218e-05
-0.000716126
0.000141876
0.0031931
0.00136445
-0.00428783
-0.0083117
0.00401318
0.0038866
0.000193218
-0.000613425
-0.00850084
0.0145715
-0.00060334
0.0203024
-0.0705883
0.000612979
-0.00896085
-0.000658276
5.6137e-05
-0.00295336
-0.0061267
0.00310748
-0.00439709
-0.00257472
-0.00160382
-0.000665079
-0.000454108
-1.97171e-05
-0.000674792
-0.00147355
0.0010117
0.000128998
-0.0100541
0.00236999
-0.00597167
-0.00492633
0.0126694
-0.0118681
-0.00010623
0.000745518
0.000265111
-0.00033023
-0.0277384
0.00719401
0.00281748
-0.000367272
7.73682e-05
-0.00319847
0.00504448
-0.0138806
-0.00301533
-0.000524385
-0.00648155
0.00188798
-0.00274758
0.00155817
0.00358605
-5.01938e-05
-0.0016693
-0.00757879
0.00148898
-0.000425651
0.00211937
0.00162058
0.000154827
-0.00143751
-0.00716386
0.00363852
-0.0010759
0.00474558
-0.0107713
0.00689598
0.000569448
0.000756992
0.00512465
-0.00210806
-0.00216036
-0.0176032
-0.00149689
0.0027956
0.000175843
0.000113487
-0.00122321
-0.00330347
0.00124554
-0.000846131
0.000149907
-0.000211672
-0.000214495
0.000708165
-0.000201249
0.00276929
0.016691
0.00398335
-0.00102267
-0.00137227
-0.00128777
-0.00216753
0.00488014
-0.00156423
0.0021866
-0.00180932
0.0018779
-0.0109183
-0.00704517
0.000444965
0.000759708
-0.000146013
0.0187623
-0.0193031
-0.0075224
-0.000622516
-5.95378e-05
0.000469877
-0.000510121
-0.000581607
0.00130162
-9.34067e-05
0.00015438
-0.000390626
-0.000505688
0.000920309
-1.84801e-05
0.000390481
0.00059235
-0.011173
-0.000448079
-0.000141188
0.000601263
0.000440966
9.11498e-05
0.0162773
-7.63375e-05
-0.000558911
-0.00152488
-0.000534576
0.0026589
0.00650018
0.000857324
-0.00479316
0.00963376
0.00196713
-0.0132418
-0.00041039
0.00105779
0.000467071
-0.00839292
-0.0369
-0.0190019
-0.00113212
-0.00627378
0.000479663
7.99196e-05
0.00121803
0.00532536
-0.000505412
0.00630894
0.00141361
-0.000925174
-0.0120126
-0.000855754
-0.0104186
0.000844506
-0.000520855
0.000308451
0.000190678
-0.000265475
0.00305145
-0.00127475
-0.00514763
-0.000274922
0.00210491
-0.00202231
-0.00134572
-0.000544832
-0.000607465
0.00277026
0.00145766
-0.00117636
-0.00302855
0.000568671
-0.000806852
-0.000582847
0.00354066
-0.0108881
0.00724921
0.00202924
-0.00182582
0.000518551
-0.00033936
-0.00150528
-0.00749115
-0.010105
-0.00123419
0.003031
-0.000519961
-0.00224531
0.00385977
-0.00159724
0.00110835
0.00190384
0.00616162
0.000611518
0.00171734
0.000208287
-0.0062278
0.000348148
-0.000143297
0.0093634
0.00134417
0.000109547
-0.000830473
4.77178e-05
9.21472e-05
-0.000337959
-0.000107189
0.00074616
-0.00537392
0.00844009
-0.00152647
0.0152476
0.00423964
-0.000803159
-0.00914839
-0.00134807
5.76768e-05
-0.000957394
-0.0108442
0.0100158
0.000921981
0.00146131
0.00239549
0.000379162
-0.00201925
0.000951313
0.00111987
-0.00192557
0.000581466
-0.00299833
0.00391839
-0.00235972
-0.00857816
2.58761e-05
-0.000392307
0.00452965
-0.000161452
0.00012307
0.0012674
-0.000868979
0.000121011
0.00618787
0.000826203
2.58019e-05
-0.000312305
-0.000981702
0.0012216
-0.000119658
-0.00044698
-0.00546063
-0.00413312
0.000554549
0.00176879
0.00381333
-0.000101946
0.00203949
-0.00239227
-0.00395341
-0.000201708
0.000619654
-0.000713194
-0.000308556
0.00423337
-0.000463933
-0.000132313
0.00107945
0.00296022
0.0144686
0.00204827
-0.00684075
0.000382474
-0.000850301
0.000646747
0.000214027
0.000980146
-0.00118691
-0.00188093
-0.00256958
0.000908992
0.00197605
-0.00227107
-0.00462165
-0.00340624
0.0105424
0.00165244
0.00016679
6.67848e-05
0.00428222
0.00218705
0.000531076
-0.000113973
-0.00133208
-0.0111694
0.000654054
-0.000609486
0.00354913
0.00916047
0.000240359
-0.00146284
0.000540944
-0.00131151
-0.00110222
-0.0280197
0.000676692
0.00230825
-0.00266498
0.000831394
-0.0015681
-0.000653975
-0.00164935
0.000417326
0.000633196
0.000713487
-0.000358221
0.00184133
-0.00277082
0.00158884
-0.000794289
-0.000325409
-0.00174458
0.00327629
-0.000631414
0.000842839
0.000481852
-0.000623496
-7.21113e-05
-0.00149889
-0.00128737
-0.00117048
-0.000101828
0.00259152
0.00217339
0.00416373
0.00122872
-0.000908162
-0.000183536
-0.00230327
0.000685903
-0.000362245
0.000323658
0.00701271
-0.00705086
0.000386292
0.00160872
0.00248412
0.000618915
0.00021227
-0.000568802
-0.000257289
-0.00042541
-0.00124565
-7.47301e-05
2.30055e-05
-0.000736767
-0.000399574
-0.000262147
0.000384697
-0.000325504
0.000838499
-0.000275064
-0.00146448
0.000522381
0.000182055
-0.00494275
-0.00410877
-0.0005572
-0.00471836
0.00233355
0.000386552
0.000251599
-0.0026317
-0.0015228
-0.0105603
0.000661932
0.00035205
0.0419854
-0.0161106
0.00945571
0.000535396
0.000123988
-0.00135896
-0.000856912
-0.000729943
-5.7194e-05
)
;

boundaryField
{
    outlet
    {
        type            calculated;
        value           nonuniform List<scalar> 0();
    }
    walls
    {
        type            calculated;
        value           uniform 0;
    }
    inlet
    {
        type            calculated;
        value           nonuniform List<scalar> 0();
    }
    model
    {
        type            calculated;
        value           uniform 0;
    }
    procBoundary2to1
    {
        type            processor;
        value           nonuniform List<scalar> 
103
(
0.00363403
0.0393886
0.00614544
0.00454906
0.0039348
0.00478572
0.028184
-0.000388617
0.0118018
0.0483498
0.0045698
0.0809378
0.0128672
-0.00131689
0.00376397
0.00559088
0.00891317
-0.0010636
0.0316801
0.0118341
0.0113333
0.0325929
-0.00310589
0.0144934
0.0310871
0.00174031
0.0268796
0.00373011
-0.000517195
0.0298726
0.00576304
0.0164815
0.00546447
0.0524538
0.0180929
0.0265257
0.02589
0.00989029
0.0157717
0.0605771
0.00220911
0.0395624
0.038293
0.0329048
0.0104692
0.0239549
0.035561
0.00519506
0.017737
0.0205036
0.0216002
0.027213
0.0590457
0.0144958
0.00454973
0.0164602
0.00735128
0.0179863
0.0217439
0.0188078
0.000336697
-0.0022282
0.00241961
-0.000522993
0.00533603
0.00373
0.015061
0.010991
0.0276638
0.00234005
0.000181038
-0.00112542
0.0250361
0.0548791
0.0325646
-0.00118503
0.00884544
0.0188493
0.0240655
0.00447619
-0.00199118
-0.00130261
0.00806229
0.0195402
0.0077909
0.0270887
0.00404729
0.00713605
0.00268312
0.0150929
0.00338054
0.0130522
0.0229659
-0.00291096
0.0218632
0.0908907
0.0144574
0.00753081
0.00624504
0.0643757
0.049536
0.00250882
0.0242748
)
;
    }
    procBoundary2to3
    {
        type            processor;
        value           nonuniform List<scalar> 
93
(
-0.00844478
-0.0066729
-0.00108452
-0.00379128
-0.00398688
-0.0134142
-0.00284372
-0.0115184
0.00175729
-0.00342588
-0.00758545
-0.00391881
-0.00448867
-0.00348506
-0.00338885
-0.00287987
-0.00132444
-0.00171768
-0.0395512
-0.0090241
-0.00305699
-0.00207532
-0.00209752
-0.00312243
-0.00119914
-0.00388342
-0.0100133
-0.00344704
-0.0139761
0.000409316
-0.00911667
-0.00947605
-0.0113462
-0.00112873
-0.0039513
-0.0324274
-0.0074057
-0.00203907
-0.0177446
-0.00917677
-0.0162205
-0.00343975
-0.0147765
-0.0016869
-0.000510872
-0.0104508
-0.00900838
-0.00635436
-0.00240735
-0.0211729
-0.0217828
-0.0219712
-0.00329341
-0.00213297
0.00207882
-0.00909462
-0.00228696
-0.00384808
-0.00135822
-0.00665614
-0.00332397
-0.0123601
-0.0212464
-0.0118259
-0.00154721
-0.00165438
0.000915274
-0.0025525
-0.00444345
-0.000257101
-0.00811923
-0.0055294
-0.00565642
-0.021536
-0.0118413
-0.0159053
-0.00252226
-0.00211891
-0.0032758
-0.0108179
-0.00921196
-0.029594
-0.0179794
-0.00539627
-0.0101706
-0.0435114
-0.0284077
-0.00588779
-0.00649652
-0.00117573
-0.00332336
-0.00278031
-0.0032728
)
;
    }
    procBoundary2to4
    {
        type            processor;
        value           nonuniform List<scalar> 
118
(
-0.0190192
-0.00415238
-0.0043712
-0.00905014
0.000257748
0.000315292
-0.00536803
-0.00563675
-0.00132251
-0.00268826
-0.00814825
-0.0194049
-0.0121812
-0.00136431
-2.80294e-06
-0.0127217
-0.00427464
-0.00485359
-0.0206869
-0.00826291
-0.00190282
-0.010913
-0.00441647
0.0123064
-0.0307132
-0.00860233
-0.0412674
-0.00187689
-0.00585951
-0.000707228
-0.00251221
-0.00222506
0.0207409
-0.00374847
-0.00750605
-0.00537959
-0.00878522
-0.0123233
-0.0285355
-0.00254253
-0.00446449
-0.0104687
-0.00922517
-0.0174246
-0.00413909
-0.00048609
-0.00256268
-0.0013711
-0.0023469
-0.0048274
-0.00826463
-0.0162647
-0.0181709
-0.00672776
-0.0018379
-0.00905741
-0.0064192
-0.00738643
-0.00583688
-0.00167231
-0.00638256
-0.00353927
-0.00672884
-0.00384784
-0.000180078
-0.00345728
-0.00218802
-0.00234534
-0.00572454
-0.00291872
-0.00110812
-0.0192833
-0.00212545
-0.00874872
-0.011671
-0.000683588
-0.014694
-0.00601606
-0.00993723
-0.00569691
-0.00423801
-0.006324
-0.00121546
-0.00804825
-0.00737639
-0.0131924
-0.00881774
-0.000375815
-0.0139433
-0.00340686
-0.00809248
-0.00278322
-0.00818577
-0.00874352
-0.00813776
-0.00675416
-0.00477708
-0.00341261
-0.00139789
-0.00393692
-0.00354093
-0.00418124
-0.000997875
-0.00870616
-0.000905384
-0.000443356
-0.00694987
-0.031769
-0.00695873
-0.00296643
-0.00911821
-0.00366425
-0.000578235
-0.00252651
-0.00261718
-0.0149838
0.000255062
-0.00356894
)
;
    }
    procBoundary2to5
    {
        type            processor;
        value           nonuniform List<scalar> 
94
(
0.000757936
-0.000237207
-0.00262837
-0.00219519
-0.00262467
-0.00392135
-0.000842333
0.000129967
-0.0030322
0.000580868
-0.00349221
-0.00325244
0.00122125
-0.00245795
0.00186419
-0.00103988
0.00164788
-0.000348455
-0.00480462
-0.000737572
-0.005714
-0.00871231
-0.00766604
0.000809935
0.0024601
-0.000359955
-0.000730361
-0.00559927
0.00174818
-0.0121184
0.000417265
-0.00348072
-0.000225442
5.28155e-05
-0.00833372
-0.00958346
0.00559635
-0.00126548
0.000759401
-0.000551205
-0.00114641
0.000793623
0.000408015
-0.0157253
-0.00902533
-0.000582877
-0.00481886
-0.0128427
-7.39352e-05
-0.00151977
-0.00889763
0.00428694
-0.00349864
-0.00123512
-0.00265254
-0.00249912
-0.00503029
0.000216362
0.00436059
-0.00235461
-0.00370392
0.000109114
0.000390946
0.00188923
-0.00510414
-0.00292309
-0.00388991
-0.000181228
0.000167734
-0.00750385
-0.00290538
-0.00407468
-0.00647129
-0.00263203
0.000375048
-0.00156365
-0.00409645
-0.0129078
-6.93191e-06
-0.000554022
-0.00734983
-0.00960634
-0.00948152
-0.00245528
-0.00514014
-0.00497797
-0.00377359
-0.0181824
0.000923922
0.000873587
-0.00243169
-0.000536944
0.000549326
-0.000341936
)
;
    }
    procBoundary2to7
    {
        type            processor;
        value           nonuniform List<scalar> 6(-0.0224038 0.00819349 -0.00686638 -0.0515738 -0.00824185 -0.0101255);
    }
    procBoundary2to8
    {
        type            processor;
        value           nonuniform List<scalar> 2(0.0436949 0.0573144);
    }
}


// ************************************************************************* //
