/*--------------------------------*- C++ -*----------------------------------*\
| =========                 |                                                 |
| \\      /  F ield         | OpenFOAM: The Open Source CFD Toolbox           |
|  \\    /   O peration     | Version:  2506                                  |
|   \\  /    A nd           | Website:  www.openfoam.com                      |
|    \\/     M anipulation  |                                                 |
\*---------------------------------------------------------------------------*/
FoamFile
{
    version     2.0;
    format      ascii;
    arch        "LSB;label=32;scalar=64";
    class       volScalarField;
    location    "0.0263738";
    object      nut;
}
// * * * * * * * * * * * * * * * * * * * * * * * * * * * * * * * * * * * * * //

dimensions      [0 2 -1 0 0 0 0];

internalField   nonuniform List<scalar> 
3946
(
0.00644555
0.00545219
0.00392454
0.00468377
0.00518131
0.00658403
0.00351259
0.00450288
0.00335398
0.00749653
0.00736458
0.00702119
0.00556284
0.00263256
0.00193021
0.00698698
0.00408871
0.00734062
0.00385091
0.00747134
0.00235819
0.00448461
0.00428487
0.00347423
0.00363228
0.00424612
0.00401082
0.00509572
0.00732285
0.00663659
0.00743547
0.00552575
0.00380595
0.00534243
0.0040811
0.00663763
0.00413782
0.00408265
0.00490143
0.00436408
0.00599198
0.00743472
0.00446929
0.00697191
0.00420538
0.00743998
0.0074462
0.00409711
0.00406979
0.00427795
0.00435481
0.00433119
0.00662751
0.00712635
0.00746803
0.00621095
0.00654673
0.00695365
0.00451328
0.00494861
0.00734601
0.000632373
0.00671112
0.00525786
0.00576977
0.000496047
0.00068442
0.000278833
0.000308013
0.00657922
0.00726509
0.0048379
0.00227417
0.00735937
0.00588251
0.00468168
0.00679955
0.00424246
0.00728743
0.00442354
0.000411225
0.00395655
0.00667471
0.00324187
0.00627992
0.00128104
0.00462382
0.000416313
0.000820684
0.000624446
0.00233611
0.00166418
0.00666366
0.00182592
0.00181431
0.00177869
0.00425254
0.00406936
0.00336428
0.00522237
0.00335663
0.00367126
0.00404688
0.00413166
0.00403444
0.00406298
0.00541612
0.00517303
0.00383569
0.00356713
0.00179309
0.0032239
0.0040197
0.0017145
0.00167573
0.0039451
0.00453829
0.00586786
0.000380321
0.000511998
0.00428679
0.00238668
0.00612981
0.00667359
0.00715814
0.00493428
0.00217663
0.00512655
0.0035913
0.00678786
0.00350528
0.00204683
0.00706184
0.00431474
0.00346845
0.00570893
0.00319778
0.00178039
0.00713932
0.0017978
0.00308788
0.00227854
0.000453099
0.00718725
0.00297408
0.00421857
0.00559364
0.00719542
0.004039
0.00527487
0.00456669
0.00468772
0.00404036
0.00730328
0.0052955
0.00751293
0.00634576
0.00623372
0.00609708
0.00455975
0.00480387
0.00702939
0.00217897
0.00422199
0.00516366
0.00270689
0.00407185
0.00534273
0.00390173
0.00208723
0.00412023
0.00259738
0.00403618
0.00227861
0.00658331
0.00660429
0.00590712
0.00697134
0.00488633
0.00386692
0.00737839
0.00643861
0.00741485
0.00718332
0.00434227
0.00438017
0.00514906
0.00480869
0.00736239
0.0038308
0.00662431
0.00448742
0.000996009
0.00404796
0.00100123
0.0010687
0.000382668
0.0074372
0.00420233
0.00597989
0.00743738
0.00587786
0.00687839
0.0065289
0.00498861
0.0038048
0.00338083
0.00446517
0.00344497
0.00483108
0.00420905
0.00331392
0.00721362
0.00664041
0.0051393
0.00731352
0.00691436
0.0051214
0.00743317
0.00708638
0.000372117
0.000643887
0.00446447
0.00564273
0.00635229
0.000422894
0.000403269
0.00521098
0.00633446
0.000516414
0.00382031
0.00680669
0.00520423
0.00576
0.00730878
0.00266225
0.0056012
0.00290502
0.00268853
0.00351546
0.00751155
0.00037377
0.000356102
0.000680076
0.00279599
0.00553675
0.00238588
0.00278113
0.0054213
0.00398637
0.00545354
0.00342889
0.0030858
0.00275249
0.00384928
0.0041476
0.00430525
0.00635017
0.00445381
0.00228963
0.00577753
0.000366313
0.000547892
0.00326617
0.00301828
0.00402781
0.00233787
0.00322631
0.00179855
0.00396127
0.0037621
0.00319167
0.00531976
0.00569251
0.00526024
0.00523246
0.00545844
0.00282573
0.00259292
0.00400391
0.00404155
0.00393083
0.00406229
0.00320116
0.0028962
0.00423345
0.00480398
0.00428135
0.00318121
0.00428186
0.00353834
0.0040988
0.00633639
0.00456071
0.00537111
0.0046327
0.00457758
0.00394165
0.00731024
0.000499717
0.00733799
0.000614769
0.000490295
0.000425325
0.00435186
0.00347475
0.00315356
0.00417465
0.00472896
0.000245397
0.000725325
0.000709658
0.000528875
0.000419237
0.00741354
0.00175521
0.00426245
0.00328979
0.00437449
0.00304953
0.0034792
0.00282982
0.00250991
0.00352974
0.00722718
0.00376596
0.00583865
0.00563407
0.00611736
0.00294695
0.00357595
0.00744883
0.00493333
0.00278191
0.00248794
0.00704226
0.0056642
0.000619362
0.000415911
0.000754754
0.00512719
0.00219337
0.00144163
0.00492896
0.00241863
0.0023517
0.00642237
0.00719822
0.00393385
0.00114716
0.000993741
0.00603398
0.00314846
0.00656308
0.00173205
0.000476016
0.00408389
0.00567249
0.00261255
0.000352489
0.00349478
0.0015214
0.00697901
0.00405158
0.00250288
0.00185573
0.00494646
0.00121569
0.00104386
0.00145778
0.000976046
0.00148328
0.00460952
0.00687156
0.0066389
0.0072352
0.00207254
0.00740729
0.005209
0.00463954
0.00700086
0.00417223
0.00472169
0.00675619
0.00643395
0.0060561
0.00286188
0.00639469
0.00692089
0.00436742
0.00230027
0.0069971
0.00404271
0.00122963
0.00677924
0.000461797
0.00618776
0.0027427
0.00604034
0.00674143
0.00645832
0.00557744
0.00564353
0.00485383
0.00649028
0.00738404
0.00538101
0.00660716
0.0071509
0.00671938
0.00535663
0.00703127
0.00599811
0.00656528
0.00666321
0.00657957
0.00711523
0.00325987
0.00459296
0.00439375
0.00647157
0.0042472
0.00746653
0.00350614
0.00679204
0.00450946
0.0070032
0.00422057
0.00708297
0.00650701
0.00625437
0.00575007
0.00748193
0.00715543
0.00569048
0.00377107
0.00260665
0.0035312
0.00577397
0.00652989
0.00652506
0.00655299
0.00607393
0.00586436
0.00577928
0.00218212
0.00194109
0.00507771
0.00616325
0.00623515
0.00517238
0.00730067
0.00725502
0.00594952
0.004756
0.00382002
0.0056704
0.00469653
0.00708785
0.00713594
0.00555975
0.00464626
0.00119472
0.00361085
0.00237364
0.00294678
0.00743445
0.00413309
0.00254015
0.00442268
0.00335615
0.00366049
0.0044728
0.006452
0.00734826
0.00686242
0.0063535
0.00330962
0.00684444
0.00264036
0.00115657
0.00306076
0.0019892
0.00646877
0.00331927
0.00745181
0.00343497
0.00562697
0.00706405
0.00706555
0.00710549
0.00431486
0.00707763
0.00745056
0.00736862
0.00693396
0.00684508
0.00616198
0.00403785
0.00409757
0.00707548
0.00485217
0.00372289
0.00365655
0.00367589
0.00652703
0.00651451
0.00208926
0.000509212
0.00547517
0.0015463
0.00161781
0.00685735
0.00630299
0.00418685
0.00214862
0.00604805
0.00678806
0.00393531
0.0056324
0.00508041
0.00654494
0.00377712
0.00657315
0.00489899
0.00423209
0.00636638
0.00653334
0.00554428
0.00353918
0.000765322
0.00442817
0.00395605
0.00195597
0.000759059
0.00271975
0.00556522
0.0047816
0.00262506
0.00633337
0.00627239
0.00695426
0.00328029
0.00695833
0.00700258
0.00588958
0.00354086
0.00590858
0.00396683
0.00507197
0.00614696
0.00554841
0.00436225
0.00735573
0.00640602
0.00437758
0.00727055
0.00497894
0.00454914
0.00372088
0.00453833
0.00438115
0.00643097
0.00716218
0.00666231
0.00717553
0.00393145
0.00486631
0.00723764
0.00245959
0.0055743
0.00698948
0.00684832
0.00714786
0.00500626
0.00488214
0.00754155
0.00744146
0.00745291
0.00719915
0.00715083
0.00584049
0.00728158
0.00743573
0.00393273
0.00695264
0.004724
0.00725362
0.00748193
0.00726477
0.00656163
0.00746626
0.00469612
0.00743053
0.0071196
0.00726257
0.00742531
0.00358149
0.00729408
0.00459776
0.00726509
0.00414734
0.00602059
0.00205874
0.00526088
0.00328441
0.00448638
0.00686682
0.00676102
0.00734316
0.00452301
0.00703353
0.00354421
0.00724878
0.00669039
0.00469249
0.00744132
0.00727164
0.0033253
0.0049581
0.00360734
0.00268644
0.0028173
0.00273917
0.00480368
0.0065778
0.00667905
0.005535
0.00520851
0.00671576
0.00475896
0.00298006
0.00572465
0.00494117
0.00507802
0.00421082
0.00604838
0.00582289
0.00626871
0.00539524
0.00459393
0.00543551
0.00712296
0.00630926
0.00407297
0.00740267
0.00713472
0.00400694
0.00406287
0.00428296
0.00617352
0.00648374
0.00528136
0.00316645
0.00273093
0.00396323
0.00380441
0.0061399
0.00386119
0.00491741
0.00378526
0.00498844
0.00435834
0.007455
0.00466284
0.00393411
0.00642416
0.00422208
0.00455187
0.00495944
0.00688047
0.00495947
0.00737347
0.00267289
0.00272938
0.00210113
0.00726061
0.00587234
0.00479106
0.00742716
0.00346561
0.002049
0.00756604
0.00218977
0.00492447
0.00368911
0.00566595
0.00723549
0.0067447
0.00711287
0.00424019
0.00608372
0.00727125
0.00445715
0.00738296
0.0060747
0.00190366
0.00114522
0.00583982
0.00250335
0.00245142
0.00318968
0.00701897
0.0051925
0.00746388
0.00480535
0.00441721
0.00509405
0.00406106
0.0053109
0.00289461
0.00529429
0.00374914
0.00745265
0.00390225
0.00354995
0.00599588
0.00406389
0.00446912
0.00430609
0.00411173
0.00530993
0.0045842
0.00735731
0.00406892
0.00671677
0.00356439
0.00639086
0.00395328
0.00537764
0.00738729
0.00745531
0.00744884
0.0071087
0.00370083
0.00345758
0.00568037
0.00629254
0.00632218
0.00549044
0.00462054
0.00721647
0.00710004
0.00442752
0.00635365
0.00749661
0.00307661
0.00670471
0.00580759
0.00538902
0.000983643
0.00246971
0.00540207
0.00287078
0.0010726
0.00311983
0.00189579
0.00443055
0.00258607
0.00148291
0.00117325
0.00316683
0.00651676
0.00753773
0.00696768
0.00556687
0.000628111
0.00527837
0.00462821
0.00413197
0.00468575
0.00681205
0.00582116
0.00146046
0.000956784
0.00250598
0.00106649
0.00142439
0.00119439
0.00676736
0.00336562
0.0074438
0.00274459
0.00307185
0.00488919
0.00672565
0.00609578
0.00297632
0.00365114
0.00388325
0.000942203
0.00390256
0.00561064
0.00484034
0.00426341
0.00726479
0.00743983
0.00520598
0.00706508
0.00348052
0.00666539
0.00506207
0.00685046
0.00337366
0.0067603
0.00508765
0.0070335
0.00712906
0.00650955
0.00688767
0.0052861
0.0074269
0.00334718
0.00346007
0.00687065
0.00538095
0.00390032
0.00353518
0.00360893
0.00618075
0.00500205
0.00341676
0.00346738
0.00632695
0.00338234
0.00614637
0.0059382
0.00583839
0.00630439
0.00451651
0.00271917
0.00651603
0.00682339
0.00471707
0.0059463
0.00688359
0.00166803
0.00500044
0.00664079
0.00313914
0.00266133
0.00658514
0.00460912
0.00265486
0.00689195
0.00212524
0.00225419
0.00196973
0.00379408
0.00394091
0.00308491
0.0034774
0.00487574
0.00606605
0.00115506
0.000426604
0.00482729
0.00599589
0.00660431
0.00720208
0.00611602
0.00636297
0.00656036
0.00704341
0.00417774
0.00479906
0.00474455
0.00735806
0.00699902
0.00725614
0.00689058
0.00473726
0.00557909
0.0069301
0.00348224
0.00599238
0.00725106
0.00304219
0.00588726
0.00587058
0.00637927
0.00747516
0.00403597
0.00718939
0.00402632
0.00589793
0.0037224
0.00605644
0.00410553
0.00546047
0.00714998
0.00309317
0.00406694
0.00371382
0.0066298
0.00690243
0.00734549
0.00631572
0.0052815
0.00674407
0.00694801
0.00374975
0.00568415
0.00576052
0.00692788
0.00384994
0.00431486
0.00334559
0.00295164
0.0035505
0.00401201
0.000542018
0.00483609
0.00382802
0.00651088
0.00703467
0.00720193
0.00214562
0.00327152
0.00130563
0.00250105
0.00201472
0.0012213
0.00393573
0.00474828
0.00701697
0.00145815
0.00566366
0.00601728
0.00429527
0.00324438
0.000892856
0.00149695
0.00245524
0.00273191
0.00065991
0.00694248
0.00234956
0.00226385
0.00627969
0.00217958
0.00164529
0.00233389
0.00441463
0.00111902
0.000427658
0.00631158
0.00226755
0.00243797
0.00195772
0.00261896
0.00616296
0.00258203
0.000513063
0.00123827
0.00749292
0.00253208
0.00113055
0.00431912
0.00705792
0.00343264
0.00294104
0.00142871
0.00293593
0.00693678
0.00663632
0.00724426
0.00682643
0.00656199
0.00512949
0.0051967
0.00661027
0.00702119
0.0059564
0.00172921
0.00216311
0.00215194
0.00227919
0.00267407
0.000785034
0.00639173
0.00458569
0.00504132
0.00242739
0.00291157
0.00437384
0.00637867
0.00474157
0.00414803
0.00671683
0.00494781
0.00333853
0.00284081
0.00621535
0.00669148
0.00415409
0.0056095
0.00686392
0.00687257
0.00461418
0.00683668
0.00427255
0.0045683
0.00698367
0.00388119
0.00505276
0.00401709
0.00538708
0.000545634
0.000968958
0.00680549
0.004527
0.0043648
0.0043632
0.00590662
0.00414723
0.00744627
0.00676852
0.00593414
0.00737508
0.00616988
0.0035756
0.00508025
0.00408785
0.00506536
0.00438681
0.00352928
0.00350341
0.00393345
0.00298487
0.00348235
0.0041401
0.0075189
0.00752279
0.00745809
0.00506475
0.00591318
0.00596792
0.00602514
0.00744751
0.0041263
0.00467337
0.00745124
0.00427641
0.00684588
0.00564098
0.00182412
0.00229282
0.00624809
0.00449179
0.000784909
0.00207534
0.00168311
0.00490007
0.00230501
0.00443951
0.00278696
0.00614558
0.00356492
0.00690794
0.00510083
0.00659263
0.00669053
0.00183556
0.00380093
0.00407703
0.0035867
0.00633122
0.0062387
0.00591755
0.00736452
0.00616451
0.00583727
0.0071376
0.00487269
0.005569
0.00409256
0.00688609
0.00674788
0.00697102
0.00730287
0.00239442
0.00739317
0.00719418
0.00572802
0.00750048
0.00742173
0.00623981
0.00698188
0.00690459
0.00625961
0.00502739
0.00733499
0.0074156
0.00677634
0.00724712
0.00518274
0.00729057
0.00603105
0.0008411
0.0024326
0.00342911
0.00751719
0.00525319
0.00340405
0.00710578
0.00741009
0.00747943
0.00744298
0.00738686
0.00733872
0.00721741
0.00630186
0.00739112
0.0070345
0.00329276
0.00122062
0.00199956
0.00331868
0.00160903
0.00254166
0.00648631
0.00711796
0.00752282
0.00750297
0.00742303
0.00736193
0.00744069
0.00748253
0.00706884
0.00576673
0.0042924
0.0074158
0.00472082
0.00740639
0.00512759
0.00724256
0.00716008
0.00562278
0.00701742
0.00668187
0.00492634
0.00329195
0.00653959
0.00640379
0.00262522
0.00476684
0.00616121
0.00357925
0.00448951
0.00493667
0.00749835
0.0069434
0.00734715
0.00613887
0.00503341
0.00421791
0.00343258
0.00705624
0.00621892
0.00630316
0.00686342
0.00732469
0.00751213
0.00524199
0.00736581
0.00381646
0.00636503
0.00496685
0.00497359
0.0056526
0.00606959
0.00700274
0.00510033
0.00713277
0.007128
0.00736251
0.00699762
0.00746011
0.00445661
0.00430432
0.00634655
0.00549564
0.00649867
0.00711839
0.0061461
0.00715576
0.00603168
0.00746838
0.00534881
0.00575988
0.00676502
0.00748241
0.00580567
0.00515822
0.00727184
0.00399285
0.00751379
0.00487266
0.00748215
0.00733701
0.00735015
0.0062522
0.00668726
0.00716856
0.0073245
0.00696812
0.00638618
0.00605952
0.00521366
0.00745984
0.00428107
0.00628063
0.00433144
0.00517374
0.007484
0.00737989
0.00468024
0.00656847
0.00700476
0.00362871
0.00742958
0.00461236
0.00728591
0.00702616
0.00463956
0.0071187
0.00496695
0.00507094
0.00747658
0.00517883
0.0045867
0.00555133
0.00725524
0.00229851
0.00754086
0.00733495
0.00742135
0.00633917
0.00516306
0.00334436
0.00744772
0.00362935
0.00374536
0.00463724
0.00496046
0.00507133
0.00419842
0.00594887
0.0043022
0.00484722
0.00499371
0.00458821
0.00542457
0.00326374
0.00743839
0.00333083
0.00741347
0.00744434
0.00731743
0.00726293
0.00733166
0.00737199
0.00252768
0.00548897
0.00745006
0.00741539
0.00286353
0.00481352
0.00436999
0.0046087
0.00705412
0.00734617
0.00610406
0.00263361
0.0069233
0.00480382
0.00424592
0.00534479
0.00460041
0.00295376
0.0030634
0.00666761
0.0054431
0.00369365
0.00712262
0.00322032
0.00736433
0.00473965
0.0067323
0.00577637
0.00420103
0.00573972
0.00626507
0.00675137
0.00641367
0.00669087
0.00739493
0.00673632
0.00747523
0.00657948
0.0073639
0.00732698
0.00716496
0.00731253
0.00733075
0.00723818
0.00684428
0.00728613
0.00446583
0.00689869
0.00653685
0.00373147
0.00579712
0.00462051
0.00735433
0.0051499
0.00348746
0.00600586
0.00563384
0.0045406
0.00391998
0.00595588
0.00728429
0.0070863
0.00349477
0.00749962
0.00743979
0.00720606
0.00704207
0.0070068
0.00717431
0.00489101
0.0048926
0.0032135
0.00685273
0.00307815
0.00456009
0.00701659
0.00739736
0.00744894
0.00745775
0.00681675
0.0075406
0.00407774
0.00692282
0.00378819
0.00349447
0.00486312
0.00583113
0.0059295
0.00750858
0.00607078
0.00721518
0.00378803
0.00348421
0.00394465
0.0068533
0.00469969
0.00455049
0.00676013
0.00546436
0.00738418
0.00210139
0.0037628
0.000366827
0.0059899
0.000400641
0.00736989
0.00706188
0.00711881
0.00730376
0.00715604
0.00459824
0.00606579
0.00327768
0.00621071
0.00630815
0.00531384
0.00609131
0.00440966
0.00726459
0.00742964
0.000336581
0.00292946
0.00724678
0.00292949
0.0049599
0.00732265
0.00745497
0.0073021
0.00739766
0.00708789
0.0038874
0.00717791
0.00488978
0.00722889
0.00264901
0.00509221
0.00420979
0.00475602
0.00323669
0.00406829
0.00319501
0.0074729
0.00486097
0.0072455
0.00738935
0.00741798
0.00706723
0.00736
0.00644447
0.00472946
0.00531812
0.00551573
0.00715458
0.00449748
0.00573885
0.00483486
0.00590371
0.00351531
0.00456573
0.00687584
0.00746556
0.00738763
0.0065837
0.00720898
0.0046231
0.00595882
0.00718412
0.00112057
0.00735158
0.00744959
0.000846134
0.000910938
0.00344299
0.00248924
0.000766252
0.00298586
0.00261782
0.000780795
0.00392406
0.00466957
0.00175295
0.00259577
0.00595449
0.000328501
0.00114787
0.00178597
0.000359674
0.00375531
0.00399312
0.00299725
0.00233704
0.00279797
0.00359347
0.00566463
0.00719305
0.00104158
0.00103606
0.00234066
0.00563012
0.0073988
0.00738014
0.0032473
0.0068966
0.00196115
0.00698664
0.00746036
0.00679013
0.00678234
0.00734067
0.00508506
0.0072235
0.00547844
0.00341108
0.00407007
0.0061448
0.00588104
0.00551663
0.00520015
0.00707918
0.0037459
0.00377559
0.00703251
0.00263122
0.0027957
0.00608786
0.00740324
0.00590923
0.0061406
0.00416788
0.00617194
0.00637639
0.00602442
0.00750141
0.00300763
0.00558009
0.00490791
0.00715438
0.00702933
0.00626747
0.00462984
0.00724221
0.00439954
0.00742752
0.00739518
0.00615735
0.00366929
0.00671432
0.00743666
0.00466185
0.00723097
0.00404316
0.00694555
0.00672546
0.00345876
0.00661018
0.00580357
0.00325204
0.00748264
0.00642077
0.00581731
0.00626759
0.00747358
0.0049671
0.0039989
0.0057466
0.00630985
0.00743573
0.00683555
0.00746834
0.00748624
0.00650975
0.00715642
0.00479409
0.00714855
0.00744576
0.00727165
0.00604061
0.00320043
0.00751554
0.00392595
0.00413982
0.00480825
0.0039486
0.00514375
0.00603374
0.00131514
0.000925918
0.00681137
0.00478046
0.00489472
0.00553035
0.0042417
0.00492811
0.00552069
0.00703203
0.00495942
0.00377448
0.00524036
0.00743149
0.00274648
0.00205418
0.00649776
0.00477933
0.00706263
0.00709514
0.00301546
0.00218628
0.00362324
0.00279237
0.00200905
0.00320575
0.00749572
0.00393206
0.00443127
0.00682541
0.00740012
0.00501387
0.00581509
0.00729397
0.00502083
0.00739583
0.00445905
0.00737787
0.00431243
0.00405259
0.00720309
0.00465475
0.00426088
0.00727241
0.00602746
0.00683012
0.00312062
0.00429476
0.00440418
0.00473633
0.00751994
0.00373299
0.0039809
0.00392268
0.00459036
0.00734091
0.00360637
0.00645901
0.00498492
0.00722972
0.00376618
0.00656042
0.00722914
0.00350883
0.00688034
0.00602799
0.00537757
0.00570428
0.00475566
0.00554421
0.00682959
0.00283404
0.00657864
0.00443305
0.0060134
0.00748678
0.00570703
0.00348354
0.00712094
0.00411683
0.00439287
0.00318282
0.00396532
0.0038123
0.00385215
0.00349835
0.00694809
0.00701841
0.00435183
0.00750911
0.00230959
0.00234623
0.00571301
0.00528786
0.00419659
0.00492141
0.00501048
0.00526146
0.00464372
0.00493981
0.00432477
0.00430341
0.00445181
0.00401704
0.00328235
0.0032241
0.00320892
0.00433976
0.00412479
0.00602939
0.0035643
0.00430588
0.00413863
0.00541344
0.00720385
0.00738269
0.00605303
0.00498524
0.00494325
0.00710529
0.00482492
0.0038721
0.00239898
0.000946188
0.00231452
0.00733014
0.005209
0.00581811
0.0065789
0.00478392
0.00347917
0.00653589
0.00706224
0.0048971
0.00275351
0.00570743
0.00255647
0.00206757
0.00584666
0.0050288
0.00400762
0.00394262
0.00105292
0.00113937
0.00207111
0.00497436
0.00313272
0.0038093
0.00457248
0.00159757
0.00423546
0.000559285
0.00188228
0.000825055
0.00474212
0.00485951
0.00374149
0.00369136
0.00482019
0.00655766
0.00331218
0.00231228
0.00423063
0.00366792
0.00351481
0.00114366
0.00253005
0.00185072
0.00319538
0.000699917
0.00070498
0.00346097
0.00375228
0.00469557
0.0038496
0.00464807
0.00538852
0.00235281
0.00488028
0.00726212
0.000311136
0.00169237
0.00238766
0.00671365
0.00650564
0.0033109
0.00278137
0.00341322
0.00737155
0.00746561
0.00659193
0.0073733
0.00298216
0.00613469
0.00283741
0.0009638
0.00284759
0.0068537
0.00502833
0.0074026
0.00335368
0.00693094
0.00397386
0.00394092
0.00427161
0.00182184
0.00357814
0.00680129
0.00362788
0.00477843
0.00555708
0.00678925
0.00554422
0.00350678
0.00466658
0.0066747
0.00617534
0.00690689
0.00473452
0.00741216
0.00390292
0.00349466
0.00309588
0.00347692
0.00655277
0.00681337
0.00584831
0.00650544
0.00351268
0.00390829
0.00418158
0.00675493
0.00393098
0.00674402
0.00709208
0.00619278
0.00636136
0.00599142
0.0042419
0.00382144
0.00652695
0.00413771
0.00417905
0.00493255
0.00470161
0.00487719
0.00550577
0.0036682
0.00732178
0.00501652
0.00488974
0.00476039
0.00751372
0.00750824
0.0075232
0.00748761
0.00445451
0.00382473
0.00736415
0.00739331
0.007362
0.00442577
0.00722077
0.00685849
0.00506403
0.00738358
0.00748953
0.00709683
0.00477034
0.00549319
0.00432435
0.00718265
0.00728482
0.00712424
0.00417349
0.00714934
0.00734834
0.0073725
0.00733247
0.00592805
0.00725432
0.00748859
0.00751309
0.00743061
0.00747046
0.0034986
0.00485686
0.00732267
0.00684168
0.00479603
0.0029239
0.00377036
0.00705256
0.00574949
0.00605091
0.00747237
0.00670803
0.00581395
0.00414094
0.00451788
0.0074771
0.00746177
0.00715947
0.00729901
0.0057809
0.00664585
0.0073871
0.000343524
0.00393956
0.00390564
0.00741315
0.00741029
0.00661718
0.00698867
0.00732927
0.00748522
0.00470287
0.00519952
0.00448102
0.00281387
0.000623116
0.00699152
0.00657337
0.00748881
0.0074778
0.0066636
0.00747361
0.00740644
0.00685435
0.00280657
0.00384535
0.00388142
0.00501148
0.00424084
0.00739216
0.00514942
0.00448164
0.00720984
0.00741633
0.00746915
0.00747631
0.00694208
0.00749105
0.00735317
0.00738197
0.0072275
0.00472675
0.00698921
0.00583529
0.00743481
0.00742175
0.00440007
0.00468808
0.00703694
0.00490658
0.00616167
0.005702
0.00479734
0.000748829
0.00138782
0.0011128
0.00204963
0.00260763
0.00247588
0.00297735
0.00281154
0.001644
0.000528239
0.00690176
0.00687458
0.00420751
0.000560007
0.000516275
0.00448553
0.00491523
0.00675108
0.00129763
0.00580604
0.00600606
0.00667308
0.0075416
0.00650726
0.00523685
0.0052209
0.00502799
0.00473562
0.0073888
0.00541267
0.00735825
0.00740613
0.00705685
0.00746626
0.00734846
0.00454225
0.00430485
0.00681972
0.00734425
0.00589291
0.00537071
0.00671743
0.00569102
0.00708572
0.00747836
0.00716918
0.00275768
0.00525769
0.00706372
0.00633665
0.00441614
0.00459008
0.00599357
0.00653532
0.00606952
0.00641491
0.00585858
0.00749242
0.000794828
0.000813746
0.00746159
0.00580902
0.00560931
0.00637541
0.00521199
0.00745333
0.00749055
0.00390321
0.00670111
0.00740655
0.00468114
0.00753181
0.00476318
0.00729355
0.00438663
0.00465156
0.0073043
0.00469783
0.00739674
0.00456798
0.00337656
0.00749319
0.00606945
0.00471629
0.00331311
0.00628603
0.00689073
0.00485038
0.00733159
0.00642715
0.00479272
0.00555
0.00420355
0.00309894
0.00266186
0.00412144
0.00309983
0.00721741
0.00410106
0.00495552
0.00494577
0.00405813
0.00648477
0.00621661
0.00505744
0.00484018
0.00292959
0.00121825
0.00395192
0.00536783
0.00409396
0.0074696
0.00604029
0.00572013
0.00665771
0.00411862
0.00321809
0.0039734
0.00566236
0.00388553
0.00367148
0.00453431
0.00606455
0.0046684
0.00738572
0.00613738
0.00516016
0.0044456
0.00316778
0.00339984
0.00688227
0.00307767
0.00726833
0.00383738
0.00448786
0.00676927
0.00630586
0.00553337
0.0030384
0.0049658
0.00401709
0.00312543
0.00741101
0.00482076
0.00343936
0.00522866
0.00729121
0.00746758
0.00655361
0.0064749
0.00629572
0.00746407
0.00444889
0.00501037
0.00390242
0.00432131
0.00413544
0.00382961
0.00683725
0.00407957
0.00381333
0.00563666
0.00623304
0.00369659
0.00734959
0.00662197
0.00721041
0.00748731
0.0073043
0.00723456
0.00704206
0.00391363
0.00741704
0.00551724
0.00410011
0.00388506
0.00430921
0.00620905
0.00507199
0.00330374
0.00385044
0.00462948
0.0067787
0.00401919
0.00659232
0.00222597
0.00428818
0.00406453
0.00309701
0.00424454
0.00407469
0.00709889
0.00663857
0.003845
0.00739733
0.00739017
0.0056258
0.00461926
0.00624716
0.0051782
0.00693651
0.00729248
0.00615197
0.00745007
0.00346192
0.00388926
0.00640707
0.000436273
0.0004436
0.0026538
0.00239254
0.000483384
0.00176572
0.00252532
0.00215764
0.000664221
0.00077428
0.000736046
0.00109355
0.000999025
0.00271839
0.000488771
0.00169252
0.000802887
0.0020984
0.00177681
0.000608379
0.00145843
0.00245221
0.00225442
0.000650392
0.0013482
0.000521938
0.00303139
0.00670761
0.00627953
0.00542944
0.00486508
0.00735363
0.00505058
0.00469724
0.00470937
0.00681412
0.00731746
0.00407784
0.00486892
0.00700538
0.00426302
0.00622929
0.00697923
0.00607987
0.00374558
0.00324406
0.00309869
0.00736112
0.00486951
0.00453137
0.00718525
0.00513374
0.00532632
0.00303156
0.00573399
0.0060788
0.0032975
0.00505979
0.00519958
0.00514244
0.00551592
0.00731944
0.00412269
0.00429479
0.00669392
0.00610903
0.00740533
0.00618873
0.00531071
0.00457674
0.00546046
0.00573427
0.00524598
0.00706404
0.00460571
0.0060257
0.0067482
0.00429392
0.00567067
0.00151245
0.00310666
0.00475266
0.00641908
0.00239832
0.00573575
0.00654175
0.00464318
0.00629976
0.00402145
0.0044291
0.00553142
0.00496543
0.00394435
0.00505289
0.00388472
0.0017673
0.00726894
0.000734471
0.00556751
0.00196689
0.000691739
0.000481433
0.00157142
0.00144684
0.00220078
0.00216266
0.00217064
0.00227007
0.0071372
0.00446191
0.00568354
0.00601126
0.0070551
0.00435738
0.00549604
0.00655
0.00702188
0.00519887
0.00733648
0.00697876
0.00730034
0.00717106
0.00681606
0.00692439
0.00141598
0.00729096
0.00306625
0.00211853
0.00262805
0.0010689
0.0038044
0.00691741
0.00722732
0.00120063
0.00611301
0.00197612
0.00750797
0.00449382
0.00521937
0.00517859
0.00542819
0.00241446
0.00286235
0.00543305
0.00541758
0.00528848
0.00524097
0.00416607
0.00373256
0.00262681
0.000666477
0.00113616
0.000346525
0.00734838
0.00466354
0.00694004
0.00452421
0.00206255
0.00184123
0.00305611
0.00716382
0.000211601
0.000485044
0.00304623
0.00175641
0.00433355
0.00304619
0.00441224
0.00447764
0.00244178
0.00186397
0.00227874
0.0011731
0.0072534
0.00710192
0.00360522
0.00688936
0.00409098
0.00676316
0.00439368
0.00592275
0.00595905
0.00458463
0.00526363
0.00690039
0.004431
0.00696283
0.00691423
0.00691376
0.00596272
0.00372242
0.0027027
0.00442968
0.00488429
0.00675691
0.00663411
0.0048912
0.00369401
0.00535748
0.00455579
0.00706944
0.00458944
0.00241154
0.00485861
0.00488879
0.00657583
0.00385765
0.00729425
0.00402197
0.0053508
0.00709895
0.00732499
0.00684679
0.00259395
0.00412262
0.00487245
0.00422778
0.00691482
0.00647172
0.00579997
0.00602497
0.00328275
0.00655917
0.00268268
0.00443047
0.00420615
0.00643751
0.00707647
0.00623907
0.00251983
0.00647921
0.00691311
0.00688284
0.00593952
0.00707771
0.00675752
0.00666596
0.0070574
0.00687568
0.00671455
0.00629264
0.00664252
0.00662894
0.00387042
0.00701941
0.00661849
0.00711301
0.00476447
0.00577296
0.00736868
0.00738744
0.00705598
0.00680452
0.00562039
0.0064829
0.00246288
0.00725288
0.00663227
0.00346914
0.000439192
0.00472633
0.00719738
0.00590224
0.000660337
0.000338578
0.00114312
0.00237791
0.00152474
0.00195203
0.00305891
0.00552461
0.00120406
0.0012193
0.00657427
0.00664709
0.00647732
0.00621543
0.00686667
0.00629483
0.00693701
0.00704163
0.00699772
0.00696698
0.00703221
0.00627016
0.00710566
0.0023494
0.000895384
0.000318374
0.000542159
0.000764592
0.00188725
0.00558431
0.00258555
0.00730058
0.00624189
0.00323354
0.00568104
0.00293524
0.00226756
0.002363
0.0020896
0.00293778
0.00412423
0.00271944
0.00253261
0.00204687
0.00300195
0.00702224
0.00665801
0.00662131
0.00732154
0.00675813
0.00296341
0.00340987
0.0069893
0.00653778
0.00738768
0.00368613
0.00744371
0.00641991
0.00520909
0.00745651
0.00497776
0.00549192
0.00745234
0.00346751
0.00695651
0.00420852
0.00350594
0.00652373
0.00741313
0.0074395
0.00744769
0.00187046
0.00744871
0.00723804
0.00667935
0.00450194
0.00594994
0.00498844
0.00724952
0.00441379
0.00384472
0.00387111
0.00728294
0.00481889
0.00681551
0.00604191
0.00746619
0.00746376
0.00546145
0.00732272
0.0069814
0.00744004
0.00747122
0.00437831
0.00747601
0.00750152
0.00739275
0.00611712
0.00502076
0.0064181
0.0074204
0.00503443
0.00719942
0.00505977
0.00646692
0.00750764
0.00748067
0.0074141
0.00659386
0.00436782
0.00386948
0.00515302
0.0035367
0.00308224
0.00294933
0.004277
0.00187468
0.00125416
0.00216973
0.00307438
0.0020657
0.00321765
0.00445965
0.00277226
0.00341726
0.00676268
0.0070538
0.00509769
0.00472233
0.00575686
0.00593251
0.00680974
0.0069901
0.00706083
0.00689388
0.00383513
0.00352577
0.00377347
0.00718383
0.0073731
0.0053476
0.00405581
0.00390295
0.00551342
0.0048566
0.00340083
0.00445921
0.00607395
0.00479694
0.00709276
0.00694427
0.00495036
0.00309859
0.00300996
0.00665787
0.00745118
0.00696801
0.00712016
0.0072662
0.00724452
0.00406184
0.00606247
0.00379
0.00728223
0.00647832
0.00683748
0.00719541
0.00729062
0.00726117
0.00739583
0.00740377
0.00324014
0.00634413
0.00314862
0.00533589
0.00564396
0.00646231
0.000913878
0.00117687
0.00276877
0.00447675
0.0069373
0.00604869
0.00599385
0.00582849
0.00686208
0.00399733
0.00313295
0.00465337
0.00749262
0.00602065
0.00542345
0.00611845
0.00492677
0.00720649
0.00485443
0.00502169
0.00348247
0.00748872
0.00732677
0.00632342
0.00721635
0.00724816
0.00593946
0.00480333
0.00509312
0.00570025
0.00723738
0.00682312
0.00717181
0.0073298
0.00405104
0.00314024
0.00257804
0.00353604
0.00539426
0.00311247
0.00443169
0.00435901
0.00496675
0.00389061
0.00455894
0.00665778
0.00722544
0.00681918
0.00344909
0.00675821
0.0030828
0.00385367
0.00706815
0.00707926
0.00452988
0.00684786
0.00564545
0.00349462
0.00547354
0.00703184
0.00736908
0.00742514
0.00677288
0.00695588
0.00528509
0.0041932
0.00740433
0.00573181
0.00461088
0.0073292
0.00376643
0.00323322
0.00747145
0.000977549
0.00138988
0.00110874
0.00227511
0.00729408
0.00256394
0.00464772
0.00356182
0.00340102
0.00254802
0.00437465
0.0061319
0.00477055
0.00563202
0.00731838
0.00424275
0.000813496
0.00242204
0.000471985
0.00285007
0.00493928
0.00488608
0.00537526
0.00710424
0.00715741
0.00364519
0.00446532
0.00528269
0.00422284
0.00517344
0.00562584
0.00566472
0.00510067
0.00340201
0.00695034
0.00522559
0.00718528
0.00521429
0.00628779
0.00517385
0.00527846
0.00286832
0.00745599
0.00747026
0.0073828
0.000586918
0.00202349
0.00677885
0.0065105
0.00140133
0.00107535
0.000914277
0.00484032
0.00700967
0.000336052
0.00425566
0.00371102
0.00429472
0.00391868
0.00748165
0.000944586
0.00414906
0.00740973
0.00458281
0.00654275
0.00685557
0.00690791
0.00732252
0.000679858
0.00738619
0.00127615
0.00719623
0.00579928
0.00691512
0.00594178
0.005918
0.00747532
0.00743407
0.00745724
0.00733881
0.00356262
0.00389719
0.00319135
0.00548429
0.00325889
0.00382734
0.00519737
0.00744309
0.00475429
0.00425667
0.00720544
0.00438692
0.00656622
0.00607253
0.00748708
0.0073604
0.00711155
0.0074317
0.0074634
0.00489047
0.0064458
0.00741652
0.00608772
0.00437562
0.00704137
0.00416637
0.00750366
0.00537545
0.00626304
0.00678263
0.00691311
0.00461759
0.00707468
0.0072908
0.00337776
0.00542941
0.00660902
0.00749453
0.00746188
0.00370657
0.007107
0.00667695
0.00299565
0.0039936
0.00323795
0.00359855
0.00487593
0.00651573
0.00707721
0.00696751
0.00624123
0.00625561
0.0056377
0.00678363
0.00635501
0.00628618
0.00415682
0.00591341
0.00367274
0.00391217
0.00590496
0.00554331
0.00555082
0.00317863
0.000780927
0.00169499
0.00345981
0.00673402
0.00684871
0.00696986
0.00522307
0.00368281
0.00585322
0.00646427
0.0033334
0.00709731
0.0040239
0.0064505
0.00434782
0.00491194
0.00596161
0.00436284
0.00747233
0.00744695
0.00527667
0.00729136
0.00747877
0.00556687
0.00547052
0.00734109
0.00333485
0.00696738
0.0030582
0.00197681
0.00680025
0.00742979
0.00573449
0.00732201
0.00450627
0.00289494
0.00505103
0.00444041
0.00237954
0.00707396
0.00279576
0.00115983
0.00536558
0.00492292
0.00248412
0.00650909
0.00234669
0.00047285
0.00709102
0.00438648
0.00564055
0.00491265
0.00592795
0.00601554
0.00393556
0.00668302
0.007427
0.00674099
0.00661754
0.00718236
0.00554157
0.00667558
0.00608124
0.00163106
0.00248075
0.00209651
0.00246952
0.0042738
0.000750105
0.00624161
0.00739867
0.00649185
0.00570244
0.00252212
0.000822642
0.00534477
0.00274929
0.00120177
0.00265339
0.00288647
0.00423344
0.00204673
0.00213349
0.00535256
0.00667441
0.0060467
0.00240745
0.00600483
0.00599943
0.0053762
0.00726628
0.00368852
0.00650587
0.00551462
0.00568499
0.00343388
0.00671249
0.00686617
0.00739219
0.00522051
0.00353685
0.00747147
0.00464419
0.00205338
0.00467487
0.00654926
0.00606371
0.00546472
0.00646794
0.00727311
0.00379476
0.00676227
0.00297315
0.00558438
0.0057261
0.00677534
0.00439691
0.00625056
0.00692588
0.00718286
0.006115
0.00599698
0.00701815
0.00362776
0.00658048
0.0032199
0.00681267
0.00699444
0.00599072
0.00494694
0.00484568
0.00732191
0.00483359
0.00737984
0.00729238
0.00721231
0.000508228
0.000665852
0.0027165
0.00558441
0.00224272
0.00223485
0.00475102
0.00482879
0.002577
0.00139237
0.000580113
0.00123354
0.00187232
0.00205078
0.00199309
0.00164676
0.00126365
0.00395385
0.00423206
0.000469952
0.00274005
0.00518395
0.00270898
0.00342667
0.0051553
0.00428784
0.00489374
0.00698325
0.00502545
0.0061567
0.00664042
0.00686512
0.00690078
0.00689724
0.00106615
0.00272938
0.000741321
0.00692186
0.00495178
0.00684609
0.00618282
0.0062678
0.0063813
0.00613882
0.00634473
0.00550882
0.0055549
0.00684231
0.00253884
0.000666479
0.00253419
0.00653118
0.00627167
0.00664904
0.00239611
0.00389959
0.00296967
0.00611313
0.00504475
0.00701455
0.00723241
0.00748124
0.00690016
0.00740354
0.00568436
0.00601243
0.00357919
0.00739266
0.00745085
0.00380717
0.00709496
0.00746246
0.00755236
0.00465653
0.00724288
0.00375645
0.00747185
0.00749911
0.0068788
0.00645353
0.00736268
0.00379546
0.00749903
0.00745667
0.00386864
0.0074911
0.00308807
0.00656586
0.00652719
0.00745028
0.00747805
0.00621332
0.00685488
0.00427628
0.00724761
0.00655598
0.00741065
0.00715654
0.00459072
0.00533017
0.00517048
0.00683285
0.00611722
0.00747396
0.00741302
0.00743412
0.00464029
0.00425727
0.0059273
0.00748384
0.00711658
0.00729768
0.00695967
0.00534155
0.0062557
0.00355226
0.00729836
0.00328691
0.00545214
0.00380243
0.00728863
0.00734654
0.00644109
0.00279418
0.0044317
0.00673877
0.00746964
0.00725527
0.00748873
0.00493846
0.00437786
0.00321407
0.0033818
0.00476197
0.00561249
0.00695953
0.00632614
0.00310504
0.00487589
0.00421818
0.00394265
0.0071531
0.00716585
0.00742818
0.00314559
0.00745533
0.00536851
0.0063988
0.00455778
0.00608212
0.00413192
0.00585684
0.00637052
0.00595435
0.00313063
0.00590521
0.00645711
0.00510147
0.0046998
0.00733129
0.00501566
0.00576287
0.00683674
0.00490745
0.00743862
0.00602857
0.00407244
0.00413711
0.00410195
0.0040901
0.00632357
0.0065413
0.00652872
0.00586311
0.00607724
0.00606743
0.00746174
0.00747669
0.00668164
0.00745182
0.00740265
0.00664499
0.00740952
0.00709137
0.00385909
0.00654741
0.00591656
0.00749387
0.00642123
0.00702398
0.0057202
0.0056151
0.00466287
0.00719579
0.00592362
0.00466744
0.00335037
0.0059542
0.00707798
0.00351897
0.00323182
0.00656397
0.00287748
0.00519957
0.00542988
0.0073961
0.00438394
0.00743477
0.0038354
0.00744005
0.00593173
0.00470793
0.00423345
0.00532703
0.00478273
0.00306161
0.0073855
0.00403938
0.00418271
0.00326028
0.00628676
0.00737201
0.00412221
0.00367494
0.00393576
0.00713954
0.00383104
0.0050285
0.00417053
0.00364559
0.00568107
0.00337626
0.00692534
0.0058572
0.000397647
0.000527798
0.00125866
0.00646075
0.0042404
0.000751395
0.00434785
0.00338487
0.0016371
0.0039094
0.00291791
0.00632479
0.00744805
0.00391529
0.00658505
0.00743579
0.00743275
0.00653565
0.00668536
0.00658375
0.00486791
0.00626576
0.0051801
0.00725009
0.00715534
0.00504083
0.00222075
0.00518563
0.00675733
0.00647376
0.00348789
0.00332491
0.00322983
0.00160735
0.00175878
0.00667543
0.000532211
0.00477817
0.00481468
0.000607245
0.00221636
0.00063989
0.00186442
0.00712212
0.00456263
0.00707435
0.00441703
0.00532961
0.00475867
0.0074124
0.00719663
0.00490875
0.00742842
0.00474362
0.00611368
0.00736979
0.00510323
0.00433325
0.00743397
0.00708461
0.0022415
0.00443232
0.00737663
0.00693737
0.007165
0.00719977
0.00368873
0.00639132
0.00720988
0.00697969
0.00704537
0.000348945
0.00738521
0.00170756
0.00635794
0.00476513
0.00297943
0.000907032
0.00744635
0.00060232
0.00681881
0.00450226
0.00140708
0.00669628
0.0064935
0.00616146
0.00623168
0.00453394
0.00745178
0.00697126
0.00430937
0.00686045
0.00155511
0.000921741
0.00140073
0.000417447
0.00610347
0.00580682
0.00374864
0.00683937
0.00645753
0.000395274
0.00662784
0.00614532
0.00403269
0.00367513
0.00537483
0.00245419
0.00399295
0.00693335
0.0039273
0.00490939
0.00749397
0.00701982
0.00476872
0.00695087
0.0035255
0.00748737
0.00296686
0.00454442
0.00522863
0.00502515
0.00196327
0.000593819
0.00191497
0.00393056
0.00460307
0.00316075
0.00541516
0.00555117
0.00492216
0.00651052
0.00273513
0.00113382
0.00709197
0.0029075
0.00277693
0.00583628
0.00585049
0.00663576
0.00715264
0.00551988
0.00387721
0.00723654
0.00512747
0.00549661
0.00701215
0.00682951
0.00651778
0.00709055
0.00609069
0.00722348
0.0061278
0.00507993
0.00726197
0.00554413
0.00162764
0.00209118
0.000547294
0.00398963
0.0070833
0.00549958
0.00723771
0.00432547
0.00463736
0.0051427
0.00395236
0.00663493
0.00733063
0.0017478
0.00745203
0.00662437
0.000510612
0.00445647
0.00686931
0.00646008
0.00584653
0.00403042
0.00696434
0.00456229
0.00475108
0.00477716
0.00505092
0.0035523
0.00379171
0.00338799
0.00497405
0.0054408
0.00665876
0.00330916
0.00616826
0.00649368
0.00665532
0.00379871
0.00376519
0.00562837
0.000531041
0.00318997
0.0039355
0.00748871
0.00487279
0.00119816
0.0027886
0.00166363
0.0023256
0.00178421
0.00524694
0.00332341
0.00345339
0.00397424
0.0047027
0.0030838
0.00505734
0.00290066
0.0023829
0.00197718
0.00202661
0.00470469
0.00403665
0.00336448
0.0037071
0.00252679
0.00351528
0.00500313
0.00469409
0.00516206
0.00428248
0.00683605
0.00681942
0.00503036
0.0051993
0.00396671
0.00386191
0.00367685
0.000850262
0.00179333
0.000220036
0.00312601
0.00286682
0.000486086
0.00356638
0.00489502
0.00251075
0.00471919
0.00463201
0.0046498
0.00432793
0.00355255
0.00390671
0.00609455
0.00454154
0.00096979
0.00129039
0.00233088
0.00574589
0.00612418
0.00260114
0.0025034
0.0069204
0.00344071
0.00566752
0.00603171
0.00707785
0.00590288
0.00674552
0.00705163
0.00479932
0.00341062
0.0052164
0.00294476
0.00705649
0.00270322
0.00641973
0.00647688
0.00611369
0.00660403
0.00661069
0.00392965
0.00609705
0.00610185
0.00428614
0.00564623
0.00350808
0.00332733
0.00245981
0.00444906
0.00421709
0.00424238
0.00431783
0.00714692
0.00736681
0.00745621
0.00635119
0.00693658
0.00712001
0.00352329
0.00670308
0.00689819
0.00664711
0.00677098
0.00694222
0.00547877
0.00622187
0.00475918
0.00654459
0.00365704
0.00377092
0.00579432
0.00595363
0.00673023
0.00663994
0.00677583
0.00712057
0.0039992
0.00744361
0.00526042
0.00610367
0.00507003
0.0074593
0.00438464
0.00535085
0.00536676
0.00686366
0.00423704
0.00418658
0.00263118
0.00426698
0.0069259
0.00375404
0.00407464
0.00732658
0.00698143
0.00316223
0.00313287
0.00320866
0.00328185
0.00663309
0.000379251
0.00079176
0.000358547
0.000296011
0.0042676
0.00280425
0.00257485
0.00303689
0.00460875
0.00611763
0.00691895
0.00621832
0.00665005
0.00662058
0.00477713
0.00454155
0.00566188
0.00729193
0.00739979
0.00681348
0.00660183
0.0038141
0.00654675
0.00412522
0.00621255
0.00667319
0.00739317
0.00740265
0.00740266
0.00746538
0.00589387
0.00604843
0.00535289
0.00738309
0.00522675
0.00121299
0.00164785
0.0014954
0.00696434
0.00724504
0.00737123
0.00727576
0.00470363
0.00559535
0.00698923
0.00668671
0.00207869
0.00748451
0.00528424
0.00538321
0.00558986
0.00347271
0.00351823
0.00281902
0.00428686
0.00285809
0.00459799
0.00454114
0.00306148
0.00430961
0.00480608
0.00548802
0.00178454
0.00106117
0.00149713
0.00115507
0.00472608
0.00428661
0.00551656
0.00588939
0.00204236
0.00614352
0.00689138
0.0046827
0.00440509
0.00577176
0.00670235
0.00741999
0.00701514
0.0071201
0.00701858
0.00753742
0.00393316
0.00639081
0.0074613
0.00741762
0.00680643
0.00609285
0.00727675
0.00669501
0.00725346
0.00697894
0.00462531
0.00689155
0.00376889
0.00331245
0.0035638
0.00654806
0.00743402
0.00733019
0.00742291
0.00685525
0.00627062
0.00359355
0.00735976
0.00666303
0.0050464
0.00397528
0.00746299
0.0058379
0.00746931
0.00424696
0.00501418
0.005488
0.00512364
0.00736234
0.00712506
0.00745405
0.00666795
0.00391428
0.00737258
0.00743195
0.00567745
0.00729622
0.00741317
0.00744163
0.00388956
0.00749625
0.00718313
0.00722853
0.00560294
0.00731323
0.0069314
0.00692248
0.00722447
0.00708798
0.00722985
0.00618419
0.00479778
0.00698075
0.0045003
0.0040463
0.00480144
0.00412009
0.00354349
0.00317209
0.000837133
0.00217706
0.00145237
0.00369338
0.00339525
0.0019603
0.00522018
0.00386974
0.00391149
0.0044721
0.00391812
0.003026
0.00527725
0.00278205
0.00173988
0.00654309
0.00347297
0.00471805
0.00403502
0.00379568
0.00726313
0.00728152
0.00439465
0.00717691
0.00732909
0.00525412
0.00512352
0.00681276
0.00583794
0.00373945
0.00711594
0.00303993
0.00463385
0.00396591
0.00480439
0.00484845
0.00699517
0.00503581
0.00543787
0.00716136
0.00404978
0.00664666
0.00403827
0.00670474
0.00733444
0.0038026
0.00672263
0.00548821
0.00734954
0.00736156
0.00747355
0.00740338
0.00410101
0.00660677
0.00332769
0.00264619
0.00215382
0.00233897
0.00419788
0.00410094
0.00672892
0.00416889
0.00486783
0.00417021
0.00312819
0.00745855
0.00349833
0.00747797
0.00746228
0.00280808
0.00175156
0.00440952
0.00509652
0.00694644
0.00192061
0.00576633
0.00511574
0.00721493
0.00389053
0.00644544
0.00509115
0.00572023
0.00598734
0.00580574
0.00604588
0.00748379
0.00655445
0.00413864
0.00334932
0.00611407
0.0072757
0.00483035
0.00598383
0.00551469
0.00736452
0.00736809
0.00738785
0.00664742
0.00514434
0.00663571
0.00450699
0.00718776
0.00319689
0.00391852
0.00380261
0.00497339
0.0072047
0.004795
0.00388425
0.0050977
0.00727871
0.00582039
0.00472742
0.00530164
0.00750461
0.00410085
0.000359412
0.00330112
0.000496376
0.00106597
0.00308592
0.00601179
0.00735433
0.0074349
0.00607369
0.00743796
0.000675894
0.000332154
0.00628683
0.00397339
0.00433876
0.000491138
0.00157687
0.00250522
0.00239709
0.00731947
0.00131474
0.00183912
0.00134429
0.00143726
0.00731688
0.00658206
0.00546642
0.00465402
0.00663568
0.00746378
0.00696882
0.00697972
0.00680755
0.00566386
0.00437515
0.00721273
0.00692778
0.00743088
0.00609262
0.00679366
0.00694598
0.00703132
0.00743039
0.00607337
0.00641308
0.00724074
0.00740329
0.00710478
0.00697582
0.00710308
0.00656918
0.00707921
0.00419353
0.0063054
0.00386038
0.00401047
0.00420656
0.00331753
0.00668948
0.00389864
0.00499234
0.00403874
0.00686503
0.00477211
0.00529674
0.00548252
0.0040685
0.00740685
0.00477202
0.00628585
0.00685643
0.0054087
0.00714164
0.00456882
0.00747006
0.00658686
0.00519231
0.00739909
0.0035126
0.00120177
0.000482175
0.00627923
0.00490023
0.00624091
0.00067203
0.00713787
0.00406634
0.00551988
0.00679731
0.00583884
0.00692885
0.00661476
0.00732039
0.00729666
0.00471451
0.00677626
0.005474
0.00702109
0.00350441
0.00335147
0.0050842
0.00406363
0.00698102
0.00355175
0.00583344
0.00495483
0.00626882
0.00626055
0.00683822
0.00724826
0.00715053
0.00691291
0.00175051
0.00305322
0.00724624
0.00243316
0.000826223
0.00664628
0.00618361
0.00561254
0.00261688
0.00311313
0.00340996
0.00285911
0.00131578
0.00229539
0.0016412
0.00173428
0.00459216
0.0068806
0.00735179
0.00659272
0.006447
0.00656827
0.00682283
0.00697185
0.00392332
0.00673946
0.00300224
0.00319131
0.00342426
0.00393571
0.00521615
0.00338118
0.0050221
0.0036783
0.00720246
0.00728764
0.00395848
0.00604325
0.00589746
0.00592406
0.00358195
0.00712047
0.00686915
0.00709944
0.00708554
0.00656461
0.00657806
0.00661183
0.00668024
0.00730268
0.00413383
0.00479968
0.00466647
0.00669937
0.0033859
0.00289572
0.00712621
0.00738309
0.0073521
0.00496344
0.0043886
0.00512291
0.00715729
0.00735915
0.00653398
0.0069975
0.00730437
0.00742887
0.00736398
0.00574813
0.00689238
0.00717704
0.00457294
0.00499612
0.00385415
0.00616583
0.00651379
0.00345952
0.00446956
0.00671273
0.00411181
0.00702748
0.00710563
0.00701089
0.00710998
0.00683699
0.0066504
0.00601385
0.00285964
0.00717486
0.00465641
0.00429982
0.00431868
0.00127041
0.00406043
)
;

boundaryField
{
    outlet
    {
        type            calculated;
        value           nonuniform List<scalar> 0();
    }
    walls
    {
        type            nutkWallFunction;
        blending        stepwise;
        value           nonuniform List<scalar> 
630
(
0.000296599
0.00036448
0.000328178
0.000240889
0.000388984
0.000361365
0.000436482
0.000432404
0.000489151
0.000485171
0.000435703
0.000431857
0.000470183
0.000439032
0.000345557
0.000472859
0.000352963
0.000349411
0.00037284
0.000337086
0.000299892
0.000449223
0.000335351
0.000380633
0.000393779
0.000300783
0.000369196
0.000331828
0.000375329
0.000391135
0.000359411
0.000452962
0.000445651
0.00038559
0.000345769
0.000370634
0.000324941
0.000372068
0.000347792
0.000360537
0.000366018
0.000433415
0.000350102
0.000479724
0.000377839
0.000427544
0.000483643
0.000435882
0.000431792
0.000466066
0.00058974
0.000341887
0.000593881
0.000336709
0.000331832
0.000373416
0.000449235
0.00045383
0.000556795
0.000436828
0.000381574
0.000315388
0.000386575
0.000375795
0.000342478
0.000466142
0.00055749
0.000471152
0.000475048
0.000487888
0.000312688
0.000374232
0.000507317
0.000393438
0.000502885
0.00042099
0.000482383
0.000472422
0.000498211
0.000397324
0.000375572
0.000389517
0.00046283
0.00046522
0.000359051
0.000435771
0.000353625
0.000348858
0.000303765
0.000357979
0.000270292
0.000266379
0.000356581
0.000352736
0.000270992
0.000375423
0.000244006
0.000240148
0.000313285
0.000524905
0.000407985
0.000365279
0.000309789
0.00052173
0.000469058
0.0003624
0.000459605
0.0004612
0.000411308
0.0005013
0.000301508
0.000516347
0.000467136
0.00036083
0.00044813
0.000453828
0.000349459
0.000507561
0.000358858
0.000354296
0.000264255
0.000675626
0.000354611
0.000349555
0.000378596
0.000374815
0.00046558
0.0004624
0.000433932
0.000317838
0.000521543
0.000460004
0.000463683
0.000410589
0.000372224
0.000368418
0.00040625
0.000375798
0.000414439
0.000316339
0.000571406
0.000520942
0.0004686
0.000502817
0.000415474
0.000410367
0.000426426
0.000421672
0.000350867
0.000430611
0.000527251
0.000522287
0.000460511
0.000456563
0.000407979
0.000274727
0.000538304
0.000566754
0.000322208
0.000491993
0.00057545
0.000368641
0.000508205
0.00051281
0.000517295
0.000464081
0.000640912
0.000497734
0.000275861
0.000511569
0.000387472
0.000686565
0.000437979
0.000517727
0.000421877
0.000300543
0.000421891
0.000418468
0.00042821
0.000423926
0.000435565
0.000432134
0.000526653
0.000512194
0.000459752
0.000455592
0.000508671
0.000513602
0.000538401
0.000543818
0.000305968
0.000392091
0.000396149
0.000517484
0.000323282
0.000392337
0.000404342
0.000390257
0.000331251
0.000380974
0.000386697
0.000426021
0.000545201
0.000343327
0.000347131
0.000448996
0.000445606
0.000526523
0.000451967
0.000534173
0.000530864
0.00051455
0.000510712
0.000441596
0.000438237
0.00062392
0.000421681
0.000539459
0.000543205
0.000442448
0.000445546
0.000335726
0.000429675
0.000548576
0.000559551
0.000511446
0.000530399
0.00050819
0.000511614
0.000340212
0.000396111
0.000447866
0.000518326
0.00045552
0.000452028
0.000531015
0.00052747
0.000423609
0.000417993
0.000436075
0.000428744
0.000388995
0.000392356
0.000529037
0.000556372
0.000521569
0.000525593
0.000345254
0.000514505
0.000535661
0.000562231
0.00041741
0.000422139
0.000522162
0.000395346
0.000449883
0.000445333
0.000451886
0.000447983
0.0004318
0.000428378
0.000422774
0.000435008
0.000431596
0.000427419
0.000473824
0.000320726
0.000413575
0.000418252
0.00053327
0.000518172
0.00053247
0.000530372
0.00052542
0.000356835
0.000400389
0.000562014
0.000551334
0.000317656
0.000408789
0.000530823
0.000559343
0.000440657
0.000386703
0.000466612
0.000478445
0.000445509
0.00047227
0.000451531
0.000449083
0.000455352
0.000451872
0.000569785
0.00045872
0.000416877
0.000406819
0.000411918
0.000308805
0.000502521
0.000508108
0.000494259
0.000533904
0.000526798
0.000325052
0.000378282
0.000521818
0.000491317
0.000525857
0.000498808
0.000543065
0.000487401
0.000474391
0.000470585
0.000449715
0.000446039
0.000455598
0.000451498
0.000461633
0.000458854
0.000352482
0.000510012
0.000513327
0.000547571
0.000493573
0.000501804
0.000504886
0.0004829
0.000389184
0.000384586
0.000561381
0.000555742
0.000567471
0.000611734
0.000378675
0.000384136
0.000660712
0.000477116
0.000578675
0.000583498
0.000472511
0.000500766
0.000480614
0.000587114
0.0005135
0.000506295
0.000511666
0.000485993
0.000484688
0.000317483
0.000296485
0.000321848
0.000476147
0.000299874
0.000468139
0.000479946
0.000391488
0.000472524
0.000397653
0.000394713
0.000263062
0.000432715
0.000393855
0.000388671
0.000333647
0.000398915
0.000341066
0.000337594
0.000306557
0.000498638
0.000300667
0.000442074
0.000510688
0.00043832
0.000505222
0.000445879
0.000303794
0.000419083
0.000326388
0.000322554
0.00047131
0.00038005
0.000468214
0.000462495
0.000451881
0.000447022
0.000431423
0.000455678
0.000384731
0.000465926
0.00039593
0.000390264
0.000336012
0.000331827
0.00043819
0.000488907
0.000430038
0.000294929
0.000432957
0.000446844
0.000475822
0.000442788
0.000393426
0.000376081
0.000410074
0.000655818
0.00046635
0.00049876
0.000492672
0.000448753
0.000503991
0.000465982
0.000316416
0.000550784
0.00043387
0.000537708
0.000555929
0.000543045
0.000433431
0.000483312
0.000486495
0.000565529
0.000479759
0.000531897
0.000535381
0.00056229
0.000480061
0.000408341
0.000438339
0.000468003
0.000363223
0.000376897
0.000371612
0.000444132
0.000385175
0.000320283
0.000450057
0.000439748
0.000324364
0.00050512
0.000500968
0.000525169
0.00050886
0.000478265
0.000433014
0.000436958
0.000608609
0.000428639
0.000484524
0.000371692
0.000351697
0.000347886
0.000384029
0.000512361
0.000446541
0.000388988
0.000478937
0.000474476
0.000527893
0.000523184
0.000491711
0.00039141
0.000430308
0.000438992
0.00044953
0.000277265
0.000386468
0.000391716
0.000435194
0.000366166
0.000380664
0.000512168
0.00042442
0.000420198
0.000473419
0.0006422
0.000518922
0.000509405
0.000384962
0.000477681
0.000692088
0.000348339
0.00043189
0.00043515
0.000380768
0.000488502
0.000392383
0.000427641
0.000352213
0.000469563
0.000381641
0.000386918
0.000386026
0.000359606
0.000367941
0.00036425
0.000511515
0.000378118
0.000388011
0.000600077
0.000392673
0.000312473
0.000378096
0.000496103
0.000401689
0.000405644
0.000429981
0.000434931
0.000548026
0.000397145
0.000531765
0.000422854
0.000575942
0.000424584
0.000417964
0.000466176
0.00030807
0.00042456
0.000551645
0.0003793
0.00047003
0.000544483
0.000363711
0.000475078
0.00037383
0.000543711
0.000597668
0.000472838
0.000487689
0.000481432
0.000493293
0.000403958
0.000408682
0.000434882
0.000420208
0.000357713
0.000395973
0.000400142
0.000399141
0.000441411
0.000549999
0.000548779
0.00042599
0.00043051
0.000394989
0.000381218
0.000352983
0.000589179
0.000445751
0.000507066
0.000444756
0.000488872
0.000601631
0.000346062
0.000410118
0.00042992
0.000503991
0.000396144
0.000525323
0.000421879
0.00044837
0.00050317
0.000498179
0.000426478
0.000430042
0.000426537
0.000382264
0.00044804
0.000371195
0.000498788
0.000387571
0.000434186
0.000430472
0.00043358
0.000391347
0.00041059
0.000416269
0.000369997
0.000308106
0.000313826
0.000311019
0.000421683
0.000416988
0.000392749
0.000425956
0.000401785
0.000397398
0.000197513
0.000445174
0.000211037
0.000360038
0.000274519
0.000208864
0.000440317
0.000364064
0.000201794
0.000410124
0.000362644
0.00021277
0.00054626
0.000540915
0.000417648
0.000551128
0.000426708
0.000422673
0.000389131
0.000641002
0.000394507
0.00047778
0.000409045
0.000366105
0.000447573
0.000451896
0.000487332
0.000490728
0.000359692
0.000472363
0.000537285
0.00049784
0.000482918
0.000492133
0.00047836
0.000638489
0.000648499
0.000481232
0.000538246
0.000485247
0.00048853
0.000472458
0.000483677
0.000644164
)
;
    }
    inlet
    {
        type            calculated;
        value           nonuniform List<scalar> 0();
    }
    model
    {
        type            nutkWallFunction;
        blending        stepwise;
        value           nonuniform List<scalar> 
129
(
0.000194855
0.00023885
0.000206161
0.000189981
0.00017294
0.000201817
0.000208791
0.000172233
0.000205895
8.21578e-05
8.93231e-05
3.65508e-05
8.42832e-05
7.95873e-05
6.85342e-05
8.46677e-05
7.35154e-05
4.23241e-05
9.31558e-05
9.21819e-05
8.60565e-05
0.000100811
3.99534e-05
9.06777e-05
8.37688e-05
9.82051e-05
7.98983e-05
8.12795e-05
7.69961e-05
9.50715e-05
0.000108207
0.000115027
0.000110754
9.06705e-05
0.000102373
0.000107828
0.000106596
0.000109894
8.2622e-05
7.71413e-05
0.000103483
0.000110843
8.02113e-05
8.82049e-05
0.000135062
5.72617e-05
6.16881e-05
6.72452e-05
6.91604e-05
6.76285e-05
6.10084e-05
7.40745e-05
4.555e-05
6.55811e-05
4.99946e-05
4.97613e-05
8.03807e-05
8.02855e-05
8.79124e-05
8.70266e-05
7.48657e-05
7.50746e-05
0.000104254
7.93557e-05
7.56923e-05
0.000109556
8.30295e-05
0.000220861
0.000193893
0.000191506
0.000210266
0.000262102
0.000163587
0.000188859
0.000157018
0.000212427
0.000216617
0.000205736
0.000199173
0.00024996
7.47948e-05
7.49386e-05
8.06568e-05
8.03111e-05
9.16761e-05
7.13282e-05
7.40356e-05
0.000125637
0.000131706
8.73989e-05
9.45911e-05
9.22101e-05
9.62523e-05
8.14917e-05
9.588e-05
8.43854e-05
8.57031e-05
0.000116766
0.000121539
9.38546e-05
0.000124325
0.000116452
0.000144384
0.000137839
0.000112001
0.000203614
0.000184086
0.000132805
0.00018546
0.00013701
0.000109837
0.000115198
0.000136938
0.000180635
0.000182132
0.000136315
0.000192035
0.000198172
0.000143646
0.000193481
0.000210603
0.000208455
0.000160653
0.000222162
0.000151645
0.000192766
0.000206964
0.000200169
0.00020523
)
;
    }
    procBoundary1to0
    {
        type            processor;
        value           nonuniform List<scalar> 
151
(
0.00740145
0.00652529
0.00652091
0.00740477
0.00743013
0.00327361
0.00352574
0.00478172
0.00509755
0.00703417
0.00439511
0.00668469
0.0051966
0.007309
0.00443843
0.00397697
0.00736168
0.00508375
0.00710448
0.00718932
0.0033006
0.00394678
0.0062888
0.00411205
0.00687393
0.00600245
0.00639053
0.00703417
0.00471597
0.00726004
0.0040394
0.00755953
0.00639053
0.00663078
0.00674014
0.00335566
0.00382686
0.0041475
0.00424334
0.00602577
0.00454879
0.00620619
0.00634928
0.00717578
0.00735899
0.00358725
0.00389659
0.0069471
0.00527415
0.00727166
0.00720562
0.00738454
0.00738454
0.00744846
0.0042975
0.00736487
0.00752128
0.00751308
0.00527967
0.00622032
0.00750737
0.00747309
0.0037914
0.0070694
0.0073331
0.0073965
0.00638924
0.00515819
0.00530639
0.00743184
0.00657343
0.00622032
0.00730509
0.00741478
0.00748285
0.00572633
0.00389453
0.00505131
0.00313415
0.00336555
0.00577561
0.00374128
0.00714073
0.00724777
0.00629774
0.00382208
0.00684568
0.00416471
0.00341453
0.00481413
0.00388084
0.00453238
0.00596813
0.00410025
0.00702261
0.00466164
0.00749873
0.00749561
0.00524228
0.00724106
0.00429922
0.0072452
0.00544471
0.00544471
0.00577414
0.00537745
0.00748757
0.00750172
0.00749477
0.00619595
0.00444264
0.00667314
0.00751923
0.00727323
0.00454451
0.00454992
0.00754956
0.00719792
0.00556258
0.00316508
0.00737007
0.00537909
0.00398799
0.00715743
0.0074859
0.00362366
0.00742417
0.00672631
0.00376041
0.00743871
0.00691506
0.00743523
0.00561682
0.00741389
0.00711114
0.0034373
0.00606234
0.00739506
0.00733767
0.00745695
0.0071319
0.0043639
0.00739568
0.0074754
0.00702229
0.0048712
0.00395177
0.00402705
0.00743443
0.00727602
0.00515849
)
;
    }
    procBoundary1to2
    {
        type            processor;
        value           nonuniform List<scalar> 
103
(
0.0056848
0.00440771
0.00193846
0.00293229
0.00122845
0.00663824
0.00649275
0.00570002
0.0039245
0.00468732
0.00267544
0.00398593
0.00531831
0.00564259
0.00677831
0.00541167
0.00654532
0.00383295
0.00657602
0.00645047
0.00627551
0.00579998
0.00208261
0.00494388
0.00437814
0.00699379
0.00665536
0.00166062
0.00298431
0.003368
0.005858
0.00648749
0.00402933
0.00313768
0.00708082
0.00675109
0.00298268
0.00565079
0.00229086
0.0037423
0.00217596
0.00597332
0.00658159
0.00235864
0.0049597
0.00471937
0.00578905
0.00710142
0.00332177
0.00505596
0.00695107
0.00273364
0.00582035
0.00529154
0.00457443
0.00590996
0.00307414
0.00525709
0.00287574
0.0049356
0.000534867
0.0034377
0.00680005
0.0017607
0.00175296
0.00477451
0.0055488
0.00552976
0.00384756
0.00472248
0.00208863
0.00525709
0.00409514
0.00342159
0.00236495
0.00533496
0.0048844
0.00645047
0.00664842
0.00455228
0.00185514
0.00559748
0.00568576
0.0026213
0.00280369
0.00550202
0.00415589
0.00502711
0.00419662
0.00549154
0.00361662
0.00570942
0.00649664
0.00670845
0.0051542
0.00378431
0.00282123
0.00416444
0.00564874
0.00350356
0.00350356
0.00361163
0.00699082
)
;
    }
    procBoundary1to3
    {
        type            processor;
        value           nonuniform List<scalar> 
15
(
0.00300602
0.00192934
0.00227901
0.00226802
0.00223127
0.00200116
0.000369807
0.000669493
0.000669493
0.00196767
0.00406214
0.00198821
0.0020485
0.00206007
0.00399541
)
;
    }
    procBoundary1to4
    {
        type            processor;
        value           nonuniform List<scalar> 
43
(
0.00704486
0.00335026
0.00268169
0.00706117
0.00317648
0.00305742
0.00700585
0.00701251
0.0071055
0.00567719
0.00477063
0.00559089
0.00372516
0.00673922
0.00664246
0.00294095
0.00403025
0.00339973
0.00588447
0.00700306
0.00441078
0.00499043
0.00452346
0.00431878
0.00372516
0.00485783
0.00259971
0.00713365
0.0051615
0.00662379
0.00336076
0.00671377
0.00696117
0.00712819
0.00403436
0.00706986
0.00642108
0.00700125
0.00635752
0.00686444
0.00476353
0.00683493
0.00491154
)
;
    }
    procBoundary1to5
    {
        type            processor;
        value           nonuniform List<scalar> 
57
(
0.00204109
0.00426304
0.000376863
0.0032842
0.00175489
0.00101088
0.000553078
0.00240275
0.00247863
0.00229769
0.00387973
0.00238272
0.00577064
0.00577821
0.00231026
0.00640138
0.00121506
0.00065186
0.00287352
0.00368866
0.00326391
0.00236799
0.00253256
0.00146202
0.00207992
0.000708583
0.000708583
0.00283588
0.0024403
0.00225933
0.00337331
0.00629329
0.00294828
0.00469152
0.00410337
0.00122195
0.00499206
0.00120225
0.000862954
0.00134101
0.00294082
0.00454746
0.00662404
0.00295669
0.00327596
0.00633969
0.00691584
0.0027838
0.0061127
0.00301462
0.00607789
0.00427746
0.00531716
0.000829749
0.00346357
0.00445921
0.00398072
)
;
    }
    procBoundary1to7
    {
        type            processor;
        value           nonuniform List<scalar> 6(0.0024089 0.001907 0.00304535 0.00483094 0.00201418 0.00186515);
    }
    procBoundary1to8
    {
        type            processor;
        value           nonuniform List<scalar> 
109
(
0.00696343
0.00345326
0.00168759
0.00555936
0.00365109
0.0033988
0.00241332
0.00368513
0.00335631
0.000591648
0.00362326
0.00407716
0.00668559
0.00243432
0.00431779
0.00653103
0.00631929
0.000296649
0.000752658
0.000877258
0.000385266
0.00354024
0.0045363
0.0039221
0.00550362
0.00236258
0.00175601
0.0055738
0.00364996
0.00258999
0.00276461
0.00285155
0.00345326
0.00407133
0.003447
0.00599318
0.00392802
0.00353213
0.00424115
0.0058791
0.00580621
0.00424822
0.00650293
0.00214557
0.00232483
0.00213004
0.00410309
0.00361531
0.00212509
0.00214174
0.00241332
0.00218591
0.0036038
0.00243061
0.00636294
0.00423769
0.00168082
0.007034
0.0064426
0.00227816
0.00563932
0.0016747
0.00558525
0.00421139
0.00446797
0.00126435
0.00709296
0.000962201
0.00206445
0.00389723
0.00520659
0.0008728
0.00248553
0.00335662
0.00554674
0.00172512
0.00253518
0.00484154
0.00494039
0.004369
0.0007783
0.00488092
0.00441891
0.00191483
0.000555848
0.00264682
0.00419146
0.00529479
0.00554674
0.00172512
0.00441891
0.00257498
0.00613206
0.0041084
0.00139022
0.000635896
0.00453182
0.00512711
0.00232483
0.00458407
0.0042484
0.00311913
0.00271865
0.00272792
0.00186247
0.00441286
0.00336728
0.00521791
0.00304415
)
;
    }
    procBoundary1to10
    {
        type            processor;
        value           nonuniform List<scalar> 
67
(
0.00429411
0.00329479
0.00192749
0.00445833
0.00721636
0.00710821
0.00719748
0.00257369
0.00388336
0.00292222
0.00703198
0.00642331
0.00695876
0.00687901
0.00711305
0.00433092
0.00431525
0.00564633
0.00708645
0.00721755
0.00327568
0.0050739
0.00451016
0.00553613
0.00719655
0.00373405
0.00373405
0.00658565
0.00576178
0.00722062
0.0044214
0.00382332
0.0058871
0.00501105
0.00356723
0.00484778
0.00731896
0.00524789
0.00617368
0.00669804
0.00624222
0.00660363
0.00718029
0.00539724
0.00477876
0.00679808
0.00696507
0.00497319
0.00688737
0.00470545
0.00660363
0.00729565
0.00730888
0.00733636
0.00723491
0.00549166
0.00508874
0.00508874
0.0038208
0.00472871
0.0043855
0.00711528
0.00470129
0.00650518
0.00671912
0.00421995
0.00398525
)
;
    }
}


// ************************************************************************* //
